# Cu  xmin =   1.0000E-03 norm= 1
 # norm=1: /r.l, 2: mb/ingredient, 3: /(g/cm2), 4:/cm, 5: area norm 
#  Ee- masele, tprob*NC, tprob, NC 
   0.1000        8.384       6.8782E+04   1.2189E-04
   0.1259        8.407       6.8973E+04   1.2189E-04
   0.1585        8.427       6.9137E+04   1.2189E-04
   0.1995        8.444       6.9278E+04   1.2189E-04
   0.2512        8.459       6.9399E+04   1.2189E-04
   0.3162        8.471       6.9501E+04   1.2189E-04
   0.3981        8.482       6.9588E+04   1.2189E-04
   0.5012        8.491       6.9662E+04   1.2189E-04
   0.6310        8.498       6.9723E+04   1.2189E-04
   0.7943        8.505       6.9775E+04   1.2189E-04
    1.000        8.510       6.9818E+04   1.2189E-04
    1.259        8.514       6.9854E+04   1.2189E-04
    1.585        8.518       6.9884E+04   1.2189E-04
    1.995        8.521       6.9908E+04   1.2189E-04
    2.512        8.523       6.9928E+04   1.2189E-04
    3.162        8.525       6.9945E+04   1.2189E-04
    3.981        8.527       6.9958E+04   1.2189E-04
    5.012        8.528       6.9969E+04   1.2189E-04
    6.310        8.529       6.9978E+04   1.2189E-04
    7.943        8.530       6.9985E+04   1.2189E-04
    10.00        8.531       6.9990E+04   1.2189E-04
    12.59        8.531       6.9995E+04   1.2189E-04
    15.85        8.532       6.9999E+04   1.2189E-04
    19.95        8.532       7.0002E+04   1.2189E-04
    25.12        8.533       7.0004E+04   1.2189E-04
    31.62        8.533       7.0006E+04   1.2189E-04
    39.81        8.533       7.0008E+04   1.2189E-04
    50.12        8.533       7.0009E+04   1.2189E-04
    63.10        8.533       7.0010E+04   1.2189E-04
    79.43        8.533       7.0011E+04   1.2189E-04
