# H2  xmin =   1.0000E-03 norm= 1
 # norm=1: /r.l, 2: mb/ingredient, 3: /(g/cm2), 4:/cm, 5: area norm 
#  Ee- masele, tprob*NC, tprob, NC 
   0.1000        8.197        217.6       3.7663E-02
   0.1259        8.237        218.7       3.7663E-02
   0.1585        8.272        219.6       3.7663E-02
   0.1995        8.303        220.5       3.7663E-02
   0.2512        8.330        221.2       3.7663E-02
   0.3162        8.354        221.8       3.7663E-02
   0.3981        8.374        222.4       3.7663E-02
   0.5012        8.392        222.8       3.7663E-02
   0.6310        8.407        223.2       3.7663E-02
   0.7943        8.420        223.6       3.7663E-02
    1.000        8.431        223.9       3.7663E-02
    1.259        8.441        224.1       3.7663E-02
    1.585        8.448        224.3       3.7663E-02
    1.995        8.455        224.5       3.7663E-02
    2.512        8.461        224.6       3.7663E-02
    3.162        8.465        224.8       3.7663E-02
    3.981        8.469        224.9       3.7663E-02
    5.012        8.473        225.0       3.7663E-02
    6.310        8.475        225.0       3.7663E-02
    7.943        8.477        225.1       3.7663E-02
    10.00        8.479        225.1       3.7663E-02
    12.59        8.481        225.2       3.7663E-02
    15.85        8.482        225.2       3.7663E-02
    19.95        8.483        225.2       3.7663E-02
    25.12        8.484        225.3       3.7663E-02
    31.62        8.484        225.3       3.7663E-02
    39.81        8.485        225.3       3.7663E-02
    50.12        8.485        225.3       3.7663E-02
    63.10        8.485        225.3       3.7663E-02
    79.43        8.486        225.3       3.7663E-02
