# PWO  xmin =   1.0000E-03 norm= 1
 # norm=1: /r.l, 2: mb/ingredient, 3: /(g/cm2), 4:/cm, 5: area norm 
#  Ee- masele, tprob*NC, tprob, NC 
   0.1000        8.424       1.4359E+05   5.8671E-05
   0.1259        8.446       1.4396E+05   5.8671E-05
   0.1585        8.465       1.4427E+05   5.8671E-05
   0.1995        8.481       1.4454E+05   5.8671E-05
   0.2512        8.494       1.4477E+05   5.8671E-05
   0.3162        8.505       1.4497E+05   5.8671E-05
   0.3981        8.515       1.4513E+05   5.8671E-05
   0.5012        8.523       1.4527E+05   5.8671E-05
   0.6310        8.530       1.4538E+05   5.8671E-05
   0.7943        8.535       1.4548E+05   5.8671E-05
    1.000        8.540       1.4556E+05   5.8671E-05
    1.259        8.544       1.4562E+05   5.8671E-05
    1.585        8.547       1.4568E+05   5.8671E-05
    1.995        8.550       1.4572E+05   5.8671E-05
    2.512        8.552       1.4576E+05   5.8671E-05
    3.162        8.553       1.4579E+05   5.8671E-05
    3.981        8.555       1.4581E+05   5.8671E-05
    5.012        8.556       1.4583E+05   5.8671E-05
    6.310        8.557       1.4584E+05   5.8671E-05
    7.943        8.558       1.4586E+05   5.8671E-05
    10.00        8.558       1.4587E+05   5.8671E-05
    12.59        8.559       1.4588E+05   5.8671E-05
    15.85        8.559       1.4588E+05   5.8671E-05
    19.95        8.559       1.4589E+05   5.8671E-05
    25.12        8.560       1.4589E+05   5.8671E-05
    31.62        8.560       1.4589E+05   5.8671E-05
    39.81        8.560       1.4590E+05   5.8671E-05
    50.12        8.560       1.4590E+05   5.8671E-05
    63.10        8.560       1.4590E+05   5.8671E-05
    79.43        8.560       1.4590E+05   5.8671E-05
