# SCIN  xmin =   3.0000E-02 norm= 1
 # norm=1: /r.l, 2: mb/ingredient, 3: /(g/cm2), 4:/cm, 5: area norm 
#  Ee- masele, tprob*NC, tprob, NC 
   0.1000        3.713        873.6       4.2506E-03
   0.1259        3.744        880.8       4.2506E-03
   0.1585        3.771        887.2       4.2506E-03
   0.1995        3.795        892.7       4.2506E-03
   0.2512        3.815        897.6       4.2506E-03
   0.3162        3.833        901.8       4.2506E-03
   0.3981        3.849        905.5       4.2506E-03
   0.5012        3.862        908.7       4.2506E-03
   0.6310        3.874        911.4       4.2506E-03
   0.7943        3.884        913.7       4.2506E-03
    1.000        3.892        915.6       4.2506E-03
    1.259        3.899        917.3       4.2506E-03
    1.585        3.905        918.7       4.2506E-03
    1.995        3.910        919.9       4.2506E-03
    2.512        3.914        920.9       4.2506E-03
    3.162        3.918        921.7       4.2506E-03
    3.981        3.921        922.4       4.2506E-03
    5.012        3.923        923.0       4.2506E-03
    6.310        3.925        923.5       4.2506E-03
    7.943        3.927        923.9       4.2506E-03
    10.00        3.928        924.2       4.2506E-03
    12.59        3.929        924.5       4.2506E-03
    15.85        3.930        924.7       4.2506E-03
    19.95        3.931        924.8       4.2506E-03
    25.12        3.932        925.0       4.2506E-03
    31.62        3.932        925.1       4.2506E-03
    39.81        3.933        925.2       4.2506E-03
    50.12        3.933        925.3       4.2506E-03
    63.10        3.933        925.3       4.2506E-03
    79.43        3.933        925.4       4.2506E-03
