# SCIN  xmin =   1.0000E-03 norm= 1
 # norm=1: /r.l, 2: mb/ingredient, 3: /(g/cm2), 4:/cm, 5: area norm 
#  Ee- masele, tprob*NC, tprob, NC 
   0.1000        8.280        1948.       4.2506E-03
   0.1259        8.312        1956.       4.2506E-03
   0.1585        8.340        1962.       4.2506E-03
   0.1995        8.365        1968.       4.2506E-03
   0.2512        8.386        1973.       4.2506E-03
   0.3162        8.405        1977.       4.2506E-03
   0.3981        8.421        1981.       4.2506E-03
   0.5012        8.435        1984.       4.2506E-03
   0.6310        8.446        1987.       4.2506E-03
   0.7943        8.456        1989.       4.2506E-03
    1.000        8.465        1991.       4.2506E-03
    1.259        8.472        1993.       4.2506E-03
    1.585        8.478        1995.       4.2506E-03
    1.995        8.483        1996.       4.2506E-03
    2.512        8.488        1997.       4.2506E-03
    3.162        8.491        1998.       4.2506E-03
    3.981        8.494        1998.       4.2506E-03
    5.012        8.497        1999.       4.2506E-03
    6.310        8.499        1999.       4.2506E-03
    7.943        8.500        2000.       4.2506E-03
    10.00        8.502        2000.       4.2506E-03
    12.59        8.503        2000.       4.2506E-03
    15.85        8.504        2001.       4.2506E-03
    19.95        8.505        2001.       4.2506E-03
    25.12        8.505        2001.       4.2506E-03
    31.62        8.506        2001.       4.2506E-03
    39.81        8.506        2001.       4.2506E-03
    50.12        8.507        2001.       4.2506E-03
    63.10        8.507        2001.       4.2506E-03
    79.43        8.507        2001.       4.2506E-03
