# W  xmin =   3.0000E-02 norm= 1
 # norm=1: /r.l, 2: mb/ingredient, 3: /(g/cm2), 4:/cm, 5: area norm 
#  Ee- masele, tprob*NC, tprob, NC 
   0.1000        3.824       1.7264E+05   2.2152E-05
   0.1259        3.845       1.7359E+05   2.2152E-05
   0.1585        3.863       1.7440E+05   2.2152E-05
   0.1995        3.879       1.7510E+05   2.2152E-05
   0.2512        3.892       1.7569E+05   2.2152E-05
   0.3162        3.903       1.7619E+05   2.2152E-05
   0.3981        3.912       1.7661E+05   2.2152E-05
   0.5012        3.920       1.7696E+05   2.2152E-05
   0.6310        3.927       1.7726E+05   2.2152E-05
   0.7943        3.932       1.7750E+05   2.2152E-05
    1.000        3.937       1.7771E+05   2.2152E-05
    1.259        3.940       1.7787E+05   2.2152E-05
    1.585        3.943       1.7801E+05   2.2152E-05
    1.995        3.946       1.7813E+05   2.2152E-05
    2.512        3.948       1.7822E+05   2.2152E-05
    3.162        3.950       1.7829E+05   2.2152E-05
    3.981        3.951       1.7835E+05   2.2152E-05
    5.012        3.952       1.7840E+05   2.2152E-05
    6.310        3.953       1.7844E+05   2.2152E-05
    7.943        3.954       1.7847E+05   2.2152E-05
    10.00        3.954       1.7850E+05   2.2152E-05
    12.59        3.955       1.7852E+05   2.2152E-05
    15.85        3.955       1.7854E+05   2.2152E-05
    19.95        3.955       1.7855E+05   2.2152E-05
    25.12        3.956       1.7856E+05   2.2152E-05
    31.62        3.956       1.7857E+05   2.2152E-05
    39.81        3.956       1.7858E+05   2.2152E-05
    50.12        3.956       1.7858E+05   2.2152E-05
    63.10        3.956       1.7859E+05   2.2152E-05
    79.43        3.956       1.7859E+05   2.2152E-05
