# W  xmin =   1.0000E-03 norm= 1
 # norm=1: /r.l, 2: mb/ingredient, 3: /(g/cm2), 4:/cm, 5: area norm 
#  Ee- masele, tprob*NC, tprob, NC 
   0.1000        8.425       3.8033E+05   2.2152E-05
   0.1259        8.447       3.8130E+05   2.2152E-05
   0.1585        8.465       3.8213E+05   2.2152E-05
   0.1995        8.481       3.8284E+05   2.2152E-05
   0.2512        8.494       3.8344E+05   2.2152E-05
   0.3162        8.505       3.8394E+05   2.2152E-05
   0.3981        8.515       3.8437E+05   2.2152E-05
   0.5012        8.523       3.8473E+05   2.2152E-05
   0.6310        8.529       3.8503E+05   2.2152E-05
   0.7943        8.535       3.8528E+05   2.2152E-05
    1.000        8.539       3.8549E+05   2.2152E-05
    1.259        8.543       3.8566E+05   2.2152E-05
    1.585        8.546       3.8579E+05   2.2152E-05
    1.995        8.549       3.8591E+05   2.2152E-05
    2.512        8.551       3.8600E+05   2.2152E-05
    3.162        8.553       3.8608E+05   2.2152E-05
    3.981        8.554       3.8614E+05   2.2152E-05
    5.012        8.555       3.8619E+05   2.2152E-05
    6.310        8.556       3.8623E+05   2.2152E-05
    7.943        8.557       3.8626E+05   2.2152E-05
    10.00        8.557       3.8629E+05   2.2152E-05
    12.59        8.558       3.8631E+05   2.2152E-05
    15.85        8.558       3.8633E+05   2.2152E-05
    19.95        8.558       3.8634E+05   2.2152E-05
    25.12        8.559       3.8635E+05   2.2152E-05
    31.62        8.559       3.8636E+05   2.2152E-05
    39.81        8.559       3.8636E+05   2.2152E-05
    50.12        8.559       3.8637E+05   2.2152E-05
    63.10        8.559       3.8637E+05   2.2152E-05
    79.43        8.559       3.8638E+05   2.2152E-05
