 #  Total cross section table (last run of 'elscata').
 #
 #  Z =  11,   projectile: positron
 #
 #   Energy         ECS         TCS1         TCS2         ABSCS      error
 #    (eV)        (cm**2)      (cm**2)      (cm**2)      (cm**2)
 #--------------------------------------------------------------------------
   1.00000E+02  3.55163E-16  2.21449E-17  3.78459E-17  8.67898E-16  8.5E-06
   1.25000E+02  2.36481E-16  1.99806E-17  3.44761E-17  7.17527E-16  1.1E-04
   1.50000E+02  1.80087E-16  1.82552E-17  3.20123E-17  6.12898E-16  1.3E-05
   1.75000E+02  1.50416E-16  1.67957E-17  2.98579E-17  5.35920E-16  1.2E-05
   2.00000E+02  1.32424E-16  1.55311E-17  2.79272E-17  4.76736E-16  4.0E-05
   2.50000E+02  1.11864E-16  1.34455E-17  2.46352E-17  3.91449E-16  5.9E-06
   3.00000E+02  1.00085E-16  1.18093E-17  2.19773E-17  3.32725E-16  1.0E-04
   3.50000E+02  9.21063E-17  1.04962E-17  1.98025E-17  2.89697E-16  2.3E-05
   4.00000E+02  8.61147E-17  9.42140E-18  1.79949E-17  2.56745E-16  4.0E-05
   4.50000E+02  8.13147E-17  8.52727E-18  1.64707E-17  2.30660E-16  3.4E-05
   5.00000E+02  7.73014E-17  7.77219E-18  1.51677E-17  2.09474E-16  1.5E-05
   6.00000E+02  7.08193E-17  6.57042E-18  1.30590E-17  1.77099E-16  1.3E-05
   7.00000E+02  6.56860E-17  5.65950E-18  1.14264E-17  1.53481E-16  3.5E-05
   8.00000E+02  6.14452E-17  4.94744E-18  1.01252E-17  1.35463E-16  2.9E-05
   9.00000E+02  5.78519E-17  4.37932E-18  9.06756E-18  1.21245E-16  9.0E-06
   1.00000E+03  5.47411E-17  3.91511E-18  8.18906E-18  1.09736E-16  2.5E-02
   1.25000E+03  4.84589E-17  3.06022E-18  6.53188E-18  8.87013E-17  2.5E-02
   1.50000E+03  4.36155E-17  2.47646E-18  5.36771E-18  7.44467E-17  2.1E-02
   1.75000E+03  3.97229E-17  2.05409E-18  4.50711E-18  6.41521E-17  2.1E-02
   2.00000E+03  3.65085E-17  1.73640E-18  3.84858E-18  5.63697E-17  2.7E-02
   2.50000E+03  3.14847E-17  1.29536E-18  2.91659E-18  4.53852E-17  2.6E-02
   3.00000E+03  2.77225E-17  1.00888E-18  2.29847E-18  3.80035E-17  3.5E-02
   3.50000E+03  2.47909E-17  8.11155E-19  1.86514E-18  3.27016E-17  1.8E-02
   4.00000E+03  2.24384E-17  6.68361E-19  1.54837E-18  2.87088E-17  6.6E-02
   4.50000E+03  2.05066E-17  5.61544E-19  1.30909E-18  2.55933E-17  5.2E-02
   5.00000E+03  1.88906E-17  4.79331E-19  1.12344E-18  2.30947E-17  7.7E-02
   6.00000E+03  1.63371E-17  3.62589E-19  8.57333E-19  1.93358E-17  9.4E-02
   7.00000E+03  1.44084E-17  2.84992E-19  6.78624E-19  1.66429E-17  9.6E-02
   8.00000E+03  1.28989E-17  2.30581E-19  5.52291E-19  1.46188E-17  8.8E-02
   9.00000E+03  1.16844E-17  1.90823E-19  4.59369E-19  1.30417E-17  5.4E-02
   1.00000E+04  1.06857E-17  1.60828E-19  3.88867E-19  1.17784E-17  8.2E-02
   1.25000E+04  8.98931E-18  1.11413E-19  2.71833E-19  9.50057E-18  3.8E-06
   1.50000E+04  7.65545E-18  8.21738E-20  2.01933E-19  7.97938E-18  1.0E-07
   1.75000E+04  6.67954E-18  6.33556E-20  1.56614E-19  6.89149E-18  1.0E-07
   2.00000E+04  5.93429E-18  5.04879E-20  1.25438E-19  6.07480E-18  1.7E-07
   2.50000E+04  4.87089E-18  3.44432E-20  8.62908E-20  4.93020E-18  9.3E-07
   3.00000E+04  4.14843E-18  2.51440E-20  6.34179E-20  4.16771E-18  1.0E-07
   3.50000E+04  3.62556E-18  1.92482E-20  4.88218E-20  3.62240E-18  1.0E-07
   4.00000E+04  3.22961E-18  1.52625E-20  3.89005E-20  3.21336E-18  1.0E-07
   4.50000E+04  2.91938E-18  1.24348E-20  3.18288E-20  2.89522E-18  2.3E-05
   5.00000E+04  2.66977E-18  1.03516E-20  2.65978E-20  2.64075E-18  1.2E-05
   6.00000E+04  2.29302E-18  7.53878E-21  1.94982E-20  2.25917E-18  1.4E-05
   7.00000E+04  2.02227E-18  5.76918E-21  1.50046E-20  1.98676E-18  3.0E-05
   8.00000E+04  1.81837E-18  4.57905E-21  1.19669E-20  1.78264E-18  1.0E-04
   9.00000E+04  1.65935E-18  3.73759E-21  9.80953E-21  1.62397E-18  2.9E-04
   1.00000E+05  1.53190E-18  3.11903E-21  8.21738E-21  1.49709E-18  6.8E-04
   1.25000E+05  1.30219E-18  2.13208E-21  5.66274E-21  1.26852E-18  3.6E-03
   1.50000E+05  1.14907E-18  1.56766E-21  4.19116E-21  1.11497E-18  1.2E-02
   1.75000E+05  1.03992E-18  1.21201E-21  3.25830E-21  1.00293E-18  3.1E-02
   2.00000E+05  9.58332E-19  9.71998E-22  2.62546E-21  9.15422E-19  6.3E-02
   2.50000E+05  8.44836E-19  6.75493E-22  1.83875E-21  8.20024E-19  5.2E-05
   3.00000E+05  7.70001E-19  5.04090E-22  1.38058E-21  7.46816E-19  5.8E-05
   3.50000E+05  7.17227E-19  3.94854E-22  1.08677E-21  6.95251E-19  1.0E-07
   4.00000E+05  6.78197E-19  3.20284E-22  8.85148E-22  6.57120E-19  3.4E-07
   4.50000E+05  6.48290E-19  2.66716E-22  7.39654E-22  6.27870E-19  1.0E-06
   5.00000E+05  6.24736E-19  2.26693E-22  6.30520E-22  6.04986E-19  1.0E-07
   6.00000E+05  5.90229E-19  1.71460E-22  4.79177E-22  5.71331E-19  1.0E-07
   7.00000E+05  5.66397E-19  1.35610E-22  3.80388E-22  5.48084E-19  1.0E-07
   8.00000E+05  5.49127E-19  1.10746E-22  3.11560E-22  5.31228E-19  1.0E-07
   9.00000E+05  5.36150E-19  9.26417E-23  2.61255E-22  5.18557E-19  1.0E-07
   1.00000E+06  5.26119E-19  7.89607E-23  2.23121E-22  5.08745E-19  1.0E-07
   1.25000E+06  5.09617E-19  5.63709E-23  1.59892E-22  0.00000E+00  2.6E-05
   1.50000E+06  4.99099E-19  4.26058E-23  1.21178E-22  0.00000E+00  2.7E-05
   1.75000E+06  4.92047E-19  3.35504E-23  9.56197E-23  0.00000E+00  2.8E-05
   2.00000E+06  4.87090E-19  2.72233E-23  7.77138E-23  0.00000E+00  2.8E-05
   2.50000E+06  4.80693E-19  1.91092E-23  5.46845E-23  0.00000E+00  2.9E-05
   3.00000E+06  4.76862E-19  1.42435E-23  4.08331E-23  0.00000E+00  3.0E-05
   3.50000E+06  4.74362E-19  1.10719E-23  3.17848E-23  0.00000E+00  3.0E-05
   4.00000E+06  4.72638E-19  8.87885E-24  2.55177E-23  0.00000E+00  3.1E-05
   4.50000E+06  4.71428E-19  7.29383E-24  2.09821E-23  0.00000E+00  3.1E-05
   5.00000E+06  4.70529E-19  6.10816E-24  1.75854E-23  0.00000E+00  3.1E-05
   6.00000E+06  4.69368E-19  4.47915E-24  1.29125E-23  0.00000E+00  3.2E-05
   7.00000E+06  4.68736E-19  3.43549E-24  9.91441E-24  0.00000E+00  3.2E-05
   8.00000E+06  4.68297E-19  2.72445E-24  7.86944E-24  0.00000E+00  3.2E-05
   9.00000E+06  4.68000E-19  2.21711E-24  6.40890E-24  0.00000E+00  3.2E-05
   1.00000E+07  4.67867E-19  1.84177E-24  5.32750E-24  0.00000E+00  3.2E-05
   1.25000E+07  4.67721E-19  1.23925E-24  3.58968E-24  0.00000E+00  3.3E-05
   1.50000E+07  4.67657E-19  8.93711E-25  2.59172E-24  0.00000E+00  3.3E-05
   1.75000E+07  4.67491E-19  6.76503E-25  1.96376E-24  0.00000E+00  3.3E-05
   2.00000E+07  4.67474E-19  5.30752E-25  1.54203E-24  0.00000E+00  3.3E-05
   2.50000E+07  4.67299E-19  3.52816E-25  1.02667E-24  0.00000E+00  3.3E-05
   3.00000E+07  4.67187E-19  2.52071E-25  7.34562E-25  0.00000E+00  3.3E-05
   3.50000E+07  4.66986E-19  1.89352E-25  5.52541E-25  0.00000E+00  3.3E-05
   4.00000E+07  4.66859E-19  1.47581E-25  4.31218E-25  0.00000E+00  3.3E-05
   4.50000E+07  4.66770E-19  1.18324E-25  3.46180E-25  0.00000E+00  3.4E-05
   5.00000E+07  4.66663E-19  9.70125E-26  2.84190E-25  0.00000E+00  3.4E-05
   6.00000E+07  4.66622E-19  6.86505E-26  2.01605E-25  0.00000E+00  3.4E-05
   7.00000E+07  4.66587E-19  5.11306E-26  1.50510E-25  0.00000E+00  3.4E-05
   8.00000E+07  4.66659E-19  3.95440E-26  1.16660E-25  0.00000E+00  3.4E-05
   9.00000E+07  4.66713E-19  3.14826E-26  9.30657E-26  0.00000E+00  3.4E-05
   1.00000E+08  4.66765E-19  2.56486E-26  7.59568E-26  0.00000E+00  3.4E-05
   1.25000E+08  4.66944E-19  1.65723E-26  4.92543E-26  0.00000E+00  3.4E-05
   1.50000E+08  4.67107E-19  1.15724E-26  3.44787E-26  0.00000E+00  3.4E-05
   1.75000E+08  4.67094E-19  8.53227E-27  2.54633E-26  0.00000E+00  3.4E-05
   2.00000E+08  4.67143E-19  6.54839E-27  1.95651E-26  0.00000E+00  3.4E-05
   2.50000E+08  4.67056E-19  4.20382E-27  1.25778E-26  0.00000E+00  3.4E-05
   3.00000E+08  4.66891E-19  2.92467E-27  8.75756E-27  0.00000E+00  4.8E-04
   3.50000E+08  4.66576E-19  2.15134E-27  6.44506E-27  0.00000E+00  6.1E-04
   4.00000E+08  4.66240E-19  1.64855E-27  4.94037E-27  0.00000E+00  7.7E-04
   4.50000E+08  4.65818E-19  1.30341E-27  3.90693E-27  0.00000E+00  1.0E+00
   5.00000E+08  4.65300E-19  1.05631E-27  3.16675E-27  0.00000E+00  1.0E+00
   6.00000E+08  4.63989E-19  7.34132E-28  2.20135E-27  0.00000E+00  1.0E+00
   7.00000E+08  4.62074E-19  5.39698E-28  1.61853E-27  0.00000E+00  1.0E+00
   8.00000E+08  4.59533E-19  4.13422E-28  1.23993E-27  0.00000E+00  1.0E+00
   9.00000E+08  4.56253E-19  3.26808E-28  9.80216E-28  0.00000E+00  1.0E+00
   1.00000E+09  4.52236E-19  2.64826E-28  7.94340E-28  0.00000E+00  1.0E+00
