 # of cpu's=         999
output directory is ../FleshHist/SkelDir/
         999 files will be created there as Skeleton001 etc
------------
       22756 ptcls are observed ones in skeleton
 # of total ptcls at flesh=     1051115
 cpu#   cpuPW    Sum E        # of ptcls
   1    1.0   0.9950543E+08     1052
   2    1.0   0.9950543E+08     1052
   3    1.0   0.9950543E+08     1052
   4    1.0   0.9950543E+08     1052
   5    1.0   0.9950543E+08     1052
   6    1.0   0.9950543E+08     1052
   7    1.0   0.9950543E+08     1052
   8    1.0   0.9950543E+08     1052
   9    1.0   0.9950543E+08     1052
  10    1.0   0.9950543E+08     1052
  11    1.0   0.9950543E+08     1052
  12    1.0   0.9950543E+08     1052
  13    1.0   0.9950543E+08     1053
  14    1.0   0.9950543E+08     1052
  15    1.0   0.9950543E+08     1053
  16    1.0   0.9950543E+08     1052
  17    1.0   0.9950543E+08     1052
  18    1.0   0.9950543E+08     1052
  19    1.0   0.9950543E+08     1052
  20    1.0   0.9950543E+08     1052
  21    1.0   0.9950543E+08     1053
  22    1.0   0.9950543E+08     1052
  23    1.0   0.9950543E+08     1052
  24    1.0   0.9950543E+08     1052
  25    1.0   0.9950543E+08     1052
  26    1.0   0.9950543E+08     1052
  27    1.0   0.9950543E+08     1052
  28    1.0   0.9950543E+08     1052
  29    1.0   0.9950543E+08     1052
  30    1.0   0.9950543E+08     1053
  31    1.0   0.9950543E+08     1052
  32    1.0   0.9950543E+08     1052
  33    1.0   0.9950543E+08     1052
  34    1.0   0.9950543E+08     1052
  35    1.0   0.9950543E+08     1052
  36    1.0   0.9950543E+08     1052
  37    1.0   0.9950543E+08     1052
  38    1.0   0.9950543E+08     1052
  39    1.0   0.9950543E+08     1052
  40    1.0   0.9950543E+08     1052
  41    1.0   0.9950543E+08     1052
  42    1.0   0.9950543E+08     1052
  43    1.0   0.9950543E+08     1052
  44    1.0   0.9950543E+08     1053
  45    1.0   0.9950543E+08     1052
  46    1.0   0.9950543E+08     1052
  47    1.0   0.9950543E+08     1052
  48    1.0   0.9950543E+08     1052
  49    1.0   0.9950543E+08     1053
  50    1.0   0.9950543E+08     1052
  51    1.0   0.9950543E+08     1052
  52    1.0   0.9950543E+08     1052
  53    1.0   0.9950543E+08     1053
  54    1.0   0.9950543E+08     1052
  55    1.0   0.9950543E+08     1052
  56    1.0   0.9950543E+08     1052
  57    1.0   0.9950543E+08     1052
  58    1.0   0.9950543E+08     1052
  59    1.0   0.9950543E+08     1052
  60    1.0   0.9950543E+08     1052
  61    1.0   0.9950543E+08     1052
  62    1.0   0.9950543E+08     1052
  63    1.0   0.9950543E+08     1052
  64    1.0   0.9950543E+08     1052
  65    1.0   0.9950543E+08     1052
  66    1.0   0.9950543E+08     1053
  67    1.0   0.9950543E+08     1052
  68    1.0   0.9950543E+08     1052
  69    1.0   0.9950543E+08     1052
  70    1.0   0.9950543E+08     1052
  71    1.0   0.9950543E+08     1053
  72    1.0   0.9950543E+08     1052
  73    1.0   0.9950543E+08     1052
  74    1.0   0.9950543E+08     1052
  75    1.0   0.9950543E+08     1052
  76    1.0   0.9950543E+08     1052
  77    1.0   0.9950543E+08     1052
  78    1.0   0.9950543E+08     1052
  79    1.0   0.9950543E+08     1053
  80    1.0   0.9950543E+08     1052
  81    1.0   0.9950543E+08     1053
  82    1.0   0.9950543E+08     1052
  83    1.0   0.9950543E+08     1052
  84    1.0   0.9950543E+08     1052
  85    1.0   0.9950543E+08     1052
  86    1.0   0.9950543E+08     1052
  87    1.0   0.9950543E+08     1052
  88    1.0   0.9950543E+08     1052
  89    1.0   0.9950543E+08     1052
  90    1.0   0.9950543E+08     1053
  91    1.0   0.9950543E+08     1052
  92    1.0   0.9950543E+08     1052
  93    1.0   0.9950543E+08     1052
  94    1.0   0.9950543E+08     1052
  95    1.0   0.9950543E+08     1052
  96    1.0   0.9950543E+08     1052
  97    1.0   0.9950543E+08     1052
  98    1.0   0.9950543E+08     1052
  99    1.0   0.9950543E+08     1052
 100    1.0   0.9950543E+08     1052
 101    1.0   0.9950543E+08     1052
 102    1.0   0.9950543E+08     1052
 103    1.0   0.9950543E+08     1052
 104    1.0   0.9950543E+08     1052
 105    1.0   0.9950543E+08     1052
 106    1.0   0.9950543E+08     1052
 107    1.0   0.9950543E+08     1052
 108    1.0   0.9950543E+08     1052
 109    1.0   0.9950543E+08     1052
 110    1.0   0.9950543E+08     1052
 111    1.0   0.9950543E+08     1052
 112    1.0   0.9950543E+08     1052
 113    1.0   0.9950543E+08     1052
 114    1.0   0.9950543E+08     1052
 115    1.0   0.9950543E+08     1052
 116    1.0   0.9950543E+08     1052
 117    1.0   0.9950543E+08     1053
 118    1.0   0.9950543E+08     1052
 119    1.0   0.9950543E+08     1052
 120    1.0   0.9950543E+08     1052
 121    1.0   0.9950543E+08     1053
 122    1.0   0.9950543E+08     1052
 123    1.0   0.9950543E+08     1052
 124    1.0   0.9950543E+08     1052
 125    1.0   0.9950543E+08     1052
 126    1.0   0.9950543E+08     1052
 127    1.0   0.9950543E+08     1052
 128    1.0   0.9950543E+08     1052
 129    1.0   0.9950543E+08     1052
 130    1.0   0.9950543E+08     1053
 131    1.0   0.9950543E+08     1052
 132    1.0   0.9950543E+08     1052
 133    1.0   0.9950543E+08     1052
 134    1.0   0.9950543E+08     1052
 135    1.0   0.9950543E+08     1052
 136    1.0   0.9950543E+08     1052
 137    1.0   0.9950543E+08     1053
 138    1.0   0.9950543E+08     1053
 139    1.0   0.9950543E+08     1052
 140    1.0   0.9950543E+08     1052
 141    1.0   0.9950543E+08     1052
 142    1.0   0.9950543E+08     1052
 143    1.0   0.9950543E+08     1052
 144    1.0   0.9950543E+08     1052
 145    1.0   0.9950543E+08     1053
 146    1.0   0.9950543E+08     1052
 147    1.0   0.9950543E+08     1053
 148    1.0   0.9950543E+08     1052
 149    1.0   0.9950543E+08     1053
 150    1.0   0.9950543E+08     1052
 151    1.0   0.9950543E+08     1052
 152    1.0   0.9950543E+08     1052
 153    1.0   0.9950543E+08     1052
 154    1.0   0.9950543E+08     1052
 155    1.0   0.9950543E+08     1052
 156    1.0   0.9950543E+08     1052
 157    1.0   0.9950543E+08     1052
 158    1.0   0.9950543E+08     1053
 159    1.0   0.9950543E+08     1052
 160    1.0   0.9950543E+08     1052
 161    1.0   0.9950543E+08     1053
 162    1.0   0.9950543E+08     1053
 163    1.0   0.9950543E+08     1053
 164    1.0   0.9950543E+08     1052
 165    1.0   0.9950543E+08     1052
 166    1.0   0.9950543E+08     1052
 167    1.0   0.9950543E+08     1052
 168    1.0   0.9950543E+08     1052
 169    1.0   0.9950543E+08     1052
 170    1.0   0.9950543E+08     1052
 171    1.0   0.9950543E+08     1052
 172    1.0   0.9950543E+08     1053
 173    1.0   0.9950543E+08     1052
 174    1.0   0.9950543E+08     1052
 175    1.0   0.9950543E+08     1052
 176    1.0   0.9950543E+08     1052
 177    1.0   0.9950543E+08     1052
 178    1.0   0.9950543E+08     1052
 179    1.0   0.9950543E+08     1053
 180    1.0   0.9950543E+08     1052
 181    1.0   0.9950543E+08     1053
 182    1.0   0.9950543E+08     1053
 183    1.0   0.9950543E+08     1053
 184    1.0   0.9950543E+08     1052
 185    1.0   0.9950543E+08     1052
 186    1.0   0.9950543E+08     1052
 187    1.0   0.9950543E+08     1052
 188    1.0   0.9950543E+08     1053
 189    1.0   0.9950543E+08     1052
 190    1.0   0.9950543E+08     1052
 191    1.0   0.9950543E+08     1052
 192    1.0   0.9950543E+08     1052
 193    1.0   0.9950543E+08     1052
 194    1.0   0.9950543E+08     1052
 195    1.0   0.9950543E+08     1052
 196    1.0   0.9950543E+08     1052
 197    1.0   0.9950543E+08     1052
 198    1.0   0.9950543E+08     1053
 199    1.0   0.9950543E+08     1052
 200    1.0   0.9950543E+08     1052
 201    1.0   0.9950543E+08     1052
 202    1.0   0.9950543E+08     1052
 203    1.0   0.9950543E+08     1053
 204    1.0   0.9950543E+08     1052
 205    1.0   0.9950543E+08     1052
 206    1.0   0.9950543E+08     1052
 207    1.0   0.9950543E+08     1052
 208    1.0   0.9950543E+08     1052
 209    1.0   0.9950543E+08     1052
 210    1.0   0.9950543E+08     1053
 211    1.0   0.9950543E+08     1052
 212    1.0   0.9950543E+08     1052
 213    1.0   0.9950543E+08     1052
 214    1.0   0.9950543E+08     1052
 215    1.0   0.9950543E+08     1052
 216    1.0   0.9950543E+08     1052
 217    1.0   0.9950543E+08     1052
 218    1.0   0.9950543E+08     1052
 219    1.0   0.9950543E+08     1052
 220    1.0   0.9950543E+08     1052
 221    1.0   0.9950543E+08     1052
 222    1.0   0.9950543E+08     1052
 223    1.0   0.9950543E+08     1052
 224    1.0   0.9950543E+08     1053
 225    1.0   0.9950543E+08     1052
 226    1.0   0.9950543E+08     1052
 227    1.0   0.9950543E+08     1052
 228    1.0   0.9950543E+08     1052
 229    1.0   0.9950543E+08     1052
 230    1.0   0.9950543E+08     1052
 231    1.0   0.9950543E+08     1052
 232    1.0   0.9950543E+08     1052
 233    1.0   0.9950543E+08     1053
 234    1.0   0.9950543E+08     1052
 235    1.0   0.9950543E+08     1053
 236    1.0   0.9950543E+08     1052
 237    1.0   0.9950543E+08     1052
 238    1.0   0.9950543E+08     1052
 239    1.0   0.9950543E+08     1052
 240    1.0   0.9950543E+08     1052
 241    1.0   0.9950543E+08     1052
 242    1.0   0.9950543E+08     1052
 243    1.0   0.9950543E+08     1052
 244    1.0   0.9950543E+08     1052
 245    1.0   0.9950543E+08     1053
 246    1.0   0.9950543E+08     1052
 247    1.0   0.9950543E+08     1052
 248    1.0   0.9950543E+08     1052
 249    1.0   0.9950543E+08     1052
 250    1.0   0.9950543E+08     1052
 251    1.0   0.9950543E+08     1052
 252    1.0   0.9950543E+08     1052
 253    1.0   0.9950543E+08     1052
 254    1.0   0.9950543E+08     1053
 255    1.0   0.9950543E+08     1052
 256    1.0   0.9950543E+08     1052
 257    1.0   0.9950543E+08     1052
 258    1.0   0.9950543E+08     1052
 259    1.0   0.9950543E+08     1052
 260    1.0   0.9950543E+08     1052
 261    1.0   0.9950543E+08     1052
 262    1.0   0.9950543E+08     1052
 263    1.0   0.9950543E+08     1052
 264    1.0   0.9950543E+08     1052
 265    1.0   0.9950543E+08     1052
 266    1.0   0.9950543E+08     1052
 267    1.0   0.9950543E+08     1052
 268    1.0   0.9950543E+08     1053
 269    1.0   0.9950543E+08     1052
 270    1.0   0.9950543E+08     1052
 271    1.0   0.9950543E+08     1053
 272    1.0   0.9950543E+08     1052
 273    1.0   0.9950543E+08     1052
 274    1.0   0.9950543E+08     1053
 275    1.0   0.9950543E+08     1053
 276    1.0   0.9950543E+08     1052
 277    1.0   0.9950543E+08     1052
 278    1.0   0.9950543E+08     1052
 279    1.0   0.9950543E+08     1052
 280    1.0   0.9950543E+08     1052
 281    1.0   0.9950543E+08     1052
 282    1.0   0.9950543E+08     1052
 283    1.0   0.9950543E+08     1052
 284    1.0   0.9950543E+08     1052
 285    1.0   0.9950543E+08     1052
 286    1.0   0.9950543E+08     1053
 287    1.0   0.9950543E+08     1052
 288    1.0   0.9950543E+08     1052
 289    1.0   0.9950543E+08     1052
 290    1.0   0.9950543E+08     1052
 291    1.0   0.9950543E+08     1052
 292    1.0   0.9950543E+08     1052
 293    1.0   0.9950543E+08     1053
 294    1.0   0.9950543E+08     1052
 295    1.0   0.9950543E+08     1052
 296    1.0   0.9950543E+08     1052
 297    1.0   0.9950543E+08     1052
 298    1.0   0.9950543E+08     1053
 299    1.0   0.9950543E+08     1052
 300    1.0   0.9950543E+08     1053
 301    1.0   0.9950543E+08     1052
 302    1.0   0.9950543E+08     1052
 303    1.0   0.9950543E+08     1052
 304    1.0   0.9950543E+08     1052
 50543E+08     1052
 482    1.0   0.9950543E+08     1052
 483    1.0   0.9950543E+08     1052
 484    1.0   0.9950543E+08     1053
 485    1.0   0.9950543E+08     1052
 486    1.0   0.9950543E+08     1052
 487    1.0   0.9950543E+08     1052
 488    1.0   0.9950543E+08     1052
 489    1.0   0.9950543E+08     1052
 490    1.0   0.9950543E+08     1052
 491    1.0   0.9950543E+08     1052
 492    1.0   0.9950543E+08     1052
 493    1.0   0.9950543E+08     1052
 494    1.0   0.9950543E+08     1052
 495    1.0   0.9950543E+08     1052
 496    1.0   0.9950543E+08     1053
 497    1.0   0.9950543E+08     1053
 498    1.0   0.9950543E+08     1053
 499    1.0   0.9950543E+08     1053
 500    1.0   0.9950543E+08     1052
 501    1.0   0.9950543E+08     1052
 502    1.0   0.9950543E+08     1052
 503    1.0   0.9950543E+08     1052
 504    1.0   0.9950543E+08     1052
 505    1.0   0.9950543E+08     1053
 506    1.0   0.9950543E+08     1052
 507    1.0   0.9950543E+08     1052
 508    1.0   0.9950543E+08     1053
 509    1.0   0.9950543E+08     1052
 510    1.0   0.9950543E+08     1052
 511    1.0   0.9950543E+08     1052
 512    1.0   0.9950543E+08     1053
 513    1.0   0.9950543E+08     1053
 514    1.0   0.9950543E+08     1052
 515    1.0   0.9950543E+08     1053
 516    1.0   0.9950543E+08     1052
 517    1.0   0.9950543E+08     1052
 518    1.0   0.9950543E+08     1052
 519    1.0   0.9950543E+08     1052
 520    1.0   0.9950543E+08     1052
 521    1.0   0.9950543E+08     1052
 522    1.0   0.9950543E+08     1052
 523    1.0   0.9950543E+08     1052
 524    1.0   0.9950543E+08     1052
 525    1.0   0.9950543E+08     1052
 526    1.0   0.9950543E+08     1052
 527    1.0   0.9950543E+08     1053
 528    1.0   0.9950543E+08     1052
 529    1.0   0.9950543E+08     1052
 530    1.0   0.9950543E+08     1052
 531    1.0   0.9950543E+08     1052
 532    1.0   0.9950543E+08     1052
 533    1.0   0.9950543E+08     1053
 534    1.0   0.9950543E+08     1053
 535    1.0   0.9950543E+08     1052
 536    1.0   0.9950543E+08     1053
 537    1.0   0.9950543E+08     1052
 538    1.0   0.9950543E+08     1053
 539    1.0   0.9950543E+08     1052
 540    1.0   0.9950543E+08     1053
 541    1.0   0.9950543E+08     1052
 542    1.0   0.9950543E+08     1052
 543    1.0   0.9950543E+08     1052
 544    1.0   0.9950543E+08     1052
 545    1.0   0.9950543E+08     1052
 546    1.0   0.9950543E+08     1052
 547    1.0   0.9950543E+08     1052
 548    1.0   0.9950543E+08     1052
 549    1.0   0.9950543E+08     1052
 550    1.0   0.9950543E+08     1053
 551    1.0   0.9950543E+08     1052
 552    1.0   0.9950543E+08     1052
 553    1.0   0.9950543E+08     1052
 554    1.0   0.9950543E+08     1052
 555    1.0   0.9950543E+08     1052
 556    1.0   0.9950543E+08     1052
 557    1.0   0.9950543E+08     1052
 558    1.0   0.9950543E+08     1052
 559    1.0   0.9950543E+08     1052
 560    1.0   0.9950543E+08     1052
 561    1.0   0.9950543E+08     1052
 562    1.0   0.9950543E+08     1052
 563    1.0   0.9950543E+08     1053
 564    1.0   0.9950543E+08     1052
 565    1.0   0.9950543E+08     1052
 566    1.0   0.9950543E+08     1052
 567    1.0   0.9950543E+08     1052
 568    1.0   0.9950543E+08     1052
 569    1.0   0.9950543E+08     1052
 570    1.0   0.9950543E+08     1052
 571    1.0   0.9950543E+08     1053
 572    1.0   0.9950543E+08     1053
 573    1.0   0.9950543E+08     1052
 574    1.0   0.9950543E+08     1052
 575    1.0   0.9950543E+08     1052
 576    1.0   0.9950543E+08     1052
 577    1.0   0.9950543E+08     1052
 578    1.0   0.9950543E+08     1052
 579    1.0   0.9950543E+08     1052
 580    1.0   0.9950543E+08     1053
 581    1.0   0.9950543E+08     1052
 582    1.0   0.9950543E+08     1052
 583    1.0   0.9950543E+08     1052
 584    1.0   0.9950543E+08     1052
 585    1.0   0.9950543E+08     1052
 586    1.0   0.9950543E+08     1052
 587    1.0   0.9950543E+08     1053
 588    1.0   0.9950543E+08     1052
 589    1.0   0.9950543E+08     1052
 590    1.0   0.9950543E+08     1052
 591    1.0   0.9950543E+08     1052
 592    1.0   0.9950543E+08     1052
 593    1.0   0.9950543E+08     1052
 594    1.0   0.9950543E+08     1052
 595    1.0   0.9950543E+08     1052
 596    1.0   0.9950543E+08     1053
 597    1.0   0.9950543E+08     1052
 598    1.0   0.9950543E+08     1052
 599    1.0   0.9950543E+08     1053
 600    1.0   0.9950543E+08     1052
 601    1.0   0.9950543E+08     1052
 602    1.0   0.9950543E+08     1052
 603    1.0   0.9950543E+08     1052
 604    1.0   0.9950543E+08     1052
 605    1.0   0.9950543E+08     1052
 606    1.0   0.9950543E+08     1052
 607    1.0   0.9950543E+08     1052
 608    1.0   0.9950543E+08     1052
 609    1.0   0.9950543E+08     1052
 610    1.0   0.9950543E+08     1052
 611    1.0   0.9950543E+08     1052
 612    1.0   0.9950543E+08     1052
 613    1.0   0.9950543E+08     1052
 614    1.0   0.9950543E+08     1052
 615    1.0   0.9950543E+08     1052
 616    1.0   0.9950543E+08     1052
 617    1.0   0.9950543E+08     1052
 618    1.0   0.9950543E+08     1052
 619    1.0   0.9950543E+08     1052
 620    1.0   0.9950543E+08     1052
 621    1.0   0.9950543E+08     1052
 622    1.0   0.9950543E+08     1052
 623    1.0   0.9950543E+08     1052
 624    1.0   0.9950543E+08     1052
 625    1.0   0.9950543E+08     1053
 626    1.0   0.9950543E+08     1052
 627    1.0   0.9950543E+08     1052
 628    1.0   0.9950543E+08     1052
 629    1.0   0.9950543E+08     1052
 630    1.0   0.9950543E+08     1053
 631    1.0   0.9950543E+08     1052
 632    1.0   0.9950543E+08     1052
 633    1.0   0.9950543E+08     1052
 634    1.0   0.9950543E+08     1052
 635    1.0   0.9950543E+08     1052
 636    1.0   0.9950543E+08     1052
 637    1.0   0.9950543E+08     1052
 638    1.0   0.9950543E+08     1052
 639    1.0   0.9950543E+08     1052
 640    1.0   0.9950543E+08     1052
 641    1.0   0.9950543E+08     1052
 642    1.0   0.9950543E+08     1052
 643    1.0   0.9950543E+08     1052
 644    1.0   0.9950543E+08     1053
 645    1.0   0.9950543E+08     1052
 646    1.0   0.9950543E+08     1052
 647    1.0   0.9950543E+08     1052
 648    1.0   0.9950543E+08     1052
 649    1.0   0.9950543E+08     1052
 650    1.0   0.9950543E+08     1052
 651    1.0   0.9950543E+08     1052
 652    1.0   0.9950543E+08     1052
 653    1.0   0.9950543E+08     1052
 654    1.0   0.9950543E+08     1053
 655    1.0   0.9950543E+08     1052
 656    1.0   0.9950543E+08     1053
 657    1.0   0.9950543E+08     1052
 658    1.0   0.9950543E+08     1052
 659    1.0   0.9950543E+08     1052
 660    1.0   0.9950543E+08     1052
 661    1.0   0.9950543E+08     1053
 662    1.0   0.9950543E+08     1052
 663    1.0   0.9950543E+08     1052
 664    1.0   0.9950543E+08     1053
 665    1.0   0.9950543E+08     1053
 666    1.0   0.9950543E+08     1052
 667    1.0   0.9950543E+08     1052
 668    1.0   0.9950543E+08     1052
 669    1.0   0.9950543E+08     1052
 670    1.0   0.9950543E+08     1052
 671    1.0   0.9950543E+08     1052
 672    1.0   0.9950543E+08     1053
 673    1.0   0.9950543E+08     1052
 674    1.0   0.9950543E+08     1053
 675   3E+08     1052
 686    1.0   0.9950543E+08     1052
 687    1.0   0.9950543E+08     1052
 688    1.0   0.9950543E+08     1052
 689    1.0   0.9950543E+08     1052
 690    1.0   0.9950543E+08     1053
 691    1.0   0.9950543E+08     1052
 692    1.0   0.9950543E+08     1052
 693    1.0   0.9950543E+08     1052
 694    1.0   0.9950543E+08     1052
 695    1.0   0.9950543E+08     1052
 696    1.0   0.9950543E+08     1052
 697    1.0   0.9950543E+08     1052
 698    1.0   0.9950543E+08     1052
 699    1.0   0.9950543E+08     1052
 700    1.0   0.9950543E+08     1052
 701    1.0   0.9950543E+08     1052
 702    1.0   0.9950543E+08     1052
 703    1.0   0.9950543E+08     1052
 704    1.0   0.9950543E+08     1053
 705    1.0   0.9950543E+08     1052
 706    1.0   0.9950543E+08     1052
 707    1.0   0.9950543E+08     1052
 708    1.0   0.9950543E+08     1052
 709    1.0   0.9950543E+08     1052
 710    1.0   0.9950543E+08     1053
 711    1.0   0.9950543E+08     1052
 712    1.0   0.9950543E+08     1052
 713    1.0   0.9950543E+08     1052
 714    1.0   0.9950543E+08     1052
 715    1.0   0.9950543E+08     1052
 716    1.0   0.9950543E+08     1052
 717    1.0   0.9950543E+08     1052
 718    1.0   0.9950543E+08     1052
 719    1.0   0.9950543E+08     1053
 720    1.0   0.9950543E+08     1053
 721    1.0   0.9950543E+08     1052
 722    1.0   0.9950543E+08     1053
 723    1.0   0.9950543E+08     1052
 724    1.0   0.9950543E+08     1052
 725    1.0   0.9950543E+08     1052
 726    1.0   0.9950543E+08     1052
 727    1.0   0.9950543E+08     1052
 728    1.0   0.9950543E+08     1052
 729    1.0   0.9950543E+08     1052
 730    1.0   0.9950543E+08     1052
 731    1.0   0.9950543E+08     1052
 732    1.0   0.9950543E+08     1052
 733    1.0   0.9950543E+08     1052
 734    1.0   0.9950543E+08     1052
 735    1.0   0.9950543E+08     1053
 736    1.0   0.9950543E+08     1052
 737    1.0   0.9950543E+08     1052
 738    1.0   0.9950543E+08     1052
 739    1.0   0.9950543E+08     1052
 740    1.0   0.9950543E+08     1052
 741    1.0   0.9950543E+08     1053
 742    1.0   0.9950543E+08     1052
 743    1.0   0.9950543E+08     1052
 744    1.0   0.9950543E+08     1052
 745    1.0   0.9950543E+08     1052
 746    1.0   0.9950543E+08     1052
 747    1.0   0.9950543E+08     1052
 748    1.0   0.9950543E+08     1053
 749    1.0   0.9950543E+08     1052
 750    1.0   0.9950543E+08     1053
 751    1.0   0.9950543E+08     1052
 752    1.0   0.9950543E+08     1052
 753    1.0   0.9950543E+08     1052
 754    1.0   0.9950543E+08     1052
 755    1.0   0.9950543E+08     1052
 756    1.0   0.9950543E+08     1052
 757    1.0   0.9950543E+08     1052
 758    1.0   0.9950543E+08     1052
 759    1.0   0.9950543E+08     1052
 760    1.0   0.9950543E+08     1052
 761    1.0   0.9950543E+08     1052
 762    1.0   0.9950543E+08     1052
 763    1.0   0.9950543E+08     1052
 764    1.0   0.9950543E+08     1052
 765    1.0   0.9950543E+08     1052
 766    1.0   0.9950543E+08     1052
 767    1.0   0.9950543E+08     1052
 768    1.0   0.9950543E+08     1053
 769    1.0   0.9950543E+08     1052
 770    1.0   0.9950543E+08     1052
 771    1.0   0.9950543E+08     1053
 772    1.0   0.9950543E+08     1052
 773    1.0   0.9950543E+08     1052
 774    1.0   0.9950543E+08     1052
 775    1.0   0.9950543E+08     1053
 776    1.0   0.9950543E+08     1052
 777    1.0   0.9950543E+08     1052
 778    1.0   0.9950543E+08     1052
 779    1.0   0.9950543E+08     1052
 780    1.0   0.9950543E+08     1052
 781    1.0   0.9950543E+08     1053
 782    1.0   0.9950543E+08     1052
 783    1.0   0.9950543E+08     1053
 784    1.0   0.9950543E+08     1052
 785    1.0   0.9950543E+08     1052
 786    1.0   0.9950543E+08     1052
 787    1.0   0.9950543E+08     1052
 788    1.0   0.9950543E+08     1052
 789    1.0   0.9950543E+08     1052
 790    1.0   0.9950543E+08     1052
 791    1.0   0.9950543E+08     1052
 792    1.0   0.9950543E+08     1052
 793    1.0   0.9950543E+08     1052
 794    1.0   0.9950543E+08     1052
 795    1.0   0.9950543E+08     1052
 796    1.0   0.9950543E+08     1052
 797    1.0   0.9950543E+08     1052
 798    1.0   0.9950543E+08     1052
 799    1.0   0.9950543E+08     1052
 800    1.0   0.9950543E+08     1052
 801    1.0   0.9950543E+08     1052
 802    1.0   0.9950543E+08     1052
 803    1.0   0.9950543E+08     1052
 804    1.0   0.9950543E+08     1052
 805    1.0   0.9950543E+08     1053
 806    1.0   0.9950543E+08     1052
 807    1.0   0.9950543E+08     1052
 808    1.0   0.9950543E+08     1053
 809    1.0   0.9950543E+08     1053
 810    1.0   0.9950543E+08     1052
 811    1.0   0.9950543E+08     1052
 812    1.0   0.9950543E+08     1052
 813    1.0   0.9950543E+08     1052
 814    1.0   0.9950543E+08     1052
 815    1.0   0.9950543E+08     1052
 816    1.0   0.9950543E+08     1052
 817    1.0   0.9950543E+08     1052
 818    1.0   0.9950543E+08     1053
 819    1.0   0.9950543E+08     1052
 820    1.0   0.9950543E+08     1052
 821    1.0   0.9950543E+08     1052
 822    1.0   0.9950543E+08     1052
 823    1.0   0.9950543E+08     1052
 824    1.0   0.9950543E+08     1052
 825    1.0   0.9950543E+08     1052
 826    1.0   0.9950543E+08     1052
 827    1.0   0.9950543E+08     1052
 828    1.0   0.9950543E+08     1052
 829    1.0   0.9950543E+08     1052
 830    1.0   0.9950543E+08     1053
 831    1.0   0.9950543E+08     1052
 832    1.0   0.9950543E+08     1052
 833    1.0   0.9950543E+08     1052
 834    1.0   0.9950543E+08     1052
 835    1.0   0.9950543E+08     1053
 836    1.0   0.9950543E+08     1053
 837    1.0   0.9950543E+08     1052
 838    1.0   0.9950543E+08     1052
 839    1.0   0.9950543E+08     1053
 840    1.0   0.9950543E+08     1052
 841    1.0   0.9950543E+08     1052
 842    1.0   0.9950543E+08     1052
 843    1.0   0.9950543E+08     1052
 844    1.0   0.9950543E+08     1052
 845    1.0   0.9950543E+08     1052
 846    1.0   0.9950543E+08     1052
 847    1.0   0.9950543E+08     1052
 848    1.0   0.9950543E+08     1053
 849    1.0   0.9950543E+08     1053
 850    1.0   0.9950543E+08     1053
 851    1.0   0.9950543E+08     1052
 852    1.0   0.9950543E+08     1052
 853    1.0   0.9950543E+08     1052
 854    1.0   0.9950543E+08     1052
 855    1.0   0.9950543E+08     1052
 856    1.0   0.9950543E+08     1052
 857    1.0   0.9950543E+08     1053
 858    1.0   0.9950543E+08     1053
 859    1.0   0.9950543E+08     1052
 860    1.0   0.9950543E+08     1053
 861    1.0   0.9950543E+08     1052
 862    1.0   0.9950543E+08     1052
 863    1.0   0.9950543E+08     1052
 864    1.0   0.9950543E+08     1052
 865    1.0   0.9950543E+08     1052
 866    1.0   0.9950543E+08     1052
 867    1.0   0.9950543E+08     1052
 868    1.0   0.9950543E+08     1053
 869    1.0   0.9950543E+08     1053
 870    1.0   0.9950543E+08     1052
 871    1.0   0.9950543E+08     1052
 872    1.0   0.9950543E+08     1052
 873    1.0   0.9950543E+08     1053
 874    1.0   0.9950543E+08     1052
 875    1.0   0.9950543E+08     1052
 876    1.0   0.9950543E+08     1052
 877    1.0   0.9950543E+08     1052
 878    1.0   0.9950543E+08     1052
 879    1.0   0.9950543E+08     1052
 880    1.0   0.9950543E+08     1053
 881    1.0   0.9950543E+08     1052
 882    1.0   0.9950543E+08     1053
 883    1.0   0.9950543E+08     1052
 884    1.0   0.9950543E+08     1053
 885    1.0   0.9950543E+08     1052
 886    1.0   0.9950543E+08     1052
 887    1.0   0.9950543E+08     1052
 888    1.0   0.9950543E+08     1052
 889    1.0   0.9950543E+08     1053
 890    1.0   0.9950543E+08     1052
 891    1.0   0.9950543E+08     1052
 892    1.0   0.9950543E+08     1053
 893    1.0   0.9950543E+08     1052
 894    1.0   0.9950543E+08     1052
 895    1.0   0.9950543E+08     1052
 896    1.0   0.9950543E+08     1052
 897    1.0   0.9950543E+08     1053
 898    1.0   0.9950543E+08     1052
 899    1.0   0.9950543E+08     1052
 900    1.0   0.9950543E+08     1052
 901    1.0   0.9950543E+08     1052
 902    1.0   0.9950543E+08     1053
 903    1.0   0.9950543E+08     1052
 904    1.0   0.9950543E+08     1052
 905    1.0   0.9950543E+08     1052
 906    1.0   0.9950543E+08     1052
 907    1.0   0.9950543E+08     1052
 908    1.0   0.9950543E+08     1052
 909    1.0   0.9950543E+08     1053
 910    1.0   0.9950543E+08     1052
 911    1.0   0.9950543E+08     1052
 912    1.0   0.9950543E+08     1052
 913    1.0   0.9950543E+08     1052
 914    1.0   0.9950543E+08     1052
 915    1.0   0.9950543E+08     1052
 916    1.0   0.9950543E+08     1052
 917    1.0   0.9950543E+08     1053
 918    1.0   0.9950543E+08     1052
 919    1.0   0.9950543E+08     1053
 920    1.0   0.9950543E+08     1052
 921    1.0   0.9950543E+08     1052
 922    1.0   0.9950543E+08     1052
 923    1.0   0.9950543E+08     1052
 924    1.0   0.9950543E+08     1052
 925    1.0   0.9950543E+08     1052
 926    1.0   0.9950543E+08     1053
 927    1.0   0.9950543E+08     1052
 928    1.0   0.9950543E+08     1052
 929    1.0   0.9950543E+08     1053
 930    1.0   0.9950543E+08     1052
 931    1.0   0.9950543E+08     1052
 932    1.0   0.9950543E+08     1052
 933    1.0   0.9950543E+08     1052
 934    1.0   0.9950543E+08     1052
 935    1.0   0.9950543E+08     1052
 936    1.0   0.9950543E+08     1053
 937    1.0   0.9950543E+08     1052
 938    1.0   0.9950543E+08     1052
 939    1.0   0.9950543E+08     1053
 940    1.0   0.9950543E+08     1052
 941    1.0   0.9950543E+08     1052
 942    1.0   0.9950543E+08     1052
 943    1.0   0.9950543E+08     1052
 944    1.0   0.9950543E+08     1052
 945    1.0   0.9950543E+08     1052
 946    1.0   0.9950543E+08     1052
 947    1.0   0.9950543E+08     1053
 948    1.0   0.9950543E+08     1052
 949    1.0   0.9950543E+08     1052
 950    1.0   0.9950543E+08     1052
 951    1.0   0.9950543E+08     1052
 952    1.0   0.9950543E+08     1052
 953    1.0   0.9950543E+08     1052
 954    1.0   0.9950543E+08     1052
 955    1.0   0.9950543E+08     1052
 956    1.0   0.9950543E+08     1052
 957    1.0   0.9950543E+08     1052
 958    1.0   0.9950543E+08     1052
 959    1.0   0.9950543E+08     1052
 960    1.0   0.9950543E+08     1052
 961    1.0   0.9950543E+08     1052
 962    1.0   0.9950543E+08     1052
 963    1.0   0.9950543E+08     1052
 964    1.0   0.9950543E+08     1052
 965    1.0   0.9950543E+08     1052
 966    1.0   0.9950543E+08     1052
 967    1.0   0.9950543E+08     1052
 968    1.0   0.9950543E+08     1053
 969    1.0   0.9950543E+08     1052
 970    1.0   0.9950543E+08     1053
 971    1.0   0.9950543E+08     1052
 972    1.0   0.9950543E+08     1052
 973    1.0   0.9950543E+08     1052
 974    1.0   0.9950543E+08     1052
 975    1.0   0.9950543E+08     1052
 976    1.0   0.9950543E+08     1052
 977    1.0   0.9950543E+08     1052
 978    1.0   0.9950543E+08     1052
 979    1.0   0.9950543E+08     1052
 980    1.0   0.9950543E+08     1053
 981    1.0   0.9950543E+08     1052
 982    1.0   0.9950543E+08     1053
 983    1.0   0.9950543E+08     1052
 984    1.0   0.9950543E+08     1052
 985    1.0   0.9950543E+08     1052
 986    1.0   0.9950543E+08     1053
 987    1.0   0.9950543E+08     1052
 988    1.0   0.9950543E+08     1052
 989    1.0   0.9950543E+08     1052
 990    1.0   0.9950543E+08     1053
 991    1.0   0.9950543E+08     1053
 992    1.0   0.9950543E+08     1053
 993    1.0   0.9950543E+08     1052
 994    1.0   0.9950543E+08     1052
 995    1.0   0.9950543E+08     1052
 996    1.0   0.9950543E+08     1052
 997    1.0   0.9950543E+08     1052
 998    1.0   0.9950543E+08     1052
 999    1.0   0.9950543E+08     1052
all events have been smashed
[kasahara@tasim502 Smash]$
