#
# The next is an example of a complex composition at low energy
#  This is a plausble example.  The unit of flux is
#   /(m2 sec sr Gev)
#  proton data upto 100 GeV is by BESS
#-----------------------------------------------------------
  'p'   'GeV'     'KE/n'  'd'     0  10 1000 /
	1.08 857.974
	1.26 740.709
	1.5 606.022
	1.72 520.631
	2. 427.8
	2.38 329.572
	2.71 267.165
	3.17 214.067
	3.65 166.977
	4.27 122.623
	5 92.126
	5.8 67.888
	6.85 47.0654
	8 32.317
	9.3 22.9376
	10.7 16.5551
	12.3 11.8735
	14.7 7.62823
	17 5.37103
	20 3.61684
	23 2.45566
	27 1.62355
	31 1.10268
	37 0.696504
	42.5 0.484064
	50 0.311127
	58 0.208045
	68 0.133227
	80 0.0873464
	90.2 0.0634132
	110 0.0370353
	1100 8.29e-5
	1.1e4	1.47e-7
	1.1e5	2.08e-10
	2.2e5	4.795e-11
	4.4e5	5.59e-12
	4.4e8	2.8e-21
	0.	0.
  'He'  'GeV'    'KE/n'  'd'      0  10 1000 /
	1.0	50
	1.5	40
	2.	26
	3.	12
	5.	4.8
	10.	1.
	20.	.2
	50.	.02
	100.	3.7e-3
	200.	5.e-4
        400.    7.7e-5   
        2.e3    9.98e-7
        20.e3   1.99e-9
       200.e3  3.97e-12
       400.e3   6.1e-13
       800.e3  8.46e-14
      8000.e3   8.46e-17
      8.e8      5.3e-23
         0        0
  'CNO' 'GeV'    'KE/n'  'd'      0   /
	1.	3.8
	1.5	2.5
	2.	1.75
	3.	.8
	5.	.33
	10.	7.e-2
	20.	1.2e-2
	50.	1.2e-3
	100.	2.2e-4
        400.    5.85e-6
        2.e3    7.58e-8
        20.e3	1.51e-10
	200.e3  3.02e-13
        1400.e3  1.58e-15
        3000.e3  1.8e-16
       30000.e3  1.8e-19
       3.e9      1.13e-25	
         0        0









