# pj= 5  -1  1
# tg=  56 1.000
    100.0        514.2    
    105.9        515.5    
    112.2        516.9    
    118.9        518.3    
    125.9        519.6    
    133.4        521.0    
    141.3        522.4    
    149.6        523.7    
    158.5        525.1    
    167.9        526.5    
    177.8        527.8    
    188.4        529.2    
    199.5        530.6    
    211.3        532.0    
    223.9        533.3    
    237.1        534.7    
    251.2        536.1    
    266.1        537.4    
    281.8        538.8    
    298.5        540.2    
    316.2        541.6    
    335.0        542.9    
    354.8        544.3    
    375.8        545.7    
    398.1        547.0    
    421.7        548.4    
    446.7        549.8    
    473.2        551.2    
    501.2        552.5    
    530.9        553.9    
    562.3        555.3    
    595.7        556.6    
    631.0        558.0    
    668.3        559.4    
    707.9        560.8    
    749.9        562.1    
    794.3        563.5    
    841.4        564.9    
    891.3        566.3    
    944.1        567.6    
    1000.        569.0    
    1059.        570.3    
    1122.        571.6    
    1189.        572.9    
    1259.        574.2    
    1334.        575.5    
    1413.        576.8    
    1496.        578.1    
    1585.        579.4    
    1679.        580.8    
    1778.        582.1    
    1884.        583.4    
    1995.        584.7    
    2113.        586.1    
    2239.        587.4    
    2371.        588.8    
    2512.        590.1    
    2661.        591.5    
    2818.        592.8    
    2985.        594.2    
    3162.        595.5    
    3350.        596.9    
    3548.        598.3    
    3758.        599.6    
    3981.        601.0    
    4217.        602.4    
    4467.        603.8    
    4732.        605.2    
    5012.        606.6    
    5309.        608.0    
    5623.        609.4    
    5957.        610.8    
    6310.        612.2    
    6683.        613.6    
    7079.        615.0    
    7499.        616.4    
    7943.        617.8    
    8414.        619.3    
    8913.        620.7    
    9441.        622.1    
   1.0000E+04    623.6    
   1.0593E+04    625.0    
   1.1220E+04    626.4    
   1.1885E+04    627.9    
   1.2589E+04    629.3    
   1.3335E+04    630.8    
   1.4125E+04    632.2    
   1.4962E+04    633.7    
   1.5849E+04    635.1    
   1.6788E+04    636.6    
   1.7783E+04    638.1    
   1.8836E+04    639.5    
   1.9953E+04    641.0    
   2.1135E+04    642.5    
   2.2387E+04    644.0    
   2.3714E+04    645.5    
   2.5119E+04    647.0    
   2.6607E+04    648.5    
   2.8184E+04    650.0    
   2.9854E+04    651.5    
   3.1623E+04    653.0    
   3.3497E+04    654.6    
   3.5481E+04    656.1    
   3.7584E+04    657.6    
   3.9811E+04    659.1    
   4.2170E+04    660.7    
   4.4668E+04    662.2    
   4.7315E+04    663.8    
   5.0119E+04    665.3    
   5.3088E+04    666.9    
   5.6234E+04    668.5    
   5.9566E+04    670.0    
   6.3096E+04    671.6    
   6.6834E+04    673.2    
   7.0795E+04    674.8    
   7.4989E+04    676.4    
   7.9433E+04    678.0    
   8.4140E+04    679.6    
   8.9125E+04    681.2    
   9.4406E+04    682.8    
   1.0000E+05    684.4    
   1.0593E+05    686.1    
   1.1220E+05    687.7    
   1.1885E+05    689.4    
   1.2589E+05    691.1    
   1.3335E+05    692.7    
   1.4125E+05    694.4    
   1.4962E+05    696.1    
   1.5849E+05    697.8    
   1.6788E+05    699.5    
   1.7783E+05    701.2    
   1.8836E+05    702.9    
   1.9953E+05    704.6    
   2.1135E+05    706.3    
   2.2387E+05    708.0    
   2.3714E+05    709.7    
   2.5119E+05    711.4    
   2.6607E+05    713.1    
   2.8184E+05    714.8    
   2.9854E+05    716.5    
   3.1623E+05    718.3    
   3.3497E+05    720.0    
   3.5481E+05    721.7    
   3.7584E+05    723.4    
   3.9811E+05    725.2    
   4.2170E+05    726.9    
   4.4668E+05    728.6    
   4.7315E+05    730.4    
   5.0119E+05    732.1    
   5.3088E+05    733.9    
   5.6234E+05    735.6    
   5.9566E+05    737.4    
   6.3096E+05    739.1    
   6.6834E+05    740.9    
   7.0795E+05    742.7    
   7.4989E+05    744.4    
   7.9433E+05    746.2    
   8.4140E+05    748.0    
   8.9125E+05    749.8    
   9.4406E+05    751.5    
   1.0000E+06    753.3    
   1.0593E+06    755.2    
   1.1220E+06    757.0    
   1.1885E+06    758.9    
   1.2589E+06    760.7    
   1.3335E+06    762.6    
   1.4125E+06    764.4    
   1.4962E+06    766.3    
   1.5849E+06    768.1    
   1.6788E+06    770.0    
   1.7783E+06    771.8    
   1.8836E+06    773.7    
   1.9953E+06    775.5    
   2.1135E+06    777.4    
   2.2387E+06    779.2    
   2.3714E+06    781.1    
   2.5119E+06    782.9    
   2.6607E+06    784.8    
   2.8184E+06    786.6    
   2.9854E+06    788.5    
   3.1623E+06    790.3    
   3.3497E+06    792.2    
   3.5481E+06    794.0    
   3.7584E+06    795.9    
   3.9811E+06    797.7    
   4.2170E+06    799.5    
   4.4668E+06    801.4    
   4.7315E+06    803.2    
   5.0119E+06    805.0    
   5.3088E+06    806.9    
   5.6234E+06    808.7    
   5.9566E+06    810.6    
   6.3096E+06    812.4    
   6.6834E+06    814.2    
   7.0795E+06    816.0    
   7.4989E+06    817.9    
   7.9433E+06    819.7    
   8.4140E+06    821.5    
   8.9125E+06    823.4    
   9.4406E+06    825.2    
   1.0000E+07    827.0    
   1.0593E+07    828.9    
   1.1220E+07    830.7    
   1.1885E+07    832.5    
   1.2589E+07    834.4    
   1.3335E+07    836.2    
   1.4125E+07    838.1    
   1.4962E+07    839.9    
   1.5849E+07    841.7    
   1.6788E+07    843.5    
   1.7783E+07    845.4    
   1.8836E+07    847.2    
   1.9953E+07    849.0    
   2.1135E+07    850.8    
   2.2387E+07    852.6    
   2.3714E+07    854.4    
   2.5119E+07    856.2    
   2.6607E+07    858.0    
   2.8184E+07    859.8    
   2.9854E+07    861.6    
   3.1623E+07    863.4    
   3.3497E+07    865.2    
   3.5481E+07    867.0    
   3.7584E+07    868.8    
   3.9811E+07    870.6    
   4.2170E+07    872.3    
   4.4668E+07    874.1    
   4.7315E+07    875.9    
   5.0119E+07    877.7    
   5.3088E+07    879.4    
   5.6234E+07    881.2    
   5.9566E+07    882.9    
   6.3096E+07    884.7    
   6.6834E+07    886.4    
   7.0795E+07    888.2    
   7.4989E+07    889.9    
   7.9433E+07    891.6    
   8.4140E+07    893.4    
   8.9125E+07    895.1    
   9.4406E+07    896.8    
   1.0000E+08    898.6    
   1.0593E+08    900.3    
   1.1220E+08    901.9    
   1.1885E+08    903.6    
   1.2589E+08    905.3    
   1.3335E+08    907.0    
   1.4125E+08    908.7    
   1.4962E+08    910.4    
   1.5849E+08    912.1    
   1.6788E+08    913.7    
   1.7783E+08    915.4    
   1.8836E+08    917.1    
   1.9953E+08    918.7    
   2.1135E+08    920.4    
   2.2387E+08    922.0    
   2.3714E+08    923.7    
   2.5119E+08    925.3    
   2.6607E+08    927.0    
   2.8184E+08    928.6    
   2.9854E+08    930.3    
   3.1623E+08    931.9    
   3.3497E+08    933.5    
   3.5481E+08    935.1    
   3.7584E+08    936.8    
   3.9811E+08    938.4    
   4.2170E+08    940.0    
   4.4668E+08    941.6    
   4.7315E+08    943.2    
   5.0119E+08    944.8    
   5.3088E+08    946.4    
   5.6234E+08    948.0    
   5.9566E+08    949.6    
   6.3096E+08    951.2    
   6.6834E+08    952.8    
   7.0795E+08    954.4    
   7.4989E+08    955.9    
   7.9433E+08    957.5    
   8.4140E+08    959.1    
   8.9125E+08    960.6    
   9.4406E+08    962.2    
   1.0000E+09    963.7    
   1.0593E+09    965.3    
   1.1220E+09    966.8    
   1.1885E+09    968.4    
   1.2589E+09    969.9    
   1.3335E+09    971.4    
   1.4125E+09    973.0    
   1.4962E+09    974.5    
   1.5849E+09    976.0    
   1.6788E+09    977.5    
   1.7783E+09    979.0    
   1.8836E+09    980.5    
   1.9953E+09    982.0    
   2.1135E+09    983.5    
   2.2387E+09    985.0    
   2.3714E+09    986.5    
   2.5119E+09    988.0    
   2.6607E+09    989.5    
   2.8184E+09    990.9    
   2.9854E+09    992.4    
   3.1623E+09    993.9    
   3.3497E+09    995.3    
   3.5481E+09    996.8    
   3.7584E+09    998.2    
   3.9811E+09    999.7    
   4.2170E+09    1001.    
   4.4668E+09    1003.    
   4.7315E+09    1004.    
   5.0119E+09    1005.    
   5.3088E+09    1007.    
   5.6234E+09    1008.    
   5.9566E+09    1010.    
   6.3096E+09    1011.    
   6.6834E+09    1012.    
   7.0795E+09    1014.    
   7.4989E+09    1015.    
   7.9433E+09    1017.    
   8.4140E+09    1018.    
   8.9125E+09    1019.    
   9.4406E+09    1021.    
   1.0000E+10    1022.    
   1.0593E+10    1023.    
   1.1220E+10    1025.    
   1.1885E+10    1026.    
   1.2589E+10    1027.    
   1.3335E+10    1029.    
   1.4125E+10    1030.    
   1.4962E+10    1031.    
   1.5849E+10    1033.    
   1.6788E+10    1034.    
   1.7783E+10    1035.    
   1.8836E+10    1037.    
   1.9953E+10    1038.    
   2.1135E+10    1039.    
   2.2387E+10    1041.    
   2.3714E+10    1042.    
   2.5119E+10    1043.    
   2.6607E+10    1044.    
   2.8184E+10    1046.    
   2.9854E+10    1047.    
   3.1623E+10    1048.    
   3.3497E+10    1049.    
   3.5481E+10    1051.    
   3.7584E+10    1052.    
   3.9811E+10    1053.    
   4.2170E+10    1054.    
   4.4668E+10    1055.    
   4.7315E+10    1057.    
   5.0119E+10    1058.    
   5.3088E+10    1059.    
   5.6234E+10    1060.    
   5.9566E+10    1061.    
   6.3096E+10    1063.    
   6.6834E+10    1064.    
   7.0795E+10    1065.    
   7.4989E+10    1066.    
   7.9433E+10    1067.    
   8.4140E+10    1068.    
   8.9125E+10    1070.    
   9.4406E+10    1071.    
   1.0000E+11    1072.    
   1.0593E+11    1073.    
   1.1220E+11    1074.    
   1.1885E+11    1075.    
   1.2589E+11    1076.    
   1.3335E+11    1077.    
   1.4125E+11    1078.    
   1.4962E+11    1079.    
   1.5849E+11    1081.    
   1.6788E+11    1082.    
   1.7783E+11    1083.    
   1.8836E+11    1084.    
   1.9953E+11    1085.    
   2.1135E+11    1086.    
   2.2387E+11    1087.    
   2.3714E+11    1088.    
   2.5119E+11    1089.    
   2.6607E+11    1090.    
   2.8184E+11    1091.    
   2.9854E+11    1092.    
   3.1623E+11    1093.    
   3.3497E+11    1094.    
   3.5481E+11    1095.    
   3.7584E+11    1096.    
   3.9811E+11    1097.    
   4.2170E+11    1098.    
   4.4668E+11    1099.    
   4.7315E+11    1100.    
   5.0119E+11    1101.    
   5.3088E+11    1102.    
   5.6234E+11    1102.    
   5.9566E+11    1103.    
   6.3096E+11    1104.    
   6.6834E+11    1105.    
   7.0795E+11    1106.    
   7.4989E+11    1107.    
   7.9433E+11    1108.    
   8.4140E+11    1109.    
   8.9125E+11    1110.    
   9.4406E+11    1110.    
