# pj= 4  -1  1
# tg= 207 1.000
    100.0        1492.    
    105.9        1494.    
    112.2        1497.    
    118.9        1499.    
    125.9        1502.    
    133.4        1504.    
    141.3        1506.    
    149.6        1509.    
    158.5        1511.    
    167.9        1514.    
    177.8        1516.    
    188.4        1519.    
    199.5        1521.    
    211.3        1524.    
    223.9        1526.    
    237.1        1529.    
    251.2        1531.    
    266.1        1534.    
    281.8        1536.    
    298.5        1538.    
    316.2        1541.    
    335.0        1543.    
    354.8        1546.    
    375.8        1548.    
    398.1        1551.    
    421.7        1553.    
    446.7        1555.    
    473.2        1558.    
    501.2        1560.    
    530.9        1563.    
    562.3        1565.    
    595.7        1567.    
    631.0        1570.    
    668.3        1572.    
    707.9        1574.    
    749.9        1577.    
    794.3        1579.    
    841.4        1582.    
    891.3        1584.    
    944.1        1586.    
    1000.        1589.    
    1059.        1591.    
    1122.        1593.    
    1189.        1595.    
    1259.        1597.    
    1334.        1600.    
    1413.        1602.    
    1496.        1604.    
    1585.        1606.    
    1679.        1608.    
    1778.        1611.    
    1884.        1613.    
    1995.        1615.    
    2113.        1617.    
    2239.        1620.    
    2371.        1622.    
    2512.        1624.    
    2661.        1626.    
    2818.        1629.    
    2985.        1631.    
    3162.        1633.    
    3350.        1635.    
    3548.        1638.    
    3758.        1640.    
    3981.        1642.    
    4217.        1644.    
    4467.        1647.    
    4732.        1649.    
    5012.        1651.    
    5309.        1653.    
    5623.        1656.    
    5957.        1658.    
    6310.        1660.    
    6683.        1663.    
    7079.        1665.    
    7499.        1667.    
    7943.        1669.    
    8414.        1672.    
    8913.        1674.    
    9441.        1676.    
   1.0000E+04    1679.    
   1.0593E+04    1681.    
   1.1220E+04    1683.    
   1.1885E+04    1685.    
   1.2589E+04    1688.    
   1.3335E+04    1690.    
   1.4125E+04    1692.    
   1.4962E+04    1695.    
   1.5849E+04    1697.    
   1.6788E+04    1699.    
   1.7783E+04    1702.    
   1.8836E+04    1704.    
   1.9953E+04    1706.    
   2.1135E+04    1709.    
   2.2387E+04    1711.    
   2.3714E+04    1713.    
   2.5119E+04    1716.    
   2.6607E+04    1718.    
   2.8184E+04    1720.    
   2.9854E+04    1723.    
   3.1623E+04    1725.    
   3.3497E+04    1727.    
   3.5481E+04    1730.    
   3.7584E+04    1732.    
   3.9811E+04    1735.    
   4.2170E+04    1737.    
   4.4668E+04    1739.    
   4.7315E+04    1742.    
   5.0119E+04    1744.    
   5.3088E+04    1747.    
   5.6234E+04    1749.    
   5.9566E+04    1751.    
   6.3096E+04    1754.    
   6.6834E+04    1756.    
   7.0795E+04    1759.    
   7.4989E+04    1761.    
   7.9433E+04    1764.    
   8.4140E+04    1766.    
   8.9125E+04    1769.    
   9.4406E+04    1771.    
   1.0000E+05    1774.    
   1.0593E+05    1776.    
   1.1220E+05    1779.    
   1.1885E+05    1781.    
   1.2589E+05    1784.    
   1.3335E+05    1786.    
   1.4125E+05    1789.    
   1.4962E+05    1792.    
   1.5849E+05    1794.    
   1.6788E+05    1797.    
   1.7783E+05    1799.    
   1.8836E+05    1802.    
   1.9953E+05    1804.    
   2.1135E+05    1807.    
   2.2387E+05    1810.    
   2.3714E+05    1812.    
   2.5119E+05    1815.    
   2.6607E+05    1817.    
   2.8184E+05    1820.    
   2.9854E+05    1823.    
   3.1623E+05    1825.    
   3.3497E+05    1828.    
   3.5481E+05    1830.    
   3.7584E+05    1833.    
   3.9811E+05    1836.    
   4.2170E+05    1838.    
   4.4668E+05    1841.    
   4.7315E+05    1844.    
   5.0119E+05    1846.    
   5.3088E+05    1849.    
   5.6234E+05    1852.    
   5.9566E+05    1854.    
   6.3096E+05    1857.    
   6.6834E+05    1859.    
   7.0795E+05    1862.    
   7.4989E+05    1865.    
   7.9433E+05    1867.    
   8.4140E+05    1870.    
   8.9125E+05    1873.    
   9.4406E+05    1875.    
   1.0000E+06    1878.    
   1.0593E+06    1881.    
   1.1220E+06    1884.    
   1.1885E+06    1886.    
   1.2589E+06    1889.    
   1.3335E+06    1892.    
   1.4125E+06    1895.    
   1.4962E+06    1898.    
   1.5849E+06    1900.    
   1.6788E+06    1903.    
   1.7783E+06    1906.    
   1.8836E+06    1909.    
   1.9953E+06    1911.    
   2.1135E+06    1914.    
   2.2387E+06    1917.    
   2.3714E+06    1920.    
   2.5119E+06    1923.    
   2.6607E+06    1925.    
   2.8184E+06    1928.    
   2.9854E+06    1931.    
   3.1623E+06    1934.    
   3.3497E+06    1936.    
   3.5481E+06    1939.    
   3.7584E+06    1942.    
   3.9811E+06    1945.    
   4.2170E+06    1947.    
   4.4668E+06    1950.    
   4.7315E+06    1953.    
   5.0119E+06    1955.    
   5.3088E+06    1958.    
   5.6234E+06    1961.    
   5.9566E+06    1964.    
   6.3096E+06    1966.    
   6.6834E+06    1969.    
   7.0795E+06    1972.    
   7.4989E+06    1975.    
   7.9433E+06    1977.    
   8.4140E+06    1980.    
   8.9125E+06    1983.    
   9.4406E+06    1985.    
   1.0000E+07    1988.    
   1.0593E+07    1991.    
   1.1220E+07    1994.    
   1.1885E+07    1996.    
   1.2589E+07    1999.    
   1.3335E+07    2002.    
   1.4125E+07    2005.    
   1.4962E+07    2007.    
   1.5849E+07    2010.    
   1.6788E+07    2013.    
   1.7783E+07    2016.    
   1.8836E+07    2018.    
   1.9953E+07    2021.    
   2.1135E+07    2024.    
   2.2387E+07    2026.    
   2.3714E+07    2029.    
   2.5119E+07    2032.    
   2.6607E+07    2034.    
   2.8184E+07    2037.    
   2.9854E+07    2040.    
   3.1623E+07    2042.    
   3.3497E+07    2045.    
   3.5481E+07    2048.    
   3.7584E+07    2050.    
   3.9811E+07    2053.    
   4.2170E+07    2056.    
   4.4668E+07    2058.    
   4.7315E+07    2061.    
   5.0119E+07    2064.    
   5.3088E+07    2066.    
   5.6234E+07    2069.    
   5.9566E+07    2071.    
   6.3096E+07    2074.    
   6.6834E+07    2077.    
   7.0795E+07    2079.    
   7.4989E+07    2082.    
   7.9433E+07    2084.    
   8.4140E+07    2087.    
   8.9125E+07    2090.    
   9.4406E+07    2092.    
   1.0000E+08    2095.    
   1.0593E+08    2097.    
   1.1220E+08    2100.    
   1.1885E+08    2102.    
   1.2589E+08    2105.    
   1.3335E+08    2108.    
   1.4125E+08    2110.    
   1.4962E+08    2113.    
   1.5849E+08    2115.    
   1.6788E+08    2118.    
   1.7783E+08    2120.    
   1.8836E+08    2123.    
   1.9953E+08    2125.    
   2.1135E+08    2128.    
   2.2387E+08    2130.    
   2.3714E+08    2133.    
   2.5119E+08    2135.    
   2.6607E+08    2138.    
   2.8184E+08    2140.    
   2.9854E+08    2143.    
   3.1623E+08    2145.    
   3.3497E+08    2147.    
   3.5481E+08    2150.    
   3.7584E+08    2152.    
   3.9811E+08    2155.    
   4.2170E+08    2157.    
   4.4668E+08    2160.    
   4.7315E+08    2162.    
   5.0119E+08    2165.    
   5.3088E+08    2167.    
   5.6234E+08    2169.    
   5.9566E+08    2172.    
   6.3096E+08    2174.    
   6.6834E+08    2177.    
   7.0795E+08    2179.    
   7.4989E+08    2181.    
   7.9433E+08    2184.    
   8.4140E+08    2186.    
   8.9125E+08    2189.    
   9.4406E+08    2191.    
   1.0000E+09    2193.    
   1.0593E+09    2196.    
   1.1220E+09    2198.    
   1.1885E+09    2200.    
   1.2589E+09    2203.    
   1.3335E+09    2205.    
   1.4125E+09    2207.    
   1.4962E+09    2210.    
   1.5849E+09    2212.    
   1.6788E+09    2214.    
   1.7783E+09    2217.    
   1.8836E+09    2219.    
   1.9953E+09    2221.    
   2.1135E+09    2223.    
   2.2387E+09    2226.    
   2.3714E+09    2228.    
   2.5119E+09    2230.    
   2.6607E+09    2233.    
   2.8184E+09    2235.    
   2.9854E+09    2237.    
   3.1623E+09    2239.    
   3.3497E+09    2242.    
   3.5481E+09    2244.    
   3.7584E+09    2246.    
   3.9811E+09    2248.    
   4.2170E+09    2250.    
   4.4668E+09    2253.    
   4.7315E+09    2255.    
   5.0119E+09    2257.    
   5.3088E+09    2259.    
   5.6234E+09    2261.    
   5.9566E+09    2264.    
   6.3096E+09    2266.    
   6.6834E+09    2268.    
   7.0795E+09    2270.    
   7.4989E+09    2272.    
   7.9433E+09    2274.    
   8.4140E+09    2277.    
   8.9125E+09    2279.    
   9.4406E+09    2281.    
   1.0000E+10    2283.    
   1.0593E+10    2285.    
   1.1220E+10    2287.    
   1.1885E+10    2289.    
   1.2589E+10    2291.    
   1.3335E+10    2293.    
   1.4125E+10    2296.    
   1.4962E+10    2298.    
   1.5849E+10    2300.    
   1.6788E+10    2302.    
   1.7783E+10    2304.    
   1.8836E+10    2306.    
   1.9953E+10    2308.    
   2.1135E+10    2310.    
   2.2387E+10    2312.    
   2.3714E+10    2314.    
   2.5119E+10    2316.    
   2.6607E+10    2318.    
   2.8184E+10    2320.    
   2.9854E+10    2322.    
   3.1623E+10    2324.    
   3.3497E+10    2326.    
   3.5481E+10    2328.    
   3.7584E+10    2330.    
   3.9811E+10    2332.    
   4.2170E+10    2334.    
   4.4668E+10    2336.    
   4.7315E+10    2338.    
   5.0119E+10    2340.    
   5.3088E+10    2342.    
   5.6234E+10    2344.    
   5.9566E+10    2345.    
   6.3096E+10    2347.    
   6.6834E+10    2349.    
   7.0795E+10    2351.    
   7.4989E+10    2353.    
   7.9433E+10    2355.    
   8.4140E+10    2357.    
   8.9125E+10    2359.    
   9.4406E+10    2360.    
   1.0000E+11    2362.    
   1.0593E+11    2364.    
   1.1220E+11    2366.    
   1.1885E+11    2368.    
   1.2589E+11    2370.    
   1.3335E+11    2371.    
   1.4125E+11    2373.    
   1.4962E+11    2375.    
   1.5849E+11    2377.    
   1.6788E+11    2379.    
   1.7783E+11    2380.    
   1.8836E+11    2382.    
   1.9953E+11    2384.    
   2.1135E+11    2386.    
   2.2387E+11    2387.    
   2.3714E+11    2389.    
   2.5119E+11    2391.    
   2.6607E+11    2393.    
   2.8184E+11    2394.    
   2.9854E+11    2396.    
   3.1623E+11    2398.    
   3.3497E+11    2399.    
   3.5481E+11    2401.    
   3.7584E+11    2403.    
   3.9811E+11    2404.    
   4.2170E+11    2406.    
   4.4668E+11    2408.    
   4.7315E+11    2409.    
   5.0119E+11    2411.    
   5.3088E+11    2413.    
   5.6234E+11    2414.    
   5.9566E+11    2416.    
   6.3096E+11    2418.    
   6.6834E+11    2419.    
   7.0795E+11    2421.    
   7.4989E+11    2422.    
   7.9433E+11    2424.    
   8.4140E+11    2426.    
   8.9125E+11    2427.    
   9.4406E+11    2429.    
