# pj= 5  -1  1
# tg= 184 1.000
    100.0        1280.    
    105.9        1282.    
    112.2        1285.    
    118.9        1287.    
    125.9        1290.    
    133.4        1292.    
    141.3        1295.    
    149.6        1297.    
    158.5        1300.    
    167.9        1302.    
    177.8        1305.    
    188.4        1307.    
    199.5        1310.    
    211.3        1312.    
    223.9        1314.    
    237.1        1317.    
    251.2        1319.    
    266.1        1322.    
    281.8        1324.    
    298.5        1327.    
    316.2        1329.    
    335.0        1332.    
    354.8        1334.    
    375.8        1337.    
    398.1        1339.    
    421.7        1341.    
    446.7        1344.    
    473.2        1346.    
    501.2        1349.    
    530.9        1351.    
    562.3        1353.    
    595.7        1356.    
    631.0        1358.    
    668.3        1361.    
    707.9        1363.    
    749.9        1366.    
    794.3        1368.    
    841.4        1370.    
    891.3        1373.    
    944.1        1375.    
    1000.        1377.    
    1059.        1380.    
    1122.        1382.    
    1189.        1384.    
    1259.        1386.    
    1334.        1389.    
    1413.        1391.    
    1496.        1393.    
    1585.        1395.    
    1679.        1398.    
    1778.        1400.    
    1884.        1402.    
    1995.        1404.    
    2113.        1407.    
    2239.        1409.    
    2371.        1411.    
    2512.        1414.    
    2661.        1416.    
    2818.        1418.    
    2985.        1421.    
    3162.        1423.    
    3350.        1425.    
    3548.        1427.    
    3758.        1430.    
    3981.        1432.    
    4217.        1434.    
    4467.        1437.    
    4732.        1439.    
    5012.        1441.    
    5309.        1444.    
    5623.        1446.    
    5957.        1448.    
    6310.        1451.    
    6683.        1453.    
    7079.        1456.    
    7499.        1458.    
    7943.        1460.    
    8414.        1463.    
    8913.        1465.    
    9441.        1467.    
   1.0000E+04    1470.    
   1.0593E+04    1472.    
   1.1220E+04    1475.    
   1.1885E+04    1477.    
   1.2589E+04    1479.    
   1.3335E+04    1482.    
   1.4125E+04    1484.    
   1.4962E+04    1486.    
   1.5849E+04    1489.    
   1.6788E+04    1491.    
   1.7783E+04    1494.    
   1.8836E+04    1496.    
   1.9953E+04    1499.    
   2.1135E+04    1501.    
   2.2387E+04    1503.    
   2.3714E+04    1506.    
   2.5119E+04    1508.    
   2.6607E+04    1511.    
   2.8184E+04    1513.    
   2.9854E+04    1516.    
   3.1623E+04    1518.    
   3.3497E+04    1521.    
   3.5481E+04    1523.    
   3.7584E+04    1526.    
   3.9811E+04    1528.    
   4.2170E+04    1531.    
   4.4668E+04    1533.    
   4.7315E+04    1536.    
   5.0119E+04    1538.    
   5.3088E+04    1541.    
   5.6234E+04    1543.    
   5.9566E+04    1546.    
   6.3096E+04    1548.    
   6.6834E+04    1551.    
   7.0795E+04    1553.    
   7.4989E+04    1556.    
   7.9433E+04    1559.    
   8.4140E+04    1561.    
   8.9125E+04    1564.    
   9.4406E+04    1566.    
   1.0000E+05    1569.    
   1.0593E+05    1572.    
   1.1220E+05    1574.    
   1.1885E+05    1577.    
   1.2589E+05    1580.    
   1.3335E+05    1582.    
   1.4125E+05    1585.    
   1.4962E+05    1588.    
   1.5849E+05    1590.    
   1.6788E+05    1593.    
   1.7783E+05    1596.    
   1.8836E+05    1598.    
   1.9953E+05    1601.    
   2.1135E+05    1604.    
   2.2387E+05    1606.    
   2.3714E+05    1609.    
   2.5119E+05    1612.    
   2.6607E+05    1615.    
   2.8184E+05    1617.    
   2.9854E+05    1620.    
   3.1623E+05    1623.    
   3.3497E+05    1625.    
   3.5481E+05    1628.    
   3.7584E+05    1631.    
   3.9811E+05    1634.    
   4.2170E+05    1636.    
   4.4668E+05    1639.    
   4.7315E+05    1642.    
   5.0119E+05    1645.    
   5.3088E+05    1647.    
   5.6234E+05    1650.    
   5.9566E+05    1653.    
   6.3096E+05    1656.    
   6.6834E+05    1658.    
   7.0795E+05    1661.    
   7.4989E+05    1664.    
   7.9433E+05    1667.    
   8.4140E+05    1669.    
   8.9125E+05    1672.    
   9.4406E+05    1675.    
   1.0000E+06    1678.    
   1.0593E+06    1680.    
   1.1220E+06    1683.    
   1.1885E+06    1686.    
   1.2589E+06    1689.    
   1.3335E+06    1692.    
   1.4125E+06    1695.    
   1.4962E+06    1698.    
   1.5849E+06    1701.    
   1.6788E+06    1703.    
   1.7783E+06    1706.    
   1.8836E+06    1709.    
   1.9953E+06    1712.    
   2.1135E+06    1715.    
   2.2387E+06    1718.    
   2.3714E+06    1721.    
   2.5119E+06    1723.    
   2.6607E+06    1726.    
   2.8184E+06    1729.    
   2.9854E+06    1732.    
   3.1623E+06    1735.    
   3.3497E+06    1737.    
   3.5481E+06    1740.    
   3.7584E+06    1743.    
   3.9811E+06    1746.    
   4.2170E+06    1749.    
   4.4668E+06    1752.    
   4.7315E+06    1754.    
   5.0119E+06    1757.    
   5.3088E+06    1760.    
   5.6234E+06    1763.    
   5.9566E+06    1766.    
   6.3096E+06    1768.    
   6.6834E+06    1771.    
   7.0795E+06    1774.    
   7.4989E+06    1777.    
   7.9433E+06    1779.    
   8.4140E+06    1782.    
   8.9125E+06    1785.    
   9.4406E+06    1788.    
   1.0000E+07    1790.    
   1.0593E+07    1793.    
   1.1220E+07    1796.    
   1.1885E+07    1799.    
   1.2589E+07    1802.    
   1.3335E+07    1804.    
   1.4125E+07    1807.    
   1.4962E+07    1810.    
   1.5849E+07    1813.    
   1.6788E+07    1815.    
   1.7783E+07    1818.    
   1.8836E+07    1821.    
   1.9953E+07    1823.    
   2.1135E+07    1826.    
   2.2387E+07    1829.    
   2.3714E+07    1832.    
   2.5119E+07    1834.    
   2.6607E+07    1837.    
   2.8184E+07    1840.    
   2.9854E+07    1842.    
   3.1623E+07    1845.    
   3.3497E+07    1848.    
   3.5481E+07    1850.    
   3.7584E+07    1853.    
   3.9811E+07    1856.    
   4.2170E+07    1858.    
   4.4668E+07    1861.    
   4.7315E+07    1864.    
   5.0119E+07    1866.    
   5.3088E+07    1869.    
   5.6234E+07    1871.    
   5.9566E+07    1874.    
   6.3096E+07    1877.    
   6.6834E+07    1879.    
   7.0795E+07    1882.    
   7.4989E+07    1884.    
   7.9433E+07    1887.    
   8.4140E+07    1890.    
   8.9125E+07    1892.    
   9.4406E+07    1895.    
   1.0000E+08    1897.    
   1.0593E+08    1900.    
   1.1220E+08    1902.    
   1.1885E+08    1905.    
   1.2589E+08    1907.    
   1.3335E+08    1910.    
   1.4125E+08    1912.    
   1.4962E+08    1915.    
   1.5849E+08    1917.    
   1.6788E+08    1920.    
   1.7783E+08    1922.    
   1.8836E+08    1925.    
   1.9953E+08    1927.    
   2.1135E+08    1930.    
   2.2387E+08    1932.    
   2.3714E+08    1935.    
   2.5119E+08    1937.    
   2.6607E+08    1939.    
   2.8184E+08    1942.    
   2.9854E+08    1944.    
   3.1623E+08    1947.    
   3.3497E+08    1949.    
   3.5481E+08    1952.    
   3.7584E+08    1954.    
   3.9811E+08    1956.    
   4.2170E+08    1959.    
   4.4668E+08    1961.    
   4.7315E+08    1963.    
   5.0119E+08    1966.    
   5.3088E+08    1968.    
   5.6234E+08    1971.    
   5.9566E+08    1973.    
   6.3096E+08    1975.    
   6.6834E+08    1978.    
   7.0795E+08    1980.    
   7.4989E+08    1982.    
   7.9433E+08    1985.    
   8.4140E+08    1987.    
   8.9125E+08    1989.    
   9.4406E+08    1992.    
   1.0000E+09    1994.    
   1.0593E+09    1996.    
   1.1220E+09    1998.    
   1.1885E+09    2001.    
   1.2589E+09    2003.    
   1.3335E+09    2005.    
   1.4125E+09    2008.    
   1.4962E+09    2010.    
   1.5849E+09    2012.    
   1.6788E+09    2014.    
   1.7783E+09    2017.    
   1.8836E+09    2019.    
   1.9953E+09    2021.    
   2.1135E+09    2023.    
   2.2387E+09    2025.    
   2.3714E+09    2028.    
   2.5119E+09    2030.    
   2.6607E+09    2032.    
   2.8184E+09    2034.    
   2.9854E+09    2036.    
   3.1623E+09    2039.    
   3.3497E+09    2041.    
   3.5481E+09    2043.    
   3.7584E+09    2045.    
   3.9811E+09    2047.    
   4.2170E+09    2049.    
   4.4668E+09    2052.    
   4.7315E+09    2054.    
   5.0119E+09    2056.    
   5.3088E+09    2058.    
   5.6234E+09    2060.    
   5.9566E+09    2062.    
   6.3096E+09    2064.    
   6.6834E+09    2066.    
   7.0795E+09    2068.    
   7.4989E+09    2070.    
   7.9433E+09    2072.    
   8.4140E+09    2075.    
   8.9125E+09    2077.    
   9.4406E+09    2079.    
   1.0000E+10    2081.    
   1.0593E+10    2083.    
   1.1220E+10    2085.    
   1.1885E+10    2087.    
   1.2589E+10    2089.    
   1.3335E+10    2091.    
   1.4125E+10    2093.    
   1.4962E+10    2095.    
   1.5849E+10    2097.    
   1.6788E+10    2099.    
   1.7783E+10    2101.    
   1.8836E+10    2103.    
   1.9953E+10    2105.    
   2.1135E+10    2106.    
   2.2387E+10    2108.    
   2.3714E+10    2110.    
   2.5119E+10    2112.    
   2.6607E+10    2114.    
   2.8184E+10    2116.    
   2.9854E+10    2118.    
   3.1623E+10    2120.    
   3.3497E+10    2122.    
   3.5481E+10    2124.    
   3.7584E+10    2125.    
   3.9811E+10    2127.    
   4.2170E+10    2129.    
   4.4668E+10    2131.    
   4.7315E+10    2133.    
   5.0119E+10    2135.    
   5.3088E+10    2136.    
   5.6234E+10    2138.    
   5.9566E+10    2140.    
   6.3096E+10    2142.    
   6.6834E+10    2144.    
   7.0795E+10    2145.    
   7.4989E+10    2147.    
   7.9433E+10    2149.    
   8.4140E+10    2151.    
   8.9125E+10    2152.    
   9.4406E+10    2154.    
   1.0000E+11    2156.    
   1.0593E+11    2158.    
   1.1220E+11    2159.    
   1.1885E+11    2161.    
   1.2589E+11    2163.    
   1.3335E+11    2164.    
   1.4125E+11    2166.    
   1.4962E+11    2168.    
   1.5849E+11    2169.    
   1.6788E+11    2171.    
   1.7783E+11    2173.    
   1.8836E+11    2174.    
   1.9953E+11    2176.    
   2.1135E+11    2178.    
   2.2387E+11    2179.    
   2.3714E+11    2181.    
   2.5119E+11    2182.    
   2.6607E+11    2184.    
   2.8184E+11    2186.    
   2.9854E+11    2187.    
   3.1623E+11    2189.    
   3.3497E+11    2190.    
   3.5481E+11    2192.    
   3.7584E+11    2193.    
   3.9811E+11    2195.    
   4.2170E+11    2196.    
   4.4668E+11    2198.    
   4.7315E+11    2199.    
   5.0119E+11    2201.    
   5.3088E+11    2202.    
   5.6234E+11    2204.    
   5.9566E+11    2205.    
   6.3096E+11    2207.    
   6.6834E+11    2208.    
   7.0795E+11    2210.    
   7.4989E+11    2211.    
   7.9433E+11    2213.    
   8.4140E+11    2214.    
   8.9125E+11    2215.    
   9.4406E+11    2217.    
