# pj= 5  -1  1
# tg=  14 0.781  16 0.210  40 0.009
    100.0        173.2    
    105.9        173.7    
    112.2        174.3    
    118.9        174.9    
    125.9        175.5    
    133.4        176.1    
    141.3        176.7    
    149.6        177.3    
    158.5        177.9    
    167.9        178.5    
    177.8        179.1    
    188.4        179.7    
    199.5        180.2    
    211.3        180.8    
    223.9        181.4    
    237.1        182.0    
    251.2        182.6    
    266.1        183.2    
    281.8        183.8    
    298.5        184.4    
    316.2        185.0    
    335.0        185.6    
    354.8        186.2    
    375.8        186.9    
    398.1        187.5    
    421.7        188.1    
    446.7        188.7    
    473.2        189.3    
    501.2        189.9    
    530.9        190.5    
    562.3        191.1    
    595.7        191.7    
    631.0        192.3    
    668.3        192.9    
    707.9        193.6    
    749.9        194.2    
    794.3        194.8    
    841.4        195.4    
    891.3        196.0    
    944.1        196.6    
    1000.        197.3    
    1059.        197.8    
    1122.        198.4    
    1189.        199.0    
    1259.        199.6    
    1334.        200.2    
    1413.        200.8    
    1496.        201.4    
    1585.        202.0    
    1679.        202.6    
    1778.        203.2    
    1884.        203.8    
    1995.        204.4    
    2113.        205.0    
    2239.        205.6    
    2371.        206.3    
    2512.        206.9    
    2661.        207.5    
    2818.        208.1    
    2985.        208.8    
    3162.        209.4    
    3350.        210.0    
    3548.        210.6    
    3758.        211.3    
    3981.        211.9    
    4217.        212.6    
    4467.        213.2    
    4732.        213.9    
    5012.        214.5    
    5309.        215.2    
    5623.        215.8    
    5957.        216.5    
    6310.        217.1    
    6683.        217.8    
    7079.        218.5    
    7499.        219.1    
    7943.        219.8    
    8414.        220.5    
    8913.        221.2    
    9441.        221.8    
   1.0000E+04    222.5    
   1.0593E+04    223.2    
   1.1220E+04    223.9    
   1.1885E+04    224.6    
   1.2589E+04    225.3    
   1.3335E+04    226.0    
   1.4125E+04    226.6    
   1.4962E+04    227.3    
   1.5849E+04    228.0    
   1.6788E+04    228.8    
   1.7783E+04    229.5    
   1.8836E+04    230.2    
   1.9953E+04    230.9    
   2.1135E+04    231.6    
   2.2387E+04    232.3    
   2.3714E+04    233.0    
   2.5119E+04    233.8    
   2.6607E+04    234.5    
   2.8184E+04    235.2    
   2.9854E+04    236.0    
   3.1623E+04    236.7    
   3.3497E+04    237.5    
   3.5481E+04    238.2    
   3.7584E+04    239.0    
   3.9811E+04    239.7    
   4.2170E+04    240.5    
   4.4668E+04    241.2    
   4.7315E+04    242.0    
   5.0119E+04    242.7    
   5.3088E+04    243.5    
   5.6234E+04    244.3    
   5.9566E+04    245.1    
   6.3096E+04    245.9    
   6.6834E+04    246.6    
   7.0795E+04    247.4    
   7.4989E+04    248.2    
   7.9433E+04    249.0    
   8.4140E+04    249.8    
   8.9125E+04    250.6    
   9.4406E+04    251.4    
   1.0000E+05    252.2    
   1.0593E+05    253.1    
   1.1220E+05    253.9    
   1.1885E+05    254.7    
   1.2589E+05    255.6    
   1.3335E+05    256.4    
   1.4125E+05    257.3    
   1.4962E+05    258.1    
   1.5849E+05    259.0    
   1.6788E+05    259.8    
   1.7783E+05    260.7    
   1.8836E+05    261.6    
   1.9953E+05    262.4    
   2.1135E+05    263.3    
   2.2387E+05    264.2    
   2.3714E+05    265.0    
   2.5119E+05    265.9    
   2.6607E+05    266.8    
   2.8184E+05    267.7    
   2.9854E+05    268.5    
   3.1623E+05    269.4    
   3.3497E+05    270.3    
   3.5481E+05    271.2    
   3.7584E+05    272.1    
   3.9811E+05    273.0    
   4.2170E+05    273.9    
   4.4668E+05    274.8    
   4.7315E+05    275.7    
   5.0119E+05    276.6    
   5.3088E+05    277.5    
   5.6234E+05    278.4    
   5.9566E+05    279.4    
   6.3096E+05    280.3    
   6.6834E+05    281.2    
   7.0795E+05    282.1    
   7.4989E+05    283.1    
   7.9433E+05    284.0    
   8.4140E+05    284.9    
   8.9125E+05    285.9    
   9.4406E+05    286.8    
   1.0000E+06    287.7    
   1.0593E+06    288.7    
   1.1220E+06    289.7    
   1.1885E+06    290.7    
   1.2589E+06    291.7    
   1.3335E+06    292.7    
   1.4125E+06    293.7    
   1.4962E+06    294.7    
   1.5849E+06    295.7    
   1.6788E+06    296.6    
   1.7783E+06    297.6    
   1.8836E+06    298.6    
   1.9953E+06    299.6    
   2.1135E+06    300.6    
   2.2387E+06    301.6    
   2.3714E+06    302.6    
   2.5119E+06    303.6    
   2.6607E+06    304.6    
   2.8184E+06    305.6    
   2.9854E+06    306.6    
   3.1623E+06    307.6    
   3.3497E+06    308.7    
   3.5481E+06    309.7    
   3.7584E+06    310.7    
   3.9811E+06    311.7    
   4.2170E+06    312.7    
   4.4668E+06    313.7    
   4.7315E+06    314.7    
   5.0119E+06    315.7    
   5.3088E+06    316.7    
   5.6234E+06    317.7    
   5.9566E+06    318.8    
   6.3096E+06    319.8    
   6.6834E+06    320.8    
   7.0795E+06    321.8    
   7.4989E+06    322.8    
   7.9433E+06    323.8    
   8.4140E+06    324.9    
   8.9125E+06    325.9    
   9.4406E+06    326.9    
   1.0000E+07    327.9    
   1.0593E+07    329.0    
   1.1220E+07    330.0    
   1.1885E+07    331.0    
   1.2589E+07    332.1    
   1.3335E+07    333.1    
   1.4125E+07    334.2    
   1.4962E+07    335.2    
   1.5849E+07    336.2    
   1.6788E+07    337.3    
   1.7783E+07    338.3    
   1.8836E+07    339.3    
   1.9953E+07    340.4    
   2.1135E+07    341.4    
   2.2387E+07    342.5    
   2.3714E+07    343.5    
   2.5119E+07    344.5    
   2.6607E+07    345.6    
   2.8184E+07    346.6    
   2.9854E+07    347.6    
   3.1623E+07    348.7    
   3.3497E+07    349.7    
   3.5481E+07    350.7    
   3.7584E+07    351.7    
   3.9811E+07    352.8    
   4.2170E+07    353.8    
   4.4668E+07    354.8    
   4.7315E+07    355.8    
   5.0119E+07    356.9    
   5.3088E+07    357.9    
   5.6234E+07    358.9    
   5.9566E+07    359.9    
   6.3096E+07    361.0    
   6.6834E+07    362.0    
   7.0795E+07    363.0    
   7.4989E+07    364.0    
   7.9433E+07    365.0    
   8.4140E+07    366.1    
   8.9125E+07    367.1    
   9.4406E+07    368.1    
   1.0000E+08    369.1    
   1.0593E+08    370.1    
   1.1220E+08    371.1    
   1.1885E+08    372.1    
   1.2589E+08    373.1    
   1.3335E+08    374.1    
   1.4125E+08    375.1    
   1.4962E+08    376.1    
   1.5849E+08    377.1    
   1.6788E+08    378.1    
   1.7783E+08    379.1    
   1.8836E+08    380.1    
   1.9953E+08    381.1    
   2.1135E+08    382.1    
   2.2387E+08    383.1    
   2.3714E+08    384.0    
   2.5119E+08    385.0    
   2.6607E+08    386.0    
   2.8184E+08    387.0    
   2.9854E+08    388.0    
   3.1623E+08    389.0    
   3.3497E+08    390.0    
   3.5481E+08    390.9    
   3.7584E+08    391.9    
   3.9811E+08    392.9    
   4.2170E+08    393.9    
   4.4668E+08    394.8    
   4.7315E+08    395.8    
   5.0119E+08    396.8    
   5.3088E+08    397.7    
   5.6234E+08    398.7    
   5.9566E+08    399.7    
   6.3096E+08    400.6    
   6.6834E+08    401.6    
   7.0795E+08    402.6    
   7.4989E+08    403.5    
   7.9433E+08    404.5    
   8.4140E+08    405.4    
   8.9125E+08    406.4    
   9.4406E+08    407.3    
   1.0000E+09    408.3    
   1.0593E+09    409.2    
   1.1220E+09    410.2    
   1.1885E+09    411.1    
   1.2589E+09    412.0    
   1.3335E+09    413.0    
   1.4125E+09    413.9    
   1.4962E+09    414.9    
   1.5849E+09    415.8    
   1.6788E+09    416.7    
   1.7783E+09    417.6    
   1.8836E+09    418.6    
   1.9953E+09    419.5    
   2.1135E+09    420.4    
   2.2387E+09    421.3    
   2.3714E+09    422.2    
   2.5119E+09    423.2    
   2.6607E+09    424.1    
   2.8184E+09    425.0    
   2.9854E+09    425.9    
   3.1623E+09    426.8    
   3.3497E+09    427.7    
   3.5481E+09    428.6    
   3.7584E+09    429.5    
   3.9811E+09    430.4    
   4.2170E+09    431.3    
   4.4668E+09    432.2    
   4.7315E+09    433.1    
   5.0119E+09    433.9    
   5.3088E+09    434.8    
   5.6234E+09    435.7    
   5.9566E+09    436.6    
   6.3096E+09    437.5    
   6.6834E+09    438.3    
   7.0795E+09    439.2    
   7.4989E+09    440.1    
   7.9433E+09    440.9    
   8.4140E+09    441.8    
   8.9125E+09    442.7    
   9.4406E+09    443.5    
   1.0000E+10    444.4    
   1.0593E+10    445.2    
   1.1220E+10    446.1    
   1.1885E+10    446.9    
   1.2589E+10    447.7    
   1.3335E+10    448.6    
   1.4125E+10    449.4    
   1.4962E+10    450.2    
   1.5849E+10    451.1    
   1.6788E+10    451.9    
   1.7783E+10    452.7    
   1.8836E+10    453.5    
   1.9953E+10    454.4    
   2.1135E+10    455.2    
   2.2387E+10    456.0    
   2.3714E+10    456.8    
   2.5119E+10    457.6    
   2.6607E+10    458.4    
   2.8184E+10    459.2    
   2.9854E+10    460.0    
   3.1623E+10    460.8    
   3.3497E+10    461.6    
   3.5481E+10    462.3    
   3.7584E+10    463.1    
   3.9811E+10    463.9    
   4.2170E+10    464.7    
   4.4668E+10    465.5    
   4.7315E+10    466.2    
   5.0119E+10    467.0    
   5.3088E+10    467.7    
   5.6234E+10    468.5    
   5.9566E+10    469.3    
   6.3096E+10    470.0    
   6.6834E+10    470.8    
   7.0795E+10    471.5    
   7.4989E+10    472.2    
   7.9433E+10    473.0    
   8.4140E+10    473.7    
   8.9125E+10    474.4    
   9.4406E+10    475.2    
   1.0000E+11    475.9    
   1.0593E+11    476.6    
   1.1220E+11    477.3    
   1.1885E+11    478.0    
   1.2589E+11    478.7    
   1.3335E+11    479.4    
   1.4125E+11    480.1    
   1.4962E+11    480.8    
   1.5849E+11    481.5    
   1.6788E+11    482.2    
   1.7783E+11    482.9    
   1.8836E+11    483.5    
   1.9953E+11    484.2    
   2.1135E+11    484.9    
   2.2387E+11    485.6    
   2.3714E+11    486.2    
   2.5119E+11    486.9    
   2.6607E+11    487.5    
   2.8184E+11    488.2    
   2.9854E+11    488.8    
   3.1623E+11    489.5    
   3.3497E+11    490.1    
   3.5481E+11    490.7    
   3.7584E+11    491.4    
   3.9811E+11    492.0    
   4.2170E+11    492.6    
   4.4668E+11    493.2    
   4.7315E+11    493.9    
   5.0119E+11    494.5    
   5.3088E+11    495.1    
   5.6234E+11    495.7    
   5.9566E+11    496.3    
   6.3096E+11    496.9    
   6.6834E+11    497.4    
   7.0795E+11    498.0    
   7.4989E+11    498.6    
   7.9433E+11    499.2    
   8.4140E+11    499.8    
   8.9125E+11    500.3    
   9.4406E+11    500.9    
