# pj= 6  -1  1
# tg=   1 1.000
    100.0        29.81    
    105.9        29.95    
    112.2        30.08    
    118.9        30.21    
    125.9        30.35    
    133.4        30.48    
    141.3        30.61    
    149.6        30.75    
    158.5        30.88    
    167.9        31.02    
    177.8        31.15    
    188.4        31.28    
    199.5        31.42    
    211.3        31.56    
    223.9        31.69    
    237.1        31.83    
    251.2        31.96    
    266.1        32.10    
    281.8        32.24    
    298.5        32.37    
    316.2        32.51    
    335.0        32.65    
    354.8        32.78    
    375.8        32.92    
    398.1        33.06    
    421.7        33.20    
    446.7        33.34    
    473.2        33.47    
    501.2        33.61    
    530.9        33.75    
    562.3        33.89    
    595.7        34.03    
    631.0        34.17    
    668.3        34.31    
    707.9        34.45    
    749.9        34.59    
    794.3        34.73    
    841.4        34.87    
    891.3        35.01    
    944.1        35.15    
    1000.        35.29    
    1059.        35.42    
    1122.        35.55    
    1189.        35.69    
    1259.        35.82    
    1334.        35.95    
    1413.        36.09    
    1496.        36.22    
    1585.        36.36    
    1679.        36.49    
    1778.        36.63    
    1884.        36.77    
    1995.        36.91    
    2113.        37.04    
    2239.        37.18    
    2371.        37.32    
    2512.        37.46    
    2661.        37.60    
    2818.        37.75    
    2985.        37.89    
    3162.        38.03    
    3350.        38.17    
    3548.        38.32    
    3758.        38.46    
    3981.        38.61    
    4217.        38.75    
    4467.        38.90    
    4732.        39.05    
    5012.        39.20    
    5309.        39.34    
    5623.        39.49    
    5957.        39.64    
    6310.        39.79    
    6683.        39.94    
    7079.        40.10    
    7499.        40.25    
    7943.        40.40    
    8414.        40.55    
    8913.        40.71    
    9441.        40.86    
   1.0000E+04    41.02    
   1.0593E+04    41.17    
   1.1220E+04    41.32    
   1.1885E+04    41.47    
   1.2589E+04    41.63    
   1.3335E+04    41.78    
   1.4125E+04    41.94    
   1.4962E+04    42.09    
   1.5849E+04    42.25    
   1.6788E+04    42.41    
   1.7783E+04    42.57    
   1.8836E+04    42.73    
   1.9953E+04    42.89    
   2.1135E+04    43.05    
   2.2387E+04    43.22    
   2.3714E+04    43.38    
   2.5119E+04    43.54    
   2.6607E+04    43.71    
   2.8184E+04    43.88    
   2.9854E+04    44.05    
   3.1623E+04    44.22    
   3.3497E+04    44.39    
   3.5481E+04    44.56    
   3.7584E+04    44.73    
   3.9811E+04    44.90    
   4.2170E+04    45.08    
   4.4668E+04    45.26    
   4.7315E+04    45.43    
   5.0119E+04    45.61    
   5.3088E+04    45.79    
   5.6234E+04    45.97    
   5.9566E+04    46.15    
   6.3096E+04    46.33    
   6.6834E+04    46.52    
   7.0795E+04    46.70    
   7.4989E+04    46.89    
   7.9433E+04    47.08    
   8.4140E+04    47.27    
   8.9125E+04    47.45    
   9.4406E+04    47.65    
   1.0000E+05    47.84    
   1.0593E+05    48.03    
   1.1220E+05    48.23    
   1.1885E+05    48.43    
   1.2589E+05    48.62    
   1.3335E+05    48.82    
   1.4125E+05    49.03    
   1.4962E+05    49.23    
   1.5849E+05    49.43    
   1.6788E+05    49.64    
   1.7783E+05    49.84    
   1.8836E+05    50.05    
   1.9953E+05    50.26    
   2.1135E+05    50.47    
   2.2387E+05    50.68    
   2.3714E+05    50.89    
   2.5119E+05    51.10    
   2.6607E+05    51.32    
   2.8184E+05    51.53    
   2.9854E+05    51.75    
   3.1623E+05    51.97    
   3.3497E+05    52.19    
   3.5481E+05    52.41    
   3.7584E+05    52.63    
   3.9811E+05    52.85    
   4.2170E+05    53.08    
   4.4668E+05    53.30    
   4.7315E+05    53.53    
   5.0119E+05    53.76    
   5.3088E+05    53.99    
   5.6234E+05    54.22    
   5.9566E+05    54.45    
   6.3096E+05    54.69    
   6.6834E+05    54.92    
   7.0795E+05    55.16    
   7.4989E+05    55.40    
   7.9433E+05    55.64    
   8.4140E+05    55.88    
   8.9125E+05    56.12    
   9.4406E+05    56.37    
   1.0000E+06    56.61    
   1.0593E+06    56.87    
   1.1220E+06    57.13    
   1.1885E+06    57.39    
   1.2589E+06    57.66    
   1.3335E+06    57.92    
   1.4125E+06    58.18    
   1.4962E+06    58.45    
   1.5849E+06    58.71    
   1.6788E+06    58.98    
   1.7783E+06    59.25    
   1.8836E+06    59.52    
   1.9953E+06    59.79    
   2.1135E+06    60.06    
   2.2387E+06    60.33    
   2.3714E+06    60.60    
   2.5119E+06    60.88    
   2.6607E+06    61.15    
   2.8184E+06    61.43    
   2.9854E+06    61.70    
   3.1623E+06    61.98    
   3.3497E+06    62.26    
   3.5481E+06    62.54    
   3.7584E+06    62.83    
   3.9811E+06    63.11    
   4.2170E+06    63.39    
   4.4668E+06    63.68    
   4.7315E+06    63.96    
   5.0119E+06    64.25    
   5.3088E+06    64.54    
   5.6234E+06    64.83    
   5.9566E+06    65.12    
   6.3096E+06    65.41    
   6.6834E+06    65.70    
   7.0795E+06    66.00    
   7.4989E+06    66.29    
   7.9433E+06    66.59    
   8.4140E+06    66.88    
   8.9125E+06    67.18    
   9.4406E+06    67.48    
   1.0000E+07    67.78    
   1.0593E+07    68.09    
   1.1220E+07    68.41    
   1.1885E+07    68.72    
   1.2589E+07    69.04    
   1.3335E+07    69.35    
   1.4125E+07    69.67    
   1.4962E+07    69.98    
   1.5849E+07    70.30    
   1.6788E+07    70.62    
   1.7783E+07    70.93    
   1.8836E+07    71.25    
   1.9953E+07    71.57    
   2.1135E+07    71.89    
   2.2387E+07    72.21    
   2.3714E+07    72.54    
   2.5119E+07    72.86    
   2.6607E+07    73.18    
   2.8184E+07    73.51    
   2.9854E+07    73.83    
   3.1623E+07    74.15    
   3.3497E+07    74.48    
   3.5481E+07    74.81    
   3.7584E+07    75.13    
   3.9811E+07    75.46    
   4.2170E+07    75.79    
   4.4668E+07    76.12    
   4.7315E+07    76.44    
   5.0119E+07    76.77    
   5.3088E+07    77.10    
   5.6234E+07    77.44    
   5.9566E+07    77.77    
   6.3096E+07    78.10    
   6.6834E+07    78.43    
   7.0795E+07    78.77    
   7.4989E+07    79.10    
   7.9433E+07    79.43    
   8.4140E+07    79.77    
   8.9125E+07    80.10    
   9.4406E+07    80.44    
   1.0000E+08    80.78    
   1.0593E+08    81.12    
   1.1220E+08    81.46    
   1.1885E+08    81.80    
   1.2589E+08    82.14    
   1.3335E+08    82.48    
   1.4125E+08    82.83    
   1.4962E+08    83.17    
   1.5849E+08    83.51    
   1.6788E+08    83.85    
   1.7783E+08    84.20    
   1.8836E+08    84.54    
   1.9953E+08    84.89    
   2.1135E+08    85.23    
   2.2387E+08    85.58    
   2.3714E+08    85.92    
   2.5119E+08    86.27    
   2.6607E+08    86.61    
   2.8184E+08    86.96    
   2.9854E+08    87.30    
   3.1623E+08    87.65    
   3.3497E+08    88.00    
   3.5481E+08    88.34    
   3.7584E+08    88.69    
   3.9811E+08    89.04    
   4.2170E+08    89.39    
   4.4668E+08    89.73    
   4.7315E+08    90.08    
   5.0119E+08    90.43    
   5.3088E+08    90.78    
   5.6234E+08    91.13    
   5.9566E+08    91.47    
   6.3096E+08    91.82    
   6.6834E+08    92.17    
   7.0795E+08    92.52    
   7.4989E+08    92.87    
   7.9433E+08    93.22    
   8.4140E+08    93.57    
   8.9125E+08    93.92    
   9.4406E+08    94.27    
   1.0000E+09    94.62    
   1.0593E+09    94.96    
   1.1220E+09    95.31    
   1.1885E+09    95.66    
   1.2589E+09    96.01    
   1.3335E+09    96.36    
   1.4125E+09    96.71    
   1.4962E+09    97.06    
   1.5849E+09    97.41    
   1.6788E+09    97.76    
   1.7783E+09    98.11    
   1.8836E+09    98.46    
   1.9953E+09    98.81    
   2.1135E+09    99.16    
   2.2387E+09    99.51    
   2.3714E+09    99.86    
   2.5119E+09    100.2    
   2.6607E+09    100.6    
   2.8184E+09    100.9    
   2.9854E+09    101.3    
   3.1623E+09    101.6    
   3.3497E+09    101.9    
   3.5481E+09    102.3    
   3.7584E+09    102.6    
   3.9811E+09    103.0    
   4.2170E+09    103.3    
   4.4668E+09    103.7    
   4.7315E+09    104.0    
   5.0119E+09    104.4    
   5.3088E+09    104.7    
   5.6234E+09    105.1    
   5.9566E+09    105.4    
   6.3096E+09    105.8    
   6.6834E+09    106.1    
   7.0795E+09    106.5    
   7.4989E+09    106.8    
   7.9433E+09    107.2    
   8.4140E+09    107.5    
   8.9125E+09    107.8    
   9.4406E+09    108.2    
   1.0000E+10    108.5    
   1.0593E+10    108.9    
   1.1220E+10    109.2    
   1.1885E+10    109.6    
   1.2589E+10    109.9    
   1.3335E+10    110.2    
   1.4125E+10    110.6    
   1.4962E+10    110.9    
   1.5849E+10    111.3    
   1.6788E+10    111.6    
   1.7783E+10    112.0    
   1.8836E+10    112.3    
   1.9953E+10    112.6    
   2.1135E+10    113.0    
   2.2387E+10    113.3    
   2.3714E+10    113.7    
   2.5119E+10    114.0    
   2.6607E+10    114.3    
   2.8184E+10    114.7    
   2.9854E+10    115.0    
   3.1623E+10    115.3    
   3.3497E+10    115.7    
   3.5481E+10    116.0    
   3.7584E+10    116.3    
   3.9811E+10    116.7    
   4.2170E+10    117.0    
   4.4668E+10    117.3    
   4.7315E+10    117.7    
   5.0119E+10    118.0    
   5.3088E+10    118.3    
   5.6234E+10    118.7    
   5.9566E+10    119.0    
   6.3096E+10    119.3    
   6.6834E+10    119.6    
   7.0795E+10    120.0    
   7.4989E+10    120.3    
   7.9433E+10    120.6    
   8.4140E+10    121.0    
   8.9125E+10    121.3    
   9.4406E+10    121.6    
   1.0000E+11    121.9    
   1.0593E+11    122.2    
   1.1220E+11    122.6    
   1.1885E+11    122.9    
   1.2589E+11    123.2    
   1.3335E+11    123.5    
   1.4125E+11    123.8    
   1.4962E+11    124.2    
   1.5849E+11    124.5    
   1.6788E+11    124.8    
   1.7783E+11    125.1    
   1.8836E+11    125.4    
   1.9953E+11    125.7    
   2.1135E+11    126.1    
   2.2387E+11    126.4    
   2.3714E+11    126.7    
   2.5119E+11    127.0    
   2.6607E+11    127.3    
   2.8184E+11    127.6    
   2.9854E+11    127.9    
   3.1623E+11    128.2    
   3.3497E+11    128.5    
   3.5481E+11    128.8    
   3.7584E+11    129.1    
   3.9811E+11    129.4    
   4.2170E+11    129.7    
   4.4668E+11    130.0    
   4.7315E+11    130.3    
   5.0119E+11    130.6    
   5.3088E+11    130.9    
   5.6234E+11    131.2    
   5.9566E+11    131.5    
   6.3096E+11    131.8    
   6.6834E+11    132.1    
   7.0795E+11    132.4    
   7.4989E+11    132.7    
   7.9433E+11    133.0    
   8.4140E+11    133.3    
   8.9125E+11    133.6    
   9.4406E+11    133.8    
