# pj= 6  -1  1
# tg= 207 1.000
    100.0        1735.    
    105.9        1737.    
    112.2        1739.    
    118.9        1742.    
    125.9        1744.    
    133.4        1746.    
    141.3        1748.    
    149.6        1751.    
    158.5        1753.    
    167.9        1755.    
    177.8        1757.    
    188.4        1760.    
    199.5        1762.    
    211.3        1764.    
    223.9        1766.    
    237.1        1768.    
    251.2        1771.    
    266.1        1773.    
    281.8        1775.    
    298.5        1777.    
    316.2        1779.    
    335.0        1782.    
    354.8        1784.    
    375.8        1786.    
    398.1        1788.    
    421.7        1790.    
    446.7        1792.    
    473.2        1795.    
    501.2        1797.    
    530.9        1799.    
    562.3        1801.    
    595.7        1803.    
    631.0        1805.    
    668.3        1807.    
    707.9        1809.    
    749.9        1812.    
    794.3        1814.    
    841.4        1816.    
    891.3        1818.    
    944.1        1820.    
    1000.        1822.    
    1059.        1824.    
    1122.        1826.    
    1189.        1828.    
    1259.        1830.    
    1334.        1832.    
    1413.        1834.    
    1496.        1836.    
    1585.        1838.    
    1679.        1840.    
    1778.        1841.    
    1884.        1843.    
    1995.        1845.    
    2113.        1847.    
    2239.        1849.    
    2371.        1851.    
    2512.        1853.    
    2661.        1855.    
    2818.        1857.    
    2985.        1859.    
    3162.        1861.    
    3350.        1863.    
    3548.        1865.    
    3758.        1867.    
    3981.        1869.    
    4217.        1871.    
    4467.        1873.    
    4732.        1875.    
    5012.        1877.    
    5309.        1879.    
    5623.        1881.    
    5957.        1883.    
    6310.        1885.    
    6683.        1887.    
    7079.        1889.    
    7499.        1891.    
    7943.        1893.    
    8414.        1895.    
    8913.        1897.    
    9441.        1899.    
   1.0000E+04    1901.    
   1.0593E+04    1903.    
   1.1220E+04    1905.    
   1.1885E+04    1906.    
   1.2589E+04    1908.    
   1.3335E+04    1910.    
   1.4125E+04    1912.    
   1.4962E+04    1914.    
   1.5849E+04    1916.    
   1.6788E+04    1918.    
   1.7783E+04    1920.    
   1.8836E+04    1922.    
   1.9953E+04    1924.    
   2.1135E+04    1926.    
   2.2387E+04    1928.    
   2.3714E+04    1930.    
   2.5119E+04    1932.    
   2.6607E+04    1934.    
   2.8184E+04    1936.    
   2.9854E+04    1938.    
   3.1623E+04    1940.    
   3.3497E+04    1942.    
   3.5481E+04    1944.    
   3.7584E+04    1946.    
   3.9811E+04    1948.    
   4.2170E+04    1950.    
   4.4668E+04    1952.    
   4.7315E+04    1954.    
   5.0119E+04    1956.    
   5.3088E+04    1959.    
   5.6234E+04    1961.    
   5.9566E+04    1963.    
   6.3096E+04    1965.    
   6.6834E+04    1967.    
   7.0795E+04    1969.    
   7.4989E+04    1971.    
   7.9433E+04    1973.    
   8.4140E+04    1975.    
   8.9125E+04    1977.    
   9.4406E+04    1980.    
   1.0000E+05    1982.    
   1.0593E+05    1984.    
   1.1220E+05    1986.    
   1.1885E+05    1988.    
   1.2589E+05    1990.    
   1.3335E+05    1992.    
   1.4125E+05    1995.    
   1.4962E+05    1997.    
   1.5849E+05    1999.    
   1.6788E+05    2001.    
   1.7783E+05    2003.    
   1.8836E+05    2006.    
   1.9953E+05    2008.    
   2.1135E+05    2010.    
   2.2387E+05    2012.    
   2.3714E+05    2014.    
   2.5119E+05    2017.    
   2.6607E+05    2019.    
   2.8184E+05    2021.    
   2.9854E+05    2023.    
   3.1623E+05    2026.    
   3.3497E+05    2028.    
   3.5481E+05    2030.    
   3.7584E+05    2032.    
   3.9811E+05    2035.    
   4.2170E+05    2037.    
   4.4668E+05    2039.    
   4.7315E+05    2042.    
   5.0119E+05    2044.    
   5.3088E+05    2046.    
   5.6234E+05    2048.    
   5.9566E+05    2051.    
   6.3096E+05    2053.    
   6.6834E+05    2055.    
   7.0795E+05    2058.    
   7.4989E+05    2060.    
   7.9433E+05    2062.    
   8.4140E+05    2065.    
   8.9125E+05    2067.    
   9.4406E+05    2069.    
   1.0000E+06    2072.    
   1.0593E+06    2074.    
   1.1220E+06    2077.    
   1.1885E+06    2079.    
   1.2589E+06    2082.    
   1.3335E+06    2084.    
   1.4125E+06    2087.    
   1.4962E+06    2089.    
   1.5849E+06    2091.    
   1.6788E+06    2094.    
   1.7783E+06    2096.    
   1.8836E+06    2099.    
   1.9953E+06    2101.    
   2.1135E+06    2104.    
   2.2387E+06    2106.    
   2.3714E+06    2109.    
   2.5119E+06    2111.    
   2.6607E+06    2114.    
   2.8184E+06    2116.    
   2.9854E+06    2119.    
   3.1623E+06    2121.    
   3.3497E+06    2124.    
   3.5481E+06    2126.    
   3.7584E+06    2129.    
   3.9811E+06    2131.    
   4.2170E+06    2134.    
   4.4668E+06    2136.    
   4.7315E+06    2139.    
   5.0119E+06    2141.    
   5.3088E+06    2144.    
   5.6234E+06    2146.    
   5.9566E+06    2149.    
   6.3096E+06    2151.    
   6.6834E+06    2154.    
   7.0795E+06    2156.    
   7.4989E+06    2159.    
   7.9433E+06    2161.    
   8.4140E+06    2164.    
   8.9125E+06    2166.    
   9.4406E+06    2169.    
   1.0000E+07    2171.    
   1.0593E+07    2174.    
   1.1220E+07    2177.    
   1.1885E+07    2179.    
   1.2589E+07    2182.    
   1.3335E+07    2184.    
   1.4125E+07    2187.    
   1.4962E+07    2190.    
   1.5849E+07    2192.    
   1.6788E+07    2195.    
   1.7783E+07    2197.    
   1.8836E+07    2200.    
   1.9953E+07    2203.    
   2.1135E+07    2205.    
   2.2387E+07    2208.    
   2.3714E+07    2210.    
   2.5119E+07    2213.    
   2.6607E+07    2215.    
   2.8184E+07    2218.    
   2.9854E+07    2221.    
   3.1623E+07    2223.    
   3.3497E+07    2226.    
   3.5481E+07    2228.    
   3.7584E+07    2231.    
   3.9811E+07    2233.    
   4.2170E+07    2236.    
   4.4668E+07    2238.    
   4.7315E+07    2241.    
   5.0119E+07    2244.    
   5.3088E+07    2246.    
   5.6234E+07    2249.    
   5.9566E+07    2251.    
   6.3096E+07    2254.    
   6.6834E+07    2256.    
   7.0795E+07    2259.    
   7.4989E+07    2261.    
   7.9433E+07    2264.    
   8.4140E+07    2266.    
   8.9125E+07    2269.    
   9.4406E+07    2271.    
   1.0000E+08    2274.    
   1.0593E+08    2276.    
   1.1220E+08    2279.    
   1.1885E+08    2281.    
   1.2589E+08    2284.    
   1.3335E+08    2287.    
   1.4125E+08    2289.    
   1.4962E+08    2292.    
   1.5849E+08    2294.    
   1.6788E+08    2297.    
   1.7783E+08    2299.    
   1.8836E+08    2302.    
   1.9953E+08    2304.    
   2.1135E+08    2307.    
   2.2387E+08    2309.    
   2.3714E+08    2312.    
   2.5119E+08    2314.    
   2.6607E+08    2317.    
   2.8184E+08    2319.    
   2.9854E+08    2322.    
   3.1623E+08    2324.    
   3.3497E+08    2326.    
   3.5481E+08    2329.    
   3.7584E+08    2331.    
   3.9811E+08    2334.    
   4.2170E+08    2336.    
   4.4668E+08    2339.    
   4.7315E+08    2341.    
   5.0119E+08    2344.    
   5.3088E+08    2346.    
   5.6234E+08    2348.    
   5.9566E+08    2351.    
   6.3096E+08    2353.    
   6.6834E+08    2356.    
   7.0795E+08    2358.    
   7.4989E+08    2360.    
   7.9433E+08    2363.    
   8.4140E+08    2365.    
   8.9125E+08    2368.    
   9.4406E+08    2370.    
   1.0000E+09    2372.    
   1.0593E+09    2375.    
   1.1220E+09    2377.    
   1.1885E+09    2379.    
   1.2589E+09    2382.    
   1.3335E+09    2384.    
   1.4125E+09    2387.    
   1.4962E+09    2389.    
   1.5849E+09    2391.    
   1.6788E+09    2394.    
   1.7783E+09    2396.    
   1.8836E+09    2398.    
   1.9953E+09    2400.    
   2.1135E+09    2403.    
   2.2387E+09    2405.    
   2.3714E+09    2407.    
   2.5119E+09    2410.    
   2.6607E+09    2412.    
   2.8184E+09    2414.    
   2.9854E+09    2417.    
   3.1623E+09    2419.    
   3.3497E+09    2421.    
   3.5481E+09    2423.    
   3.7584E+09    2426.    
   3.9811E+09    2428.    
   4.2170E+09    2430.    
   4.4668E+09    2432.    
   4.7315E+09    2435.    
   5.0119E+09    2437.    
   5.3088E+09    2439.    
   5.6234E+09    2441.    
   5.9566E+09    2444.    
   6.3096E+09    2446.    
   6.6834E+09    2448.    
   7.0795E+09    2450.    
   7.4989E+09    2452.    
   7.9433E+09    2455.    
   8.4140E+09    2457.    
   8.9125E+09    2459.    
   9.4406E+09    2461.    
   1.0000E+10    2463.    
   1.0593E+10    2466.    
   1.1220E+10    2468.    
   1.1885E+10    2470.    
   1.2589E+10    2472.    
   1.3335E+10    2474.    
   1.4125E+10    2476.    
   1.4962E+10    2478.    
   1.5849E+10    2481.    
   1.6788E+10    2483.    
   1.7783E+10    2485.    
   1.8836E+10    2487.    
   1.9953E+10    2489.    
   2.1135E+10    2491.    
   2.2387E+10    2493.    
   2.3714E+10    2495.    
   2.5119E+10    2497.    
   2.6607E+10    2499.    
   2.8184E+10    2502.    
   2.9854E+10    2504.    
   3.1623E+10    2506.    
   3.3497E+10    2508.    
   3.5481E+10    2510.    
   3.7584E+10    2512.    
   3.9811E+10    2514.    
   4.2170E+10    2516.    
   4.4668E+10    2518.    
   4.7315E+10    2520.    
   5.0119E+10    2522.    
   5.3088E+10    2524.    
   5.6234E+10    2526.    
   5.9566E+10    2528.    
   6.3096E+10    2530.    
   6.6834E+10    2532.    
   7.0795E+10    2534.    
   7.4989E+10    2536.    
   7.9433E+10    2538.    
   8.4140E+10    2540.    
   8.9125E+10    2542.    
   9.4406E+10    2544.    
   1.0000E+11    2546.    
   1.0593E+11    2548.    
   1.1220E+11    2550.    
   1.1885E+11    2551.    
   1.2589E+11    2553.    
   1.3335E+11    2555.    
   1.4125E+11    2557.    
   1.4962E+11    2559.    
   1.5849E+11    2561.    
   1.6788E+11    2563.    
   1.7783E+11    2565.    
   1.8836E+11    2567.    
   1.9953E+11    2569.    
   2.1135E+11    2570.    
   2.2387E+11    2572.    
   2.3714E+11    2574.    
   2.5119E+11    2576.    
   2.6607E+11    2578.    
   2.8184E+11    2580.    
   2.9854E+11    2581.    
   3.1623E+11    2583.    
   3.3497E+11    2585.    
   3.5481E+11    2587.    
   3.7584E+11    2589.    
   3.9811E+11    2590.    
   4.2170E+11    2592.    
   4.4668E+11    2594.    
   4.7315E+11    2596.    
   5.0119E+11    2598.    
   5.3088E+11    2599.    
   5.6234E+11    2601.    
   5.9566E+11    2603.    
   6.3096E+11    2605.    
   6.6834E+11    2606.    
   7.0795E+11    2608.    
   7.4989E+11    2610.    
   7.9433E+11    2611.    
   8.4140E+11    2613.    
   8.9125E+11    2615.    
   9.4406E+11    2617.    
