# pj= 9  12  6
# tg=  12 1.000
    100.0        789.8    
    105.9        789.8    
    112.2        789.8    
    118.9        789.8    
    125.9        791.1    
    133.4        792.7    
    141.3        794.4    
    149.6        796.0    
    158.5        797.6    
    167.9        799.2    
    177.8        800.7    
    188.4        802.3    
    199.5        803.9    
    211.3        805.4    
    223.9        807.0    
    237.1        808.5    
    251.2        810.1    
    266.1        811.6    
    281.8        813.1    
    298.5        814.6    
    316.2        816.1    
    335.0        817.6    
    354.8        819.1    
    375.8        820.6    
    398.1        822.0    
    421.7        823.5    
    446.7        825.0    
    473.2        826.4    
    501.2        827.8    
    530.9        829.3    
    562.3        830.7    
    595.7        832.1    
    631.0        833.5    
    668.3        834.9    
    707.9        836.2    
    749.9        837.6    
    794.3        839.0    
    841.4        840.3    
    891.3        841.7    
    944.1        843.0    
    1000.        844.3    
    1059.        845.6    
    1122.        846.9    
    1189.        848.2    
    1259.        849.2    
    1334.        850.2    
    1413.        851.2    
    1496.        852.2    
    1585.        853.2    
    1679.        854.2    
    1778.        855.2    
    1884.        856.2    
    1995.        857.2    
    2113.        858.2    
    2239.        859.3    
    2371.        860.3    
    2512.        861.3    
    2661.        862.4    
    2818.        863.4    
    2985.        864.5    
    3162.        865.5    
    3350.        866.6    
    3548.        867.7    
    3758.        868.8    
    3981.        869.8    
    4217.        870.9    
    4467.        872.0    
    4732.        873.1    
    5012.        874.2    
    5309.        875.3    
    5623.        876.4    
    5957.        877.5    
    6310.        878.7    
    6683.        879.8    
    7079.        880.9    
    7499.        882.1    
    7943.        883.2    
    8414.        884.4    
    8913.        885.5    
    9441.        886.7    
   1.0000E+04    887.8    
   1.0593E+04    889.0    
   1.1220E+04    890.2    
   1.1885E+04    891.4    
   1.2589E+04    892.8    
   1.3335E+04    894.3    
   1.4125E+04    895.7    
   1.4962E+04    897.2    
   1.5849E+04    898.6    
   1.6788E+04    900.1    
   1.7783E+04    901.5    
   1.8836E+04    902.9    
   1.9953E+04    904.3    
   2.1135E+04    905.8    
   2.2387E+04    907.1    
   2.3714E+04    908.5    
   2.5119E+04    909.9    
   2.6607E+04    911.3    
   2.8184E+04    912.6    
   2.9854E+04    914.0    
   3.1623E+04    915.3    
   3.3497E+04    916.7    
   3.5481E+04    918.0    
   3.7584E+04    919.3    
   3.9811E+04    920.6    
   4.2170E+04    921.9    
   4.4668E+04    923.2    
   4.7315E+04    924.5    
   5.0119E+04    925.8    
   5.3088E+04    927.0    
   5.6234E+04    928.3    
   5.9566E+04    929.5    
   6.3096E+04    930.7    
   6.6834E+04    932.0    
   7.0795E+04    933.2    
   7.4989E+04    934.4    
   7.9433E+04    935.6    
   8.4140E+04    936.8    
   8.9125E+04    937.9    
   9.4406E+04    939.1    
   1.0000E+05    940.3    
   1.0593E+05    941.4    
   1.1220E+05    942.5    
   1.1885E+05    943.7    
   1.2589E+05    944.5    
   1.3335E+05    945.2    
   1.4125E+05    946.0    
   1.4962E+05    946.8    
   1.5849E+05    947.6    
   1.6788E+05    948.4    
   1.7783E+05    949.2    
   1.8836E+05    950.0    
   1.9953E+05    950.8    
   2.1135E+05    951.6    
   2.2387E+05    952.5    
   2.3714E+05    953.3    
   2.5119E+05    954.2    
   2.6607E+05    955.0    
   2.8184E+05    955.9    
   2.9854E+05    956.8    
   3.1623E+05    957.6    
   3.3497E+05    958.5    
   3.5481E+05    959.4    
   3.7584E+05    960.3    
   3.9811E+05    961.2    
   4.2170E+05    962.2    
   4.4668E+05    963.1    
   4.7315E+05    964.0    
   5.0119E+05    965.0    
   5.3088E+05    965.9    
   5.6234E+05    966.9    
   5.9566E+05    967.8    
   6.3096E+05    968.8    
   6.6834E+05    969.8    
   7.0795E+05    970.8    
   7.4989E+05    971.8    
   7.9433E+05    972.8    
   8.4140E+05    973.8    
   8.9125E+05    974.8    
   9.4406E+05    975.9    
   1.0000E+06    976.9    
   1.0593E+06    978.0    
   1.1220E+06    979.0    
   1.1885E+06    980.1    
   1.2589E+06    981.2    
   1.3335E+06    982.2    
   1.4125E+06    983.3    
   1.4962E+06    984.4    
   1.5849E+06    985.5    
   1.6788E+06    986.6    
   1.7783E+06    987.8    
   1.8836E+06    988.9    
   1.9953E+06    990.0    
   2.1135E+06    991.2    
   2.2387E+06    992.3    
   2.3714E+06    993.5    
   2.5119E+06    994.7    
   2.6607E+06    995.9    
   2.8184E+06    997.1    
   2.9854E+06    998.3    
   3.1623E+06    999.5    
   3.3497E+06    1001.    
   3.5481E+06    1002.    
   3.7584E+06    1003.    
   3.9811E+06    1004.    
   4.2170E+06    1006.    
   4.4668E+06    1007.    
   4.7315E+06    1008.    
   5.0119E+06    1009.    
   5.3088E+06    1011.    
   5.6234E+06    1012.    
   5.9566E+06    1013.    
   6.3096E+06    1015.    
   6.6834E+06    1016.    
   7.0795E+06    1017.    
   7.4989E+06    1019.    
   7.9433E+06    1020.    
   8.4140E+06    1021.    
   8.9125E+06    1023.    
   9.4406E+06    1024.    
   1.0000E+07    1026.    
   1.0593E+07    1027.    
   1.1220E+07    1028.    
   1.1885E+07    1030.    
   1.2589E+07    1032.    
   1.3335E+07    1033.    
   1.4125E+07    1035.    
   1.4962E+07    1037.    
   1.5849E+07    1039.    
   1.6788E+07    1040.    
   1.7783E+07    1042.    
   1.8836E+07    1044.    
   1.9953E+07    1045.    
   2.1135E+07    1047.    
   2.2387E+07    1049.    
   2.3714E+07    1051.    
   2.5119E+07    1052.    
   2.6607E+07    1054.    
   2.8184E+07    1056.    
   2.9854E+07    1057.    
   3.1623E+07    1059.    
   3.3497E+07    1061.    
   3.5481E+07    1062.    
   3.7584E+07    1064.    
   3.9811E+07    1066.    
   4.2170E+07    1067.    
   4.4668E+07    1069.    
   4.7315E+07    1071.    
   5.0119E+07    1072.    
   5.3088E+07    1074.    
   5.6234E+07    1075.    
   5.9566E+07    1077.    
   6.3096E+07    1079.    
   6.6834E+07    1080.    
   7.0795E+07    1082.    
   7.4989E+07    1083.    
   7.9433E+07    1085.    
   8.4140E+07    1086.    
   8.9125E+07    1088.    
   9.4406E+07    1089.    
   1.0000E+08    1091.    
   1.0593E+08    1093.    
   1.1220E+08    1094.    
   1.1885E+08    1096.    
   1.2589E+08    1097.    
   1.3335E+08    1098.    
   1.4125E+08    1100.    
   1.4962E+08    1101.    
   1.5849E+08    1102.    
   1.6788E+08    1104.    
   1.7783E+08    1105.    
   1.8836E+08    1106.    
   1.9953E+08    1108.    
   2.1135E+08    1109.    
   2.2387E+08    1110.    
   2.3714E+08    1112.    
   2.5119E+08    1113.    
   2.6607E+08    1114.    
   2.8184E+08    1116.    
   2.9854E+08    1117.    
   3.1623E+08    1118.    
   3.3497E+08    1120.    
   3.5481E+08    1121.    
   3.7584E+08    1123.    
   3.9811E+08    1124.    
   4.2170E+08    1125.    
   4.4668E+08    1127.    
   4.7315E+08    1128.    
   5.0119E+08    1129.    
   5.3088E+08    1131.    
   5.6234E+08    1132.    
   5.9566E+08    1134.    
   6.3096E+08    1135.    
   6.6834E+08    1136.    
   7.0795E+08    1138.    
   7.4989E+08    1139.    
   7.9433E+08    1140.    
   8.4140E+08    1142.    
   8.9125E+08    1143.    
   9.4406E+08    1145.    
   1.0000E+09    1146.    
   1.0593E+09    1147.    
   1.1220E+09    1149.    
   1.1885E+09    1150.    
   1.2589E+09    1152.    
   1.3335E+09    1153.    
   1.4125E+09    1155.    
   1.4962E+09    1156.    
   1.5849E+09    1158.    
   1.6788E+09    1159.    
   1.7783E+09    1161.    
   1.8836E+09    1162.    
   1.9953E+09    1164.    
   2.1135E+09    1165.    
   2.2387E+09    1167.    
   2.3714E+09    1168.    
   2.5119E+09    1169.    
   2.6607E+09    1171.    
   2.8184E+09    1172.    
   2.9854E+09    1174.    
   3.1623E+09    1175.    
   3.3497E+09    1177.    
   3.5481E+09    1178.    
   3.7584E+09    1180.    
   3.9811E+09    1181.    
   4.2170E+09    1183.    
   4.4668E+09    1184.    
   4.7315E+09    1185.    
   5.0119E+09    1187.    
   5.3088E+09    1188.    
   5.6234E+09    1190.    
   5.9566E+09    1191.    
   6.3096E+09    1193.    
   6.6834E+09    1194.    
   7.0795E+09    1196.    
   7.4989E+09    1197.    
   7.9433E+09    1198.    
   8.4140E+09    1200.    
   8.9125E+09    1201.    
   9.4406E+09    1203.    
   1.0000E+10    1204.    
   1.0593E+10    1206.    
   1.1220E+10    1207.    
   1.1885E+10    1208.    
   1.2589E+10    1210.    
   1.3335E+10    1211.    
   1.4125E+10    1213.    
   1.4962E+10    1214.    
   1.5849E+10    1215.    
   1.6788E+10    1217.    
   1.7783E+10    1218.    
   1.8836E+10    1220.    
   1.9953E+10    1221.    
   2.1135E+10    1222.    
   2.2387E+10    1224.    
   2.3714E+10    1225.    
   2.5119E+10    1227.    
   2.6607E+10    1228.    
   2.8184E+10    1229.    
   2.9854E+10    1231.    
   3.1623E+10    1232.    
   3.3497E+10    1233.    
   3.5481E+10    1235.    
   3.7584E+10    1236.    
   3.9811E+10    1238.    
   4.2170E+10    1239.    
   4.4668E+10    1240.    
   4.7315E+10    1242.    
   5.0119E+10    1243.    
   5.3088E+10    1244.    
   5.6234E+10    1246.    
   5.9566E+10    1247.    
   6.3096E+10    1248.    
   6.6834E+10    1250.    
   7.0795E+10    1251.    
   7.4989E+10    1252.    
   7.9433E+10    1254.    
   8.4140E+10    1255.    
   8.9125E+10    1256.    
   9.4406E+10    1258.    
   1.0000E+11    1259.    
   1.0593E+11    1260.    
   1.1220E+11    1262.    
   1.1885E+11    1263.    
   1.2589E+11    1264.    
   1.3335E+11    1266.    
   1.4125E+11    1267.    
   1.4962E+11    1268.    
   1.5849E+11    1270.    
   1.6788E+11    1271.    
   1.7783E+11    1272.    
   1.8836E+11    1274.    
   1.9953E+11    1275.    
   2.1135E+11    1276.    
   2.2387E+11    1278.    
   2.3714E+11    1279.    
   2.5119E+11    1280.    
   2.6607E+11    1281.    
   2.8184E+11    1283.    
   2.9854E+11    1284.    
   3.1623E+11    1285.    
   3.3497E+11    1287.    
   3.5481E+11    1288.    
   3.7584E+11    1289.    
   3.9811E+11    1290.    
   4.2170E+11    1292.    
   4.4668E+11    1293.    
   4.7315E+11    1294.    
   5.0119E+11    1295.    
   5.3088E+11    1297.    
   5.6234E+11    1298.    
   5.9566E+11    1299.    
   6.3096E+11    1300.    
   6.6834E+11    1302.    
   7.0795E+11    1303.    
   7.4989E+11    1304.    
   7.9433E+11    1305.    
   8.4140E+11    1307.    
   8.9125E+11    1308.    
   9.4406E+11    1309.    
