# pj= 6  -1  1
# tg=  14 0.781  16 0.210  40 0.009
    100.0        260.4    
    105.9        261.1    
    112.2        261.9    
    118.9        262.6    
    125.9        263.4    
    133.4        264.1    
    141.3        264.8    
    149.6        265.6    
    158.5        266.3    
    167.9        267.1    
    177.8        267.8    
    188.4        268.5    
    199.5        269.3    
    211.3        270.0    
    223.9        270.8    
    237.1        271.5    
    251.2        272.2    
    266.1        273.0    
    281.8        273.7    
    298.5        274.4    
    316.2        275.2    
    335.0        275.9    
    354.8        276.6    
    375.8        277.4    
    398.1        278.1    
    421.7        278.8    
    446.7        279.6    
    473.2        280.3    
    501.2        281.0    
    530.9        281.8    
    562.3        282.5    
    595.7        283.2    
    631.0        284.0    
    668.3        284.7    
    707.9        285.4    
    749.9        286.1    
    794.3        286.9    
    841.4        287.6    
    891.3        288.3    
    944.1        289.0    
    1000.        289.8    
    1059.        290.4    
    1122.        291.1    
    1189.        291.8    
    1259.        292.5    
    1334.        293.2    
    1413.        293.8    
    1496.        294.5    
    1585.        295.2    
    1679.        295.9    
    1778.        296.6    
    1884.        297.3    
    1995.        298.0    
    2113.        298.7    
    2239.        299.3    
    2371.        300.0    
    2512.        300.7    
    2661.        301.4    
    2818.        302.1    
    2985.        302.8    
    3162.        303.5    
    3350.        304.2    
    3548.        304.9    
    3758.        305.6    
    3981.        306.4    
    4217.        307.1    
    4467.        307.8    
    4732.        308.5    
    5012.        309.2    
    5309.        309.9    
    5623.        310.6    
    5957.        311.3    
    6310.        312.0    
    6683.        312.8    
    7079.        313.5    
    7499.        314.2    
    7943.        314.9    
    8414.        315.7    
    8913.        316.4    
    9441.        317.1    
   1.0000E+04    317.8    
   1.0593E+04    318.5    
   1.1220E+04    319.2    
   1.1885E+04    320.0    
   1.2589E+04    320.7    
   1.3335E+04    321.4    
   1.4125E+04    322.1    
   1.4962E+04    322.8    
   1.5849E+04    323.5    
   1.6788E+04    324.3    
   1.7783E+04    325.0    
   1.8836E+04    325.7    
   1.9953E+04    326.5    
   2.1135E+04    327.2    
   2.2387E+04    327.9    
   2.3714E+04    328.7    
   2.5119E+04    329.4    
   2.6607E+04    330.2    
   2.8184E+04    330.9    
   2.9854E+04    331.7    
   3.1623E+04    332.4    
   3.3497E+04    333.2    
   3.5481E+04    333.9    
   3.7584E+04    334.7    
   3.9811E+04    335.5    
   4.2170E+04    336.2    
   4.4668E+04    337.0    
   4.7315E+04    337.8    
   5.0119E+04    338.5    
   5.3088E+04    339.3    
   5.6234E+04    340.1    
   5.9566E+04    340.9    
   6.3096E+04    341.7    
   6.6834E+04    342.4    
   7.0795E+04    343.2    
   7.4989E+04    344.0    
   7.9433E+04    344.8    
   8.4140E+04    345.6    
   8.9125E+04    346.4    
   9.4406E+04    347.2    
   1.0000E+05    348.0    
   1.0593E+05    348.8    
   1.1220E+05    349.7    
   1.1885E+05    350.5    
   1.2589E+05    351.3    
   1.3335E+05    352.1    
   1.4125E+05    352.9    
   1.4962E+05    353.8    
   1.5849E+05    354.6    
   1.6788E+05    355.4    
   1.7783E+05    356.3    
   1.8836E+05    357.1    
   1.9953E+05    358.0    
   2.1135E+05    358.8    
   2.2387E+05    359.7    
   2.3714E+05    360.5    
   2.5119E+05    361.4    
   2.6607E+05    362.2    
   2.8184E+05    363.1    
   2.9854E+05    363.9    
   3.1623E+05    364.8    
   3.3497E+05    365.7    
   3.5481E+05    366.5    
   3.7584E+05    367.4    
   3.9811E+05    368.3    
   4.2170E+05    369.1    
   4.4668E+05    370.0    
   4.7315E+05    370.9    
   5.0119E+05    371.8    
   5.3088E+05    372.7    
   5.6234E+05    373.5    
   5.9566E+05    374.4    
   6.3096E+05    375.3    
   6.6834E+05    376.2    
   7.0795E+05    377.1    
   7.4989E+05    378.0    
   7.9433E+05    378.9    
   8.4140E+05    379.8    
   8.9125E+05    380.7    
   9.4406E+05    381.7    
   1.0000E+06    382.6    
   1.0593E+06    383.5    
   1.1220E+06    384.5    
   1.1885E+06    385.4    
   1.2589E+06    386.4    
   1.3335E+06    387.3    
   1.4125E+06    388.3    
   1.4962E+06    389.2    
   1.5849E+06    390.2    
   1.6788E+06    391.2    
   1.7783E+06    392.1    
   1.8836E+06    393.1    
   1.9953E+06    394.0    
   2.1135E+06    395.0    
   2.2387E+06    396.0    
   2.3714E+06    396.9    
   2.5119E+06    397.9    
   2.6607E+06    398.9    
   2.8184E+06    399.8    
   2.9854E+06    400.8    
   3.1623E+06    401.8    
   3.3497E+06    402.8    
   3.5481E+06    403.7    
   3.7584E+06    404.7    
   3.9811E+06    405.7    
   4.2170E+06    406.7    
   4.4668E+06    407.6    
   4.7315E+06    408.6    
   5.0119E+06    409.6    
   5.3088E+06    410.6    
   5.6234E+06    411.6    
   5.9566E+06    412.6    
   6.3096E+06    413.5    
   6.6834E+06    414.5    
   7.0795E+06    415.5    
   7.4989E+06    416.5    
   7.9433E+06    417.5    
   8.4140E+06    418.5    
   8.9125E+06    419.5    
   9.4406E+06    420.5    
   1.0000E+07    421.5    
   1.0593E+07    422.5    
   1.1220E+07    423.5    
   1.1885E+07    424.5    
   1.2589E+07    425.6    
   1.3335E+07    426.6    
   1.4125E+07    427.6    
   1.4962E+07    428.6    
   1.5849E+07    429.6    
   1.6788E+07    430.6    
   1.7783E+07    431.7    
   1.8836E+07    432.7    
   1.9953E+07    433.7    
   2.1135E+07    434.7    
   2.2387E+07    435.7    
   2.3714E+07    436.8    
   2.5119E+07    437.8    
   2.6607E+07    438.8    
   2.8184E+07    439.8    
   2.9854E+07    440.8    
   3.1623E+07    441.9    
   3.3497E+07    442.9    
   3.5481E+07    443.9    
   3.7584E+07    444.9    
   3.9811E+07    445.9    
   4.2170E+07    446.9    
   4.4668E+07    448.0    
   4.7315E+07    449.0    
   5.0119E+07    450.0    
   5.3088E+07    451.0    
   5.6234E+07    452.0    
   5.9566E+07    453.0    
   6.3096E+07    454.0    
   6.6834E+07    455.1    
   7.0795E+07    456.1    
   7.4989E+07    457.1    
   7.9433E+07    458.1    
   8.4140E+07    459.1    
   8.9125E+07    460.1    
   9.4406E+07    461.1    
   1.0000E+08    462.1    
   1.0593E+08    463.2    
   1.1220E+08    464.2    
   1.1885E+08    465.2    
   1.2589E+08    466.2    
   1.3335E+08    467.2    
   1.4125E+08    468.2    
   1.4962E+08    469.2    
   1.5849E+08    470.2    
   1.6788E+08    471.2    
   1.7783E+08    472.3    
   1.8836E+08    473.3    
   1.9953E+08    474.3    
   2.1135E+08    475.3    
   2.2387E+08    476.3    
   2.3714E+08    477.3    
   2.5119E+08    478.3    
   2.6607E+08    479.3    
   2.8184E+08    480.3    
   2.9854E+08    481.3    
   3.1623E+08    482.3    
   3.3497E+08    483.3    
   3.5481E+08    484.3    
   3.7584E+08    485.3    
   3.9811E+08    486.3    
   4.2170E+08    487.3    
   4.4668E+08    488.2    
   4.7315E+08    489.2    
   5.0119E+08    490.2    
   5.3088E+08    491.2    
   5.6234E+08    492.2    
   5.9566E+08    493.2    
   6.3096E+08    494.2    
   6.6834E+08    495.2    
   7.0795E+08    496.1    
   7.4989E+08    497.1    
   7.9433E+08    498.1    
   8.4140E+08    499.1    
   8.9125E+08    500.1    
   9.4406E+08    501.0    
   1.0000E+09    502.0    
   1.0593E+09    503.0    
   1.1220E+09    504.0    
   1.1885E+09    504.9    
   1.2589E+09    505.9    
   1.3335E+09    506.9    
   1.4125E+09    507.8    
   1.4962E+09    508.8    
   1.5849E+09    509.8    
   1.6788E+09    510.7    
   1.7783E+09    511.7    
   1.8836E+09    512.6    
   1.9953E+09    513.6    
   2.1135E+09    514.6    
   2.2387E+09    515.5    
   2.3714E+09    516.5    
   2.5119E+09    517.4    
   2.6607E+09    518.4    
   2.8184E+09    519.3    
   2.9854E+09    520.3    
   3.1623E+09    521.2    
   3.3497E+09    522.2    
   3.5481E+09    523.1    
   3.7584E+09    524.0    
   3.9811E+09    525.0    
   4.2170E+09    525.9    
   4.4668E+09    526.9    
   4.7315E+09    527.8    
   5.0119E+09    528.7    
   5.3088E+09    529.7    
   5.6234E+09    530.6    
   5.9566E+09    531.5    
   6.3096E+09    532.4    
   6.6834E+09    533.4    
   7.0795E+09    534.3    
   7.4989E+09    535.2    
   7.9433E+09    536.1    
   8.4140E+09    537.0    
   8.9125E+09    537.9    
   9.4406E+09    538.9    
   1.0000E+10    539.8    
   1.0593E+10    540.7    
   1.1220E+10    541.6    
   1.1885E+10    542.5    
   1.2589E+10    543.4    
   1.3335E+10    544.3    
   1.4125E+10    545.2    
   1.4962E+10    546.1    
   1.5849E+10    547.0    
   1.6788E+10    547.9    
   1.7783E+10    548.8    
   1.8836E+10    549.7    
   1.9953E+10    550.5    
   2.1135E+10    551.4    
   2.2387E+10    552.3    
   2.3714E+10    553.2    
   2.5119E+10    554.1    
   2.6607E+10    554.9    
   2.8184E+10    555.8    
   2.9854E+10    556.7    
   3.1623E+10    557.6    
   3.3497E+10    558.4    
   3.5481E+10    559.3    
   3.7584E+10    560.2    
   3.9811E+10    561.0    
   4.2170E+10    561.9    
   4.4668E+10    562.7    
   4.7315E+10    563.6    
   5.0119E+10    564.4    
   5.3088E+10    565.3    
   5.6234E+10    566.1    
   5.9566E+10    567.0    
   6.3096E+10    567.8    
   6.6834E+10    568.7    
   7.0795E+10    569.5    
   7.4989E+10    570.3    
   7.9433E+10    571.2    
   8.4140E+10    572.0    
   8.9125E+10    572.8    
   9.4406E+10    573.6    
   1.0000E+11    574.5    
   1.0593E+11    575.3    
   1.1220E+11    576.1    
   1.1885E+11    576.9    
   1.2589E+11    577.7    
   1.3335E+11    578.5    
   1.4125E+11    579.3    
   1.4962E+11    580.1    
   1.5849E+11    580.9    
   1.6788E+11    581.7    
   1.7783E+11    582.5    
   1.8836E+11    583.3    
   1.9953E+11    584.1    
   2.1135E+11    584.9    
   2.2387E+11    585.7    
   2.3714E+11    586.5    
   2.5119E+11    587.3    
   2.6607E+11    588.0    
   2.8184E+11    588.8    
   2.9854E+11    589.6    
   3.1623E+11    590.4    
   3.3497E+11    591.1    
   3.5481E+11    591.9    
   3.7584E+11    592.7    
   3.9811E+11    593.4    
   4.2170E+11    594.2    
   4.4668E+11    594.9    
   4.7315E+11    595.7    
   5.0119E+11    596.4    
   5.3088E+11    597.2    
   5.6234E+11    597.9    
   5.9566E+11    598.6    
   6.3096E+11    599.4    
   6.6834E+11    600.1    
   7.0795E+11    600.8    
   7.4989E+11    601.6    
   7.9433E+11    602.3    
   8.4140E+11    603.0    
   8.9125E+11    603.7    
   9.4406E+11    604.4    
