# pj= 6  -1  1
# tg=  12 1.000
    100.0        229.6    
    105.9        230.2    
    112.2        230.9    
    118.9        231.6    
    125.9        232.3    
    133.4        233.0    
    141.3        233.7    
    149.6        234.4    
    158.5        235.1    
    167.9        235.8    
    177.8        236.5    
    188.4        237.2    
    199.5        237.9    
    211.3        238.6    
    223.9        239.3    
    237.1        240.0    
    251.2        240.7    
    266.1        241.3    
    281.8        242.0    
    298.5        242.7    
    316.2        243.4    
    335.0        244.1    
    354.8        244.8    
    375.8        245.5    
    398.1        246.2    
    421.7        246.9    
    446.7        247.6    
    473.2        248.3    
    501.2        248.9    
    530.9        249.6    
    562.3        250.3    
    595.7        251.0    
    631.0        251.7    
    668.3        252.4    
    707.9        253.1    
    749.9        253.7    
    794.3        254.4    
    841.4        255.1    
    891.3        255.8    
    944.1        256.5    
    1000.        257.2    
    1059.        257.8    
    1122.        258.4    
    1189.        259.1    
    1259.        259.7    
    1334.        260.4    
    1413.        261.0    
    1496.        261.7    
    1585.        262.3    
    1679.        263.0    
    1778.        263.6    
    1884.        264.3    
    1995.        264.9    
    2113.        265.6    
    2239.        266.2    
    2371.        266.9    
    2512.        267.5    
    2661.        268.2    
    2818.        268.9    
    2985.        269.5    
    3162.        270.2    
    3350.        270.9    
    3548.        271.5    
    3758.        272.2    
    3981.        272.9    
    4217.        273.5    
    4467.        274.2    
    4732.        274.9    
    5012.        275.6    
    5309.        276.2    
    5623.        276.9    
    5957.        277.6    
    6310.        278.3    
    6683.        279.0    
    7079.        279.6    
    7499.        280.3    
    7943.        281.0    
    8414.        281.7    
    8913.        282.4    
    9441.        283.1    
   1.0000E+04    283.8    
   1.0593E+04    284.5    
   1.1220E+04    285.1    
   1.1885E+04    285.8    
   1.2589E+04    286.5    
   1.3335E+04    287.2    
   1.4125E+04    287.9    
   1.4962E+04    288.5    
   1.5849E+04    289.2    
   1.6788E+04    289.9    
   1.7783E+04    290.6    
   1.8836E+04    291.3    
   1.9953E+04    292.0    
   2.1135E+04    292.7    
   2.2387E+04    293.4    
   2.3714E+04    294.1    
   2.5119E+04    294.8    
   2.6607E+04    295.6    
   2.8184E+04    296.3    
   2.9854E+04    297.0    
   3.1623E+04    297.7    
   3.3497E+04    298.4    
   3.5481E+04    299.2    
   3.7584E+04    299.9    
   3.9811E+04    300.6    
   4.2170E+04    301.4    
   4.4668E+04    302.1    
   4.7315E+04    302.8    
   5.0119E+04    303.6    
   5.3088E+04    304.3    
   5.6234E+04    305.1    
   5.9566E+04    305.8    
   6.3096E+04    306.6    
   6.6834E+04    307.3    
   7.0795E+04    308.1    
   7.4989E+04    308.8    
   7.9433E+04    309.6    
   8.4140E+04    310.4    
   8.9125E+04    311.1    
   9.4406E+04    311.9    
   1.0000E+05    312.7    
   1.0593E+05    313.5    
   1.1220E+05    314.3    
   1.1885E+05    315.0    
   1.2589E+05    315.8    
   1.3335E+05    316.6    
   1.4125E+05    317.4    
   1.4962E+05    318.2    
   1.5849E+05    319.0    
   1.6788E+05    319.8    
   1.7783E+05    320.6    
   1.8836E+05    321.5    
   1.9953E+05    322.3    
   2.1135E+05    323.1    
   2.2387E+05    323.9    
   2.3714E+05    324.7    
   2.5119E+05    325.5    
   2.6607E+05    326.4    
   2.8184E+05    327.2    
   2.9854E+05    328.0    
   3.1623E+05    328.9    
   3.3497E+05    329.7    
   3.5481E+05    330.5    
   3.7584E+05    331.4    
   3.9811E+05    332.2    
   4.2170E+05    333.1    
   4.4668E+05    333.9    
   4.7315E+05    334.8    
   5.0119E+05    335.6    
   5.3088E+05    336.5    
   5.6234E+05    337.3    
   5.9566E+05    338.2    
   6.3096E+05    339.1    
   6.6834E+05    339.9    
   7.0795E+05    340.8    
   7.4989E+05    341.7    
   7.9433E+05    342.6    
   8.4140E+05    343.4    
   8.9125E+05    344.3    
   9.4406E+05    345.2    
   1.0000E+06    346.1    
   1.0593E+06    347.0    
   1.1220E+06    347.9    
   1.1885E+06    348.9    
   1.2589E+06    349.8    
   1.3335E+06    350.7    
   1.4125E+06    351.6    
   1.4962E+06    352.6    
   1.5849E+06    353.5    
   1.6788E+06    354.4    
   1.7783E+06    355.4    
   1.8836E+06    356.3    
   1.9953E+06    357.3    
   2.1135E+06    358.2    
   2.2387E+06    359.1    
   2.3714E+06    360.1    
   2.5119E+06    361.0    
   2.6607E+06    362.0    
   2.8184E+06    362.9    
   2.9854E+06    363.9    
   3.1623E+06    364.8    
   3.3497E+06    365.8    
   3.5481E+06    366.7    
   3.7584E+06    367.7    
   3.9811E+06    368.6    
   4.2170E+06    369.6    
   4.4668E+06    370.5    
   4.7315E+06    371.5    
   5.0119E+06    372.4    
   5.3088E+06    373.4    
   5.6234E+06    374.4    
   5.9566E+06    375.3    
   6.3096E+06    376.3    
   6.6834E+06    377.2    
   7.0795E+06    378.2    
   7.4989E+06    379.2    
   7.9433E+06    380.1    
   8.4140E+06    381.1    
   8.9125E+06    382.1    
   9.4406E+06    383.1    
   1.0000E+07    384.0    
   1.0593E+07    385.0    
   1.1220E+07    386.0    
   1.1885E+07    387.0    
   1.2589E+07    388.0    
   1.3335E+07    389.0    
   1.4125E+07    390.0    
   1.4962E+07    391.0    
   1.5849E+07    392.0    
   1.6788E+07    393.0    
   1.7783E+07    394.0    
   1.8836E+07    395.0    
   1.9953E+07    396.0    
   2.1135E+07    397.0    
   2.2387E+07    398.0    
   2.3714E+07    399.0    
   2.5119E+07    400.0    
   2.6607E+07    401.0    
   2.8184E+07    402.0    
   2.9854E+07    403.0    
   3.1623E+07    404.0    
   3.3497E+07    405.0    
   3.5481E+07    406.0    
   3.7584E+07    407.0    
   3.9811E+07    408.0    
   4.2170E+07    409.0    
   4.4668E+07    410.0    
   4.7315E+07    411.0    
   5.0119E+07    412.0    
   5.3088E+07    413.0    
   5.6234E+07    414.0    
   5.9566E+07    415.0    
   6.3096E+07    415.9    
   6.6834E+07    416.9    
   7.0795E+07    417.9    
   7.4989E+07    418.9    
   7.9433E+07    419.9    
   8.4140E+07    420.9    
   8.9125E+07    421.9    
   9.4406E+07    422.9    
   1.0000E+08    423.9    
   1.0593E+08    424.9    
   1.1220E+08    425.9    
   1.1885E+08    426.9    
   1.2589E+08    427.9    
   1.3335E+08    428.9    
   1.4125E+08    429.9    
   1.4962E+08    430.8    
   1.5849E+08    431.8    
   1.6788E+08    432.8    
   1.7783E+08    433.8    
   1.8836E+08    434.8    
   1.9953E+08    435.8    
   2.1135E+08    436.8    
   2.2387E+08    437.8    
   2.3714E+08    438.7    
   2.5119E+08    439.7    
   2.6607E+08    440.7    
   2.8184E+08    441.7    
   2.9854E+08    442.7    
   3.1623E+08    443.7    
   3.3497E+08    444.6    
   3.5481E+08    445.6    
   3.7584E+08    446.6    
   3.9811E+08    447.6    
   4.2170E+08    448.5    
   4.4668E+08    449.5    
   4.7315E+08    450.5    
   5.0119E+08    451.5    
   5.3088E+08    452.4    
   5.6234E+08    453.4    
   5.9566E+08    454.4    
   6.3096E+08    455.3    
   6.6834E+08    456.3    
   7.0795E+08    457.3    
   7.4989E+08    458.2    
   7.9433E+08    459.2    
   8.4140E+08    460.2    
   8.9125E+08    461.1    
   9.4406E+08    462.1    
   1.0000E+09    463.0    
   1.0593E+09    464.0    
   1.1220E+09    464.9    
   1.1885E+09    465.9    
   1.2589E+09    466.8    
   1.3335E+09    467.8    
   1.4125E+09    468.7    
   1.4962E+09    469.7    
   1.5849E+09    470.6    
   1.6788E+09    471.6    
   1.7783E+09    472.5    
   1.8836E+09    473.5    
   1.9953E+09    474.4    
   2.1135E+09    475.3    
   2.2387E+09    476.3    
   2.3714E+09    477.2    
   2.5119E+09    478.1    
   2.6607E+09    479.1    
   2.8184E+09    480.0    
   2.9854E+09    480.9    
   3.1623E+09    481.9    
   3.3497E+09    482.8    
   3.5481E+09    483.7    
   3.7584E+09    484.6    
   3.9811E+09    485.6    
   4.2170E+09    486.5    
   4.4668E+09    487.4    
   4.7315E+09    488.3    
   5.0119E+09    489.2    
   5.3088E+09    490.1    
   5.6234E+09    491.1    
   5.9566E+09    492.0    
   6.3096E+09    492.9    
   6.6834E+09    493.8    
   7.0795E+09    494.7    
   7.4989E+09    495.6    
   7.9433E+09    496.5    
   8.4140E+09    497.4    
   8.9125E+09    498.3    
   9.4406E+09    499.2    
   1.0000E+10    500.1    
   1.0593E+10    500.9    
   1.1220E+10    501.8    
   1.1885E+10    502.7    
   1.2589E+10    503.6    
   1.3335E+10    504.5    
   1.4125E+10    505.4    
   1.4962E+10    506.2    
   1.5849E+10    507.1    
   1.6788E+10    508.0    
   1.7783E+10    508.9    
   1.8836E+10    509.7    
   1.9953E+10    510.6    
   2.1135E+10    511.5    
   2.2387E+10    512.3    
   2.3714E+10    513.2    
   2.5119E+10    514.0    
   2.6607E+10    514.9    
   2.8184E+10    515.8    
   2.9854E+10    516.6    
   3.1623E+10    517.5    
   3.3497E+10    518.3    
   3.5481E+10    519.1    
   3.7584E+10    520.0    
   3.9811E+10    520.8    
   4.2170E+10    521.7    
   4.4668E+10    522.5    
   4.7315E+10    523.3    
   5.0119E+10    524.2    
   5.3088E+10    525.0    
   5.6234E+10    525.8    
   5.9566E+10    526.6    
   6.3096E+10    527.5    
   6.6834E+10    528.3    
   7.0795E+10    529.1    
   7.4989E+10    529.9    
   7.9433E+10    530.7    
   8.4140E+10    531.5    
   8.9125E+10    532.3    
   9.4406E+10    533.1    
   1.0000E+11    533.9    
   1.0593E+11    534.7    
   1.1220E+11    535.5    
   1.1885E+11    536.3    
   1.2589E+11    537.1    
   1.3335E+11    537.9    
   1.4125E+11    538.7    
   1.4962E+11    539.5    
   1.5849E+11    540.2    
   1.6788E+11    541.0    
   1.7783E+11    541.8    
   1.8836E+11    542.6    
   1.9953E+11    543.3    
   2.1135E+11    544.1    
   2.2387E+11    544.9    
   2.3714E+11    545.6    
   2.5119E+11    546.4    
   2.6607E+11    547.1    
   2.8184E+11    547.9    
   2.9854E+11    548.6    
   3.1623E+11    549.4    
   3.3497E+11    550.1    
   3.5481E+11    550.9    
   3.7584E+11    551.6    
   3.9811E+11    552.3    
   4.2170E+11    553.1    
   4.4668E+11    553.8    
   4.7315E+11    554.5    
   5.0119E+11    555.2    
   5.3088E+11    556.0    
   5.6234E+11    556.7    
   5.9566E+11    557.4    
   6.3096E+11    558.1    
   6.6834E+11    558.8    
   7.0795E+11    559.5    
   7.4989E+11    560.2    
   7.9433E+11    560.9    
   8.4140E+11    561.6    
   8.9125E+11    562.3    
   9.4406E+11    563.0    
