# pj= 4  -1  1
# tg=  56 1.000
    100.0        564.9    
    105.9        566.2    
    112.2        567.6    
    118.9        569.0    
    125.9        570.3    
    133.4        571.7    
    141.3        573.1    
    149.6        574.4    
    158.5        575.8    
    167.9        577.2    
    177.8        578.6    
    188.4        579.9    
    199.5        581.3    
    211.3        582.7    
    223.9        584.0    
    237.1        585.4    
    251.2        586.8    
    266.1        588.1    
    281.8        589.5    
    298.5        590.8    
    316.2        592.2    
    335.0        593.6    
    354.8        594.9    
    375.8        596.3    
    398.1        597.7    
    421.7        599.0    
    446.7        600.4    
    473.2        601.7    
    501.2        603.1    
    530.9        604.4    
    562.3        605.8    
    595.7        607.2    
    631.0        608.5    
    668.3        609.9    
    707.9        611.2    
    749.9        612.6    
    794.3        613.9    
    841.4        615.3    
    891.3        616.6    
    944.1        618.0    
    1000.        619.3    
    1059.        620.6    
    1122.        621.8    
    1189.        623.1    
    1259.        624.4    
    1334.        625.7    
    1413.        626.9    
    1496.        628.2    
    1585.        629.5    
    1679.        630.8    
    1778.        632.1    
    1884.        633.4    
    1995.        634.7    
    2113.        636.0    
    2239.        637.3    
    2371.        638.6    
    2512.        639.9    
    2661.        641.2    
    2818.        642.5    
    2985.        643.8    
    3162.        645.1    
    3350.        646.5    
    3548.        647.8    
    3758.        649.1    
    3981.        650.4    
    4217.        651.8    
    4467.        653.1    
    4732.        654.4    
    5012.        655.8    
    5309.        657.1    
    5623.        658.5    
    5957.        659.8    
    6310.        661.2    
    6683.        662.5    
    7079.        663.9    
    7499.        665.3    
    7943.        666.6    
    8414.        668.0    
    8913.        669.4    
    9441.        670.7    
   1.0000E+04    672.1    
   1.0593E+04    673.5    
   1.1220E+04    674.8    
   1.1885E+04    676.2    
   1.2589E+04    677.6    
   1.3335E+04    678.9    
   1.4125E+04    680.3    
   1.4962E+04    681.7    
   1.5849E+04    683.1    
   1.6788E+04    684.5    
   1.7783E+04    685.9    
   1.8836E+04    687.3    
   1.9953E+04    688.7    
   2.1135E+04    690.1    
   2.2387E+04    691.5    
   2.3714E+04    692.9    
   2.5119E+04    694.3    
   2.6607E+04    695.7    
   2.8184E+04    697.2    
   2.9854E+04    698.6    
   3.1623E+04    700.0    
   3.3497E+04    701.5    
   3.5481E+04    702.9    
   3.7584E+04    704.4    
   3.9811E+04    705.8    
   4.2170E+04    707.3    
   4.4668E+04    708.8    
   4.7315E+04    710.2    
   5.0119E+04    711.7    
   5.3088E+04    713.2    
   5.6234E+04    714.6    
   5.9566E+04    716.1    
   6.3096E+04    717.6    
   6.6834E+04    719.1    
   7.0795E+04    720.6    
   7.4989E+04    722.1    
   7.9433E+04    723.6    
   8.4140E+04    725.1    
   8.9125E+04    726.6    
   9.4406E+04    728.2    
   1.0000E+05    729.7    
   1.0593E+05    731.2    
   1.1220E+05    732.8    
   1.1885E+05    734.4    
   1.2589E+05    735.9    
   1.3335E+05    737.5    
   1.4125E+05    739.1    
   1.4962E+05    740.7    
   1.5849E+05    742.3    
   1.6788E+05    743.9    
   1.7783E+05    745.4    
   1.8836E+05    747.0    
   1.9953E+05    748.6    
   2.1135E+05    750.2    
   2.2387E+05    751.8    
   2.3714E+05    753.4    
   2.5119E+05    755.0    
   2.6607E+05    756.7    
   2.8184E+05    758.3    
   2.9854E+05    759.9    
   3.1623E+05    761.5    
   3.3497E+05    763.1    
   3.5481E+05    764.8    
   3.7584E+05    766.4    
   3.9811E+05    768.0    
   4.2170E+05    769.6    
   4.4668E+05    771.3    
   4.7315E+05    772.9    
   5.0119E+05    774.6    
   5.3088E+05    776.2    
   5.6234E+05    777.9    
   5.9566E+05    779.5    
   6.3096E+05    781.2    
   6.6834E+05    782.8    
   7.0795E+05    784.5    
   7.4989E+05    786.2    
   7.9433E+05    787.8    
   8.4140E+05    789.5    
   8.9125E+05    791.2    
   9.4406E+05    792.9    
   1.0000E+06    794.5    
   1.0593E+06    796.3    
   1.1220E+06    798.0    
   1.1885E+06    799.8    
   1.2589E+06    801.5    
   1.3335E+06    803.3    
   1.4125E+06    805.0    
   1.4962E+06    806.8    
   1.5849E+06    808.5    
   1.6788E+06    810.3    
   1.7783E+06    812.0    
   1.8836E+06    813.8    
   1.9953E+06    815.5    
   2.1135E+06    817.3    
   2.2387E+06    819.0    
   2.3714E+06    820.8    
   2.5119E+06    822.5    
   2.6607E+06    824.3    
   2.8184E+06    826.0    
   2.9854E+06    827.8    
   3.1623E+06    829.5    
   3.3497E+06    831.3    
   3.5481E+06    833.0    
   3.7584E+06    834.8    
   3.9811E+06    836.5    
   4.2170E+06    838.3    
   4.4668E+06    840.0    
   4.7315E+06    841.8    
   5.0119E+06    843.5    
   5.3088E+06    845.2    
   5.6234E+06    847.0    
   5.9566E+06    848.7    
   6.3096E+06    850.5    
   6.6834E+06    852.2    
   7.0795E+06    854.0    
   7.4989E+06    855.7    
   7.9433E+06    857.4    
   8.4140E+06    859.2    
   8.9125E+06    860.9    
   9.4406E+06    862.7    
   1.0000E+07    864.4    
   1.0593E+07    866.2    
   1.1220E+07    867.9    
   1.1885E+07    869.7    
   1.2589E+07    871.4    
   1.3335E+07    873.2    
   1.4125E+07    875.0    
   1.4962E+07    876.7    
   1.5849E+07    878.5    
   1.6788E+07    880.2    
   1.7783E+07    882.0    
   1.8836E+07    883.7    
   1.9953E+07    885.5    
   2.1135E+07    887.2    
   2.2387E+07    888.9    
   2.3714E+07    890.7    
   2.5119E+07    892.4    
   2.6607E+07    894.1    
   2.8184E+07    895.9    
   2.9854E+07    897.6    
   3.1623E+07    899.3    
   3.3497E+07    901.0    
   3.5481E+07    902.7    
   3.7584E+07    904.4    
   3.9811E+07    906.2    
   4.2170E+07    907.9    
   4.4668E+07    909.6    
   4.7315E+07    911.3    
   5.0119E+07    913.0    
   5.3088E+07    914.7    
   5.6234E+07    916.4    
   5.9566E+07    918.1    
   6.3096E+07    919.7    
   6.6834E+07    921.4    
   7.0795E+07    923.1    
   7.4989E+07    924.8    
   7.9433E+07    926.5    
   8.4140E+07    928.1    
   8.9125E+07    929.8    
   9.4406E+07    931.5    
   1.0000E+08    933.1    
   1.0593E+08    934.8    
   1.1220E+08    936.4    
   1.1885E+08    938.1    
   1.2589E+08    939.7    
   1.3335E+08    941.3    
   1.4125E+08    943.0    
   1.4962E+08    944.6    
   1.5849E+08    946.2    
   1.6788E+08    947.9    
   1.7783E+08    949.5    
   1.8836E+08    951.1    
   1.9953E+08    952.7    
   2.1135E+08    954.3    
   2.2387E+08    956.0    
   2.3714E+08    957.6    
   2.5119E+08    959.2    
   2.6607E+08    960.8    
   2.8184E+08    962.4    
   2.9854E+08    964.0    
   3.1623E+08    965.6    
   3.3497E+08    967.1    
   3.5481E+08    968.7    
   3.7584E+08    970.3    
   3.9811E+08    971.9    
   4.2170E+08    973.5    
   4.4668E+08    975.0    
   4.7315E+08    976.6    
   5.0119E+08    978.2    
   5.3088E+08    979.7    
   5.6234E+08    981.3    
   5.9566E+08    982.9    
   6.3096E+08    984.4    
   6.6834E+08    986.0    
   7.0795E+08    987.5    
   7.4989E+08    989.0    
   7.9433E+08    990.6    
   8.4140E+08    992.1    
   8.9125E+08    993.6    
   9.4406E+08    995.2    
   1.0000E+09    996.7    
   1.0593E+09    998.2    
   1.1220E+09    999.7    
   1.1885E+09    1001.    
   1.2589E+09    1003.    
   1.3335E+09    1004.    
   1.4125E+09    1006.    
   1.4962E+09    1007.    
   1.5849E+09    1009.    
   1.6788E+09    1010.    
   1.7783E+09    1012.    
   1.8836E+09    1013.    
   1.9953E+09    1015.    
   2.1135E+09    1016.    
   2.2387E+09    1018.    
   2.3714E+09    1019.    
   2.5119E+09    1021.    
   2.6607E+09    1022.    
   2.8184E+09    1023.    
   2.9854E+09    1025.    
   3.1623E+09    1026.    
   3.3497E+09    1028.    
   3.5481E+09    1029.    
   3.7584E+09    1031.    
   3.9811E+09    1032.    
   4.2170E+09    1033.    
   4.4668E+09    1035.    
   4.7315E+09    1036.    
   5.0119E+09    1038.    
   5.3088E+09    1039.    
   5.6234E+09    1041.    
   5.9566E+09    1042.    
   6.3096E+09    1043.    
   6.6834E+09    1045.    
   7.0795E+09    1046.    
   7.4989E+09    1047.    
   7.9433E+09    1049.    
   8.4140E+09    1050.    
   8.9125E+09    1052.    
   9.4406E+09    1053.    
   1.0000E+10    1054.    
   1.0593E+10    1056.    
   1.1220E+10    1057.    
   1.1885E+10    1058.    
   1.2589E+10    1060.    
   1.3335E+10    1061.    
   1.4125E+10    1062.    
   1.4962E+10    1064.    
   1.5849E+10    1065.    
   1.6788E+10    1066.    
   1.7783E+10    1068.    
   1.8836E+10    1069.    
   1.9953E+10    1070.    
   2.1135E+10    1071.    
   2.2387E+10    1073.    
   2.3714E+10    1074.    
   2.5119E+10    1075.    
   2.6607E+10    1077.    
   2.8184E+10    1078.    
   2.9854E+10    1079.    
   3.1623E+10    1080.    
   3.3497E+10    1082.    
   3.5481E+10    1083.    
   3.7584E+10    1084.    
   3.9811E+10    1085.    
   4.2170E+10    1087.    
   4.4668E+10    1088.    
   4.7315E+10    1089.    
   5.0119E+10    1090.    
   5.3088E+10    1091.    
   5.6234E+10    1093.    
   5.9566E+10    1094.    
   6.3096E+10    1095.    
   6.6834E+10    1096.    
   7.0795E+10    1097.    
   7.4989E+10    1099.    
   7.9433E+10    1100.    
   8.4140E+10    1101.    
   8.9125E+10    1102.    
   9.4406E+10    1103.    
   1.0000E+11    1104.    
   1.0593E+11    1106.    
   1.1220E+11    1107.    
   1.1885E+11    1108.    
   1.2589E+11    1109.    
   1.3335E+11    1110.    
   1.4125E+11    1111.    
   1.4962E+11    1112.    
   1.5849E+11    1113.    
   1.6788E+11    1115.    
   1.7783E+11    1116.    
   1.8836E+11    1117.    
   1.9953E+11    1118.    
   2.1135E+11    1119.    
   2.2387E+11    1120.    
   2.3714E+11    1121.    
   2.5119E+11    1122.    
   2.6607E+11    1123.    
   2.8184E+11    1124.    
   2.9854E+11    1125.    
   3.1623E+11    1126.    
   3.3497E+11    1127.    
   3.5481E+11    1128.    
   3.7584E+11    1129.    
   3.9811E+11    1130.    
   4.2170E+11    1131.    
   4.4668E+11    1132.    
   4.7315E+11    1133.    
   5.0119E+11    1134.    
   5.3088E+11    1135.    
   5.6234E+11    1136.    
   5.9566E+11    1137.    
   6.3096E+11    1138.    
   6.6834E+11    1139.    
   7.0795E+11    1140.    
   7.4989E+11    1141.    
   7.9433E+11    1142.    
   8.4140E+11    1143.    
   8.9125E+11    1144.    
   9.4406E+11    1145.    
