# pj= 6  -1  1
# tg= 184 1.000
    100.0        1602.    
    105.9        1604.    
    112.2        1607.    
    118.9        1609.    
    125.9        1611.    
    133.4        1613.    
    141.3        1615.    
    149.6        1617.    
    158.5        1620.    
    167.9        1622.    
    177.8        1624.    
    188.4        1626.    
    199.5        1628.    
    211.3        1630.    
    223.9        1633.    
    237.1        1635.    
    251.2        1637.    
    266.1        1639.    
    281.8        1641.    
    298.5        1643.    
    316.2        1645.    
    335.0        1647.    
    354.8        1649.    
    375.8        1652.    
    398.1        1654.    
    421.7        1656.    
    446.7        1658.    
    473.2        1660.    
    501.2        1662.    
    530.9        1664.    
    562.3        1666.    
    595.7        1668.    
    631.0        1670.    
    668.3        1672.    
    707.9        1674.    
    749.9        1676.    
    794.3        1678.    
    841.4        1680.    
    891.3        1683.    
    944.1        1685.    
    1000.        1687.    
    1059.        1688.    
    1122.        1690.    
    1189.        1692.    
    1259.        1694.    
    1334.        1696.    
    1413.        1698.    
    1496.        1700.    
    1585.        1702.    
    1679.        1703.    
    1778.        1705.    
    1884.        1707.    
    1995.        1709.    
    2113.        1711.    
    2239.        1713.    
    2371.        1715.    
    2512.        1717.    
    2661.        1719.    
    2818.        1721.    
    2985.        1722.    
    3162.        1724.    
    3350.        1726.    
    3548.        1728.    
    3758.        1730.    
    3981.        1732.    
    4217.        1734.    
    4467.        1736.    
    4732.        1738.    
    5012.        1740.    
    5309.        1742.    
    5623.        1743.    
    5957.        1745.    
    6310.        1747.    
    6683.        1749.    
    7079.        1751.    
    7499.        1753.    
    7943.        1755.    
    8414.        1757.    
    8913.        1759.    
    9441.        1761.    
   1.0000E+04    1763.    
   1.0593E+04    1765.    
   1.1220E+04    1766.    
   1.1885E+04    1768.    
   1.2589E+04    1770.    
   1.3335E+04    1772.    
   1.4125E+04    1774.    
   1.4962E+04    1776.    
   1.5849E+04    1778.    
   1.6788E+04    1780.    
   1.7783E+04    1781.    
   1.8836E+04    1783.    
   1.9953E+04    1785.    
   2.1135E+04    1787.    
   2.2387E+04    1789.    
   2.3714E+04    1791.    
   2.5119E+04    1793.    
   2.6607E+04    1795.    
   2.8184E+04    1797.    
   2.9854E+04    1799.    
   3.1623E+04    1801.    
   3.3497E+04    1803.    
   3.5481E+04    1805.    
   3.7584E+04    1807.    
   3.9811E+04    1809.    
   4.2170E+04    1811.    
   4.4668E+04    1813.    
   4.7315E+04    1815.    
   5.0119E+04    1817.    
   5.3088E+04    1819.    
   5.6234E+04    1821.    
   5.9566E+04    1823.    
   6.3096E+04    1825.    
   6.6834E+04    1827.    
   7.0795E+04    1829.    
   7.4989E+04    1831.    
   7.9433E+04    1833.    
   8.4140E+04    1835.    
   8.9125E+04    1837.    
   9.4406E+04    1839.    
   1.0000E+05    1841.    
   1.0593E+05    1843.    
   1.1220E+05    1845.    
   1.1885E+05    1847.    
   1.2589E+05    1849.    
   1.3335E+05    1851.    
   1.4125E+05    1853.    
   1.4962E+05    1856.    
   1.5849E+05    1858.    
   1.6788E+05    1860.    
   1.7783E+05    1862.    
   1.8836E+05    1864.    
   1.9953E+05    1866.    
   2.1135E+05    1868.    
   2.2387E+05    1870.    
   2.3714E+05    1872.    
   2.5119E+05    1875.    
   2.6607E+05    1877.    
   2.8184E+05    1879.    
   2.9854E+05    1881.    
   3.1623E+05    1883.    
   3.3497E+05    1885.    
   3.5481E+05    1888.    
   3.7584E+05    1890.    
   3.9811E+05    1892.    
   4.2170E+05    1894.    
   4.4668E+05    1896.    
   4.7315E+05    1899.    
   5.0119E+05    1901.    
   5.3088E+05    1903.    
   5.6234E+05    1905.    
   5.9566E+05    1907.    
   6.3096E+05    1910.    
   6.6834E+05    1912.    
   7.0795E+05    1914.    
   7.4989E+05    1916.    
   7.9433E+05    1919.    
   8.4140E+05    1921.    
   8.9125E+05    1923.    
   9.4406E+05    1925.    
   1.0000E+06    1928.    
   1.0593E+06    1930.    
   1.1220E+06    1932.    
   1.1885E+06    1935.    
   1.2589E+06    1937.    
   1.3335E+06    1939.    
   1.4125E+06    1942.    
   1.4962E+06    1944.    
   1.5849E+06    1947.    
   1.6788E+06    1949.    
   1.7783E+06    1951.    
   1.8836E+06    1954.    
   1.9953E+06    1956.    
   2.1135E+06    1958.    
   2.2387E+06    1961.    
   2.3714E+06    1963.    
   2.5119E+06    1965.    
   2.6607E+06    1968.    
   2.8184E+06    1970.    
   2.9854E+06    1973.    
   3.1623E+06    1975.    
   3.3497E+06    1977.    
   3.5481E+06    1980.    
   3.7584E+06    1982.    
   3.9811E+06    1985.    
   4.2170E+06    1987.    
   4.4668E+06    1989.    
   4.7315E+06    1992.    
   5.0119E+06    1994.    
   5.3088E+06    1997.    
   5.6234E+06    1999.    
   5.9566E+06    2001.    
   6.3096E+06    2004.    
   6.6834E+06    2006.    
   7.0795E+06    2009.    
   7.4989E+06    2011.    
   7.9433E+06    2013.    
   8.4140E+06    2016.    
   8.9125E+06    2018.    
   9.4406E+06    2021.    
   1.0000E+07    2023.    
   1.0593E+07    2026.    
   1.1220E+07    2028.    
   1.1885E+07    2030.    
   1.2589E+07    2033.    
   1.3335E+07    2035.    
   1.4125E+07    2038.    
   1.4962E+07    2040.    
   1.5849E+07    2043.    
   1.6788E+07    2045.    
   1.7783E+07    2048.    
   1.8836E+07    2050.    
   1.9953E+07    2053.    
   2.1135E+07    2055.    
   2.2387E+07    2058.    
   2.3714E+07    2060.    
   2.5119E+07    2063.    
   2.6607E+07    2065.    
   2.8184E+07    2067.    
   2.9854E+07    2070.    
   3.1623E+07    2072.    
   3.3497E+07    2075.    
   3.5481E+07    2077.    
   3.7584E+07    2080.    
   3.9811E+07    2082.    
   4.2170E+07    2085.    
   4.4668E+07    2087.    
   4.7315E+07    2089.    
   5.0119E+07    2092.    
   5.3088E+07    2094.    
   5.6234E+07    2097.    
   5.9566E+07    2099.    
   6.3096E+07    2102.    
   6.6834E+07    2104.    
   7.0795E+07    2106.    
   7.4989E+07    2109.    
   7.9433E+07    2111.    
   8.4140E+07    2114.    
   8.9125E+07    2116.    
   9.4406E+07    2118.    
   1.0000E+08    2121.    
   1.0593E+08    2123.    
   1.1220E+08    2126.    
   1.1885E+08    2128.    
   1.2589E+08    2131.    
   1.3335E+08    2133.    
   1.4125E+08    2135.    
   1.4962E+08    2138.    
   1.5849E+08    2140.    
   1.6788E+08    2143.    
   1.7783E+08    2145.    
   1.8836E+08    2147.    
   1.9953E+08    2150.    
   2.1135E+08    2152.    
   2.2387E+08    2155.    
   2.3714E+08    2157.    
   2.5119E+08    2159.    
   2.6607E+08    2162.    
   2.8184E+08    2164.    
   2.9854E+08    2166.    
   3.1623E+08    2169.    
   3.3497E+08    2171.    
   3.5481E+08    2173.    
   3.7584E+08    2176.    
   3.9811E+08    2178.    
   4.2170E+08    2180.    
   4.4668E+08    2183.    
   4.7315E+08    2185.    
   5.0119E+08    2187.    
   5.3088E+08    2190.    
   5.6234E+08    2192.    
   5.9566E+08    2194.    
   6.3096E+08    2197.    
   6.6834E+08    2199.    
   7.0795E+08    2201.    
   7.4989E+08    2204.    
   7.9433E+08    2206.    
   8.4140E+08    2208.    
   8.9125E+08    2210.    
   9.4406E+08    2213.    
   1.0000E+09    2215.    
   1.0593E+09    2217.    
   1.1220E+09    2219.    
   1.1885E+09    2222.    
   1.2589E+09    2224.    
   1.3335E+09    2226.    
   1.4125E+09    2228.    
   1.4962E+09    2231.    
   1.5849E+09    2233.    
   1.6788E+09    2235.    
   1.7783E+09    2237.    
   1.8836E+09    2240.    
   1.9953E+09    2242.    
   2.1135E+09    2244.    
   2.2387E+09    2246.    
   2.3714E+09    2248.    
   2.5119E+09    2251.    
   2.6607E+09    2253.    
   2.8184E+09    2255.    
   2.9854E+09    2257.    
   3.1623E+09    2259.    
   3.3497E+09    2262.    
   3.5481E+09    2264.    
   3.7584E+09    2266.    
   3.9811E+09    2268.    
   4.2170E+09    2270.    
   4.4668E+09    2272.    
   4.7315E+09    2274.    
   5.0119E+09    2277.    
   5.3088E+09    2279.    
   5.6234E+09    2281.    
   5.9566E+09    2283.    
   6.3096E+09    2285.    
   6.6834E+09    2287.    
   7.0795E+09    2289.    
   7.4989E+09    2291.    
   7.9433E+09    2294.    
   8.4140E+09    2296.    
   8.9125E+09    2298.    
   9.4406E+09    2300.    
   1.0000E+10    2302.    
   1.0593E+10    2304.    
   1.1220E+10    2306.    
   1.1885E+10    2308.    
   1.2589E+10    2310.    
   1.3335E+10    2312.    
   1.4125E+10    2314.    
   1.4962E+10    2316.    
   1.5849E+10    2318.    
   1.6788E+10    2320.    
   1.7783E+10    2322.    
   1.8836E+10    2324.    
   1.9953E+10    2326.    
   2.1135E+10    2328.    
   2.2387E+10    2330.    
   2.3714E+10    2332.    
   2.5119E+10    2334.    
   2.6607E+10    2336.    
   2.8184E+10    2338.    
   2.9854E+10    2340.    
   3.1623E+10    2342.    
   3.3497E+10    2344.    
   3.5481E+10    2346.    
   3.7584E+10    2348.    
   3.9811E+10    2350.    
   4.2170E+10    2352.    
   4.4668E+10    2354.    
   4.7315E+10    2356.    
   5.0119E+10    2358.    
   5.3088E+10    2360.    
   5.6234E+10    2362.    
   5.9566E+10    2364.    
   6.3096E+10    2366.    
   6.6834E+10    2368.    
   7.0795E+10    2369.    
   7.4989E+10    2371.    
   7.9433E+10    2373.    
   8.4140E+10    2375.    
   8.9125E+10    2377.    
   9.4406E+10    2379.    
   1.0000E+11    2381.    
   1.0593E+11    2383.    
   1.1220E+11    2384.    
   1.1885E+11    2386.    
   1.2589E+11    2388.    
   1.3335E+11    2390.    
   1.4125E+11    2392.    
   1.4962E+11    2394.    
   1.5849E+11    2395.    
   1.6788E+11    2397.    
   1.7783E+11    2399.    
   1.8836E+11    2401.    
   1.9953E+11    2403.    
   2.1135E+11    2404.    
   2.2387E+11    2406.    
   2.3714E+11    2408.    
   2.5119E+11    2410.    
   2.6607E+11    2411.    
   2.8184E+11    2413.    
   2.9854E+11    2415.    
   3.1623E+11    2417.    
   3.3497E+11    2418.    
   3.5481E+11    2420.    
   3.7584E+11    2422.    
   3.9811E+11    2424.    
   4.2170E+11    2425.    
   4.4668E+11    2427.    
   4.7315E+11    2429.    
   5.0119E+11    2430.    
   5.3088E+11    2432.    
   5.6234E+11    2434.    
   5.9566E+11    2436.    
   6.3096E+11    2437.    
   6.6834E+11    2439.    
   7.0795E+11    2440.    
   7.4989E+11    2442.    
   7.9433E+11    2444.    
   8.4140E+11    2445.    
   8.9125E+11    2447.    
   9.4406E+11    2449.    
