# pj= 9  12  6
# tg=  14 0.781  16 0.210  40 0.009
    100.0        851.7    
    105.9        851.7    
    112.2        851.7    
    118.9        851.7    
    125.9        853.0    
    133.4        854.6    
    141.3        856.2    
    149.6        857.8    
    158.5        859.3    
    167.9        860.9    
    177.8        862.5    
    188.4        864.0    
    199.5        865.5    
    211.3        867.1    
    223.9        868.6    
    237.1        870.1    
    251.2        871.6    
    266.1        873.1    
    281.8        874.6    
    298.5        876.1    
    316.2        877.6    
    335.0        879.1    
    354.8        880.6    
    375.8        882.0    
    398.1        883.5    
    421.7        884.9    
    446.7        886.3    
    473.2        887.8    
    501.2        889.2    
    530.9        890.6    
    562.3        892.0    
    595.7        893.4    
    631.0        894.8    
    668.3        896.1    
    707.9        897.5    
    749.9        898.9    
    794.3        900.2    
    841.4        901.6    
    891.3        902.9    
    944.1        904.2    
    1000.        905.5    
    1059.        906.9    
    1122.        908.1    
    1189.        909.4    
    1259.        910.5    
    1334.        911.6    
    1413.        912.6    
    1496.        913.7    
    1585.        914.8    
    1679.        915.8    
    1778.        916.9    
    1884.        917.9    
    1995.        919.0    
    2113.        920.1    
    2239.        921.2    
    2371.        922.2    
    2512.        923.3    
    2661.        924.4    
    2818.        925.5    
    2985.        926.6    
    3162.        927.6    
    3350.        928.7    
    3548.        929.8    
    3758.        930.9    
    3981.        932.0    
    4217.        933.1    
    4467.        934.2    
    4732.        935.3    
    5012.        936.4    
    5309.        937.5    
    5623.        938.6    
    5957.        939.8    
    6310.        940.9    
    6683.        942.0    
    7079.        943.1    
    7499.        944.2    
    7943.        945.4    
    8414.        946.5    
    8913.        947.6    
    9441.        948.8    
   1.0000E+04    949.9    
   1.0593E+04    951.0    
   1.1220E+04    952.2    
   1.1885E+04    953.3    
   1.2589E+04    954.6    
   1.3335E+04    955.8    
   1.4125E+04    957.0    
   1.4962E+04    958.3    
   1.5849E+04    959.5    
   1.6788E+04    960.7    
   1.7783E+04    962.0    
   1.8836E+04    963.2    
   1.9953E+04    964.4    
   2.1135E+04    965.6    
   2.2387E+04    966.8    
   2.3714E+04    968.1    
   2.5119E+04    969.3    
   2.6607E+04    970.5    
   2.8184E+04    971.7    
   2.9854E+04    972.9    
   3.1623E+04    974.1    
   3.3497E+04    975.3    
   3.5481E+04    976.5    
   3.7584E+04    977.7    
   3.9811E+04    978.9    
   4.2170E+04    980.1    
   4.4668E+04    981.3    
   4.7315E+04    982.5    
   5.0119E+04    983.7    
   5.3088E+04    984.9    
   5.6234E+04    986.1    
   5.9566E+04    987.2    
   6.3096E+04    988.4    
   6.6834E+04    989.6    
   7.0795E+04    990.8    
   7.4989E+04    991.9    
   7.9433E+04    993.1    
   8.4140E+04    994.3    
   8.9125E+04    995.4    
   9.4406E+04    996.6    
   1.0000E+05    997.8    
   1.0593E+05    998.9    
   1.1220E+05    1000.    
   1.1885E+05    1001.    
   1.2589E+05    1002.    
   1.3335E+05    1003.    
   1.4125E+05    1004.    
   1.4962E+05    1005.    
   1.5849E+05    1006.    
   1.6788E+05    1007.    
   1.7783E+05    1008.    
   1.8836E+05    1009.    
   1.9953E+05    1010.    
   2.1135E+05    1011.    
   2.2387E+05    1013.    
   2.3714E+05    1014.    
   2.5119E+05    1015.    
   2.6607E+05    1016.    
   2.8184E+05    1017.    
   2.9854E+05    1018.    
   3.1623E+05    1019.    
   3.3497E+05    1020.    
   3.5481E+05    1021.    
   3.7584E+05    1022.    
   3.9811E+05    1023.    
   4.2170E+05    1024.    
   4.4668E+05    1026.    
   4.7315E+05    1027.    
   5.0119E+05    1028.    
   5.3088E+05    1029.    
   5.6234E+05    1030.    
   5.9566E+05    1031.    
   6.3096E+05    1032.    
   6.6834E+05    1033.    
   7.0795E+05    1035.    
   7.4989E+05    1036.    
   7.9433E+05    1037.    
   8.4140E+05    1038.    
   8.9125E+05    1039.    
   9.4406E+05    1040.    
   1.0000E+06    1042.    
   1.0593E+06    1043.    
   1.1220E+06    1044.    
   1.1885E+06    1045.    
   1.2589E+06    1046.    
   1.3335E+06    1047.    
   1.4125E+06    1049.    
   1.4962E+06    1050.    
   1.5849E+06    1051.    
   1.6788E+06    1052.    
   1.7783E+06    1054.    
   1.8836E+06    1055.    
   1.9953E+06    1056.    
   2.1135E+06    1057.    
   2.2387E+06    1058.    
   2.3714E+06    1060.    
   2.5119E+06    1061.    
   2.6607E+06    1062.    
   2.8184E+06    1064.    
   2.9854E+06    1065.    
   3.1623E+06    1066.    
   3.3497E+06    1067.    
   3.5481E+06    1069.    
   3.7584E+06    1070.    
   3.9811E+06    1071.    
   4.2170E+06    1073.    
   4.4668E+06    1074.    
   4.7315E+06    1075.    
   5.0119E+06    1077.    
   5.3088E+06    1078.    
   5.6234E+06    1079.    
   5.9566E+06    1081.    
   6.3096E+06    1082.    
   6.6834E+06    1083.    
   7.0795E+06    1085.    
   7.4989E+06    1086.    
   7.9433E+06    1087.    
   8.4140E+06    1089.    
   8.9125E+06    1090.    
   9.4406E+06    1092.    
   1.0000E+07    1093.    
   1.0593E+07    1094.    
   1.1220E+07    1096.    
   1.1885E+07    1097.    
   1.2589E+07    1099.    
   1.3335E+07    1101.    
   1.4125E+07    1102.    
   1.4962E+07    1104.    
   1.5849E+07    1106.    
   1.6788E+07    1107.    
   1.7783E+07    1109.    
   1.8836E+07    1110.    
   1.9953E+07    1112.    
   2.1135E+07    1114.    
   2.2387E+07    1115.    
   2.3714E+07    1117.    
   2.5119E+07    1119.    
   2.6607E+07    1120.    
   2.8184E+07    1122.    
   2.9854E+07    1123.    
   3.1623E+07    1125.    
   3.3497E+07    1127.    
   3.5481E+07    1128.    
   3.7584E+07    1130.    
   3.9811E+07    1131.    
   4.2170E+07    1133.    
   4.4668E+07    1134.    
   4.7315E+07    1136.    
   5.0119E+07    1138.    
   5.3088E+07    1139.    
   5.6234E+07    1141.    
   5.9566E+07    1142.    
   6.3096E+07    1144.    
   6.6834E+07    1145.    
   7.0795E+07    1147.    
   7.4989E+07    1148.    
   7.9433E+07    1150.    
   8.4140E+07    1151.    
   8.9125E+07    1153.    
   9.4406E+07    1154.    
   1.0000E+08    1156.    
   1.0593E+08    1157.    
   1.1220E+08    1159.    
   1.1885E+08    1160.    
   1.2589E+08    1162.    
   1.3335E+08    1163.    
   1.4125E+08    1164.    
   1.4962E+08    1166.    
   1.5849E+08    1167.    
   1.6788E+08    1168.    
   1.7783E+08    1169.    
   1.8836E+08    1171.    
   1.9953E+08    1172.    
   2.1135E+08    1173.    
   2.2387E+08    1175.    
   2.3714E+08    1176.    
   2.5119E+08    1177.    
   2.6607E+08    1179.    
   2.8184E+08    1180.    
   2.9854E+08    1181.    
   3.1623E+08    1183.    
   3.3497E+08    1184.    
   3.5481E+08    1186.    
   3.7584E+08    1187.    
   3.9811E+08    1188.    
   4.2170E+08    1190.    
   4.4668E+08    1191.    
   4.7315E+08    1193.    
   5.0119E+08    1194.    
   5.3088E+08    1195.    
   5.6234E+08    1197.    
   5.9566E+08    1198.    
   6.3096E+08    1200.    
   6.6834E+08    1201.    
   7.0795E+08    1202.    
   7.4989E+08    1204.    
   7.9433E+08    1205.    
   8.4140E+08    1207.    
   8.9125E+08    1208.    
   9.4406E+08    1210.    
   1.0000E+09    1211.    
   1.0593E+09    1213.    
   1.1220E+09    1214.    
   1.1885E+09    1216.    
   1.2589E+09    1217.    
   1.3335E+09    1219.    
   1.4125E+09    1221.    
   1.4962E+09    1223.    
   1.5849E+09    1224.    
   1.6788E+09    1226.    
   1.7783E+09    1228.    
   1.8836E+09    1229.    
   1.9953E+09    1231.    
   2.1135E+09    1233.    
   2.2387E+09    1234.    
   2.3714E+09    1236.    
   2.5119E+09    1238.    
   2.6607E+09    1239.    
   2.8184E+09    1241.    
   2.9854E+09    1243.    
   3.1623E+09    1244.    
   3.3497E+09    1246.    
   3.5481E+09    1248.    
   3.7584E+09    1249.    
   3.9811E+09    1251.    
   4.2170E+09    1252.    
   4.4668E+09    1254.    
   4.7315E+09    1256.    
   5.0119E+09    1257.    
   5.3088E+09    1259.    
   5.6234E+09    1260.    
   5.9566E+09    1262.    
   6.3096E+09    1263.    
   6.6834E+09    1265.    
   7.0795E+09    1267.    
   7.4989E+09    1268.    
   7.9433E+09    1270.    
   8.4140E+09    1271.    
   8.9125E+09    1273.    
   9.4406E+09    1274.    
   1.0000E+10    1276.    
   1.0593E+10    1277.    
   1.1220E+10    1279.    
   1.1885E+10    1280.    
   1.2589E+10    1282.    
   1.3335E+10    1283.    
   1.4125E+10    1284.    
   1.4962E+10    1286.    
   1.5849E+10    1287.    
   1.6788E+10    1289.    
   1.7783E+10    1290.    
   1.8836E+10    1292.    
   1.9953E+10    1293.    
   2.1135E+10    1294.    
   2.2387E+10    1296.    
   2.3714E+10    1297.    
   2.5119E+10    1298.    
   2.6607E+10    1300.    
   2.8184E+10    1301.    
   2.9854E+10    1303.    
   3.1623E+10    1304.    
   3.3497E+10    1305.    
   3.5481E+10    1307.    
   3.7584E+10    1308.    
   3.9811E+10    1309.    
   4.2170E+10    1310.    
   4.4668E+10    1312.    
   4.7315E+10    1313.    
   5.0119E+10    1314.    
   5.3088E+10    1316.    
   5.6234E+10    1317.    
   5.9566E+10    1318.    
   6.3096E+10    1319.    
   6.6834E+10    1321.    
   7.0795E+10    1322.    
   7.4989E+10    1323.    
   7.9433E+10    1324.    
   8.4140E+10    1325.    
   8.9125E+10    1327.    
   9.4406E+10    1328.    
   1.0000E+11    1329.    
   1.0593E+11    1330.    
   1.1220E+11    1331.    
   1.1885E+11    1332.    
   1.2589E+11    1333.    
   1.3335E+11    1335.    
   1.4125E+11    1336.    
   1.4962E+11    1337.    
   1.5849E+11    1338.    
   1.6788E+11    1339.    
   1.7783E+11    1340.    
   1.8836E+11    1341.    
   1.9953E+11    1342.    
   2.1135E+11    1343.    
   2.2387E+11    1344.    
   2.3714E+11    1345.    
   2.5119E+11    1346.    
   2.6607E+11    1347.    
   2.8184E+11    1348.    
   2.9854E+11    1349.    
   3.1623E+11    1350.    
   3.3497E+11    1351.    
   3.5481E+11    1352.    
   3.7584E+11    1353.    
   3.9811E+11    1354.    
   4.2170E+11    1355.    
   4.4668E+11    1356.    
   4.7315E+11    1357.    
   5.0119E+11    1358.    
   5.3088E+11    1359.    
   5.6234E+11    1360.    
   5.9566E+11    1361.    
   6.3096E+11    1362.    
   6.6834E+11    1362.    
   7.0795E+11    1363.    
   7.4989E+11    1364.    
   7.9433E+11    1365.    
   8.4140E+11    1366.    
   8.9125E+11    1367.    
   9.4406E+11    1368.    
