# pj= 5  -1  1
# tg=   1 1.000
    100.0        16.79    
    105.9        16.86    
    112.2        16.94    
    118.9        17.02    
    125.9        17.10    
    133.4        17.17    
    141.3        17.25    
    149.6        17.33    
    158.5        17.41    
    167.9        17.49    
    177.8        17.57    
    188.4        17.65    
    199.5        17.73    
    211.3        17.81    
    223.9        17.89    
    237.1        17.97    
    251.2        18.05    
    266.1        18.13    
    281.8        18.21    
    298.5        18.29    
    316.2        18.37    
    335.0        18.46    
    354.8        18.54    
    375.8        18.62    
    398.1        18.70    
    421.7        18.79    
    446.7        18.87    
    473.2        18.96    
    501.2        19.04    
    530.9        19.13    
    562.3        19.21    
    595.7        19.30    
    631.0        19.38    
    668.3        19.47    
    707.9        19.55    
    749.9        19.64    
    794.3        19.73    
    841.4        19.81    
    891.3        19.90    
    944.1        19.99    
    1000.        20.08    
    1059.        20.16    
    1122.        20.24    
    1189.        20.33    
    1259.        20.41    
    1334.        20.50    
    1413.        20.58    
    1496.        20.67    
    1585.        20.75    
    1679.        20.84    
    1778.        20.93    
    1884.        21.02    
    1995.        21.11    
    2113.        21.20    
    2239.        21.29    
    2371.        21.38    
    2512.        21.47    
    2661.        21.56    
    2818.        21.65    
    2985.        21.75    
    3162.        21.84    
    3350.        21.93    
    3548.        22.03    
    3758.        22.12    
    3981.        22.22    
    4217.        22.32    
    4467.        22.41    
    4732.        22.51    
    5012.        22.61    
    5309.        22.71    
    5623.        22.81    
    5957.        22.91    
    6310.        23.01    
    6683.        23.12    
    7079.        23.22    
    7499.        23.32    
    7943.        23.43    
    8414.        23.53    
    8913.        23.64    
    9441.        23.74    
   1.0000E+04    23.85    
   1.0593E+04    23.96    
   1.1220E+04    24.06    
   1.1885E+04    24.17    
   1.2589E+04    24.28    
   1.3335E+04    24.39    
   1.4125E+04    24.50    
   1.4962E+04    24.61    
   1.5849E+04    24.72    
   1.6788E+04    24.84    
   1.7783E+04    24.95    
   1.8836E+04    25.06    
   1.9953E+04    25.18    
   2.1135E+04    25.29    
   2.2387E+04    25.41    
   2.3714E+04    25.53    
   2.5119E+04    25.65    
   2.6607E+04    25.77    
   2.8184E+04    25.89    
   2.9854E+04    26.01    
   3.1623E+04    26.13    
   3.3497E+04    26.25    
   3.5481E+04    26.38    
   3.7584E+04    26.50    
   3.9811E+04    26.63    
   4.2170E+04    26.76    
   4.4668E+04    26.88    
   4.7315E+04    27.01    
   5.0119E+04    27.14    
   5.3088E+04    27.27    
   5.6234E+04    27.40    
   5.9566E+04    27.54    
   6.3096E+04    27.67    
   6.6834E+04    27.81    
   7.0795E+04    27.94    
   7.4989E+04    28.08    
   7.9433E+04    28.22    
   8.4140E+04    28.35    
   8.9125E+04    28.49    
   9.4406E+04    28.63    
   1.0000E+05    28.78    
   1.0593E+05    28.92    
   1.1220E+05    29.07    
   1.1885E+05    29.22    
   1.2589E+05    29.37    
   1.3335E+05    29.52    
   1.4125E+05    29.67    
   1.4962E+05    29.82    
   1.5849E+05    29.98    
   1.6788E+05    30.13    
   1.7783E+05    30.29    
   1.8836E+05    30.44    
   1.9953E+05    30.60    
   2.1135E+05    30.76    
   2.2387E+05    30.92    
   2.3714E+05    31.08    
   2.5119E+05    31.24    
   2.6607E+05    31.40    
   2.8184E+05    31.56    
   2.9854E+05    31.73    
   3.1623E+05    31.89    
   3.3497E+05    32.06    
   3.5481E+05    32.23    
   3.7584E+05    32.40    
   3.9811E+05    32.56    
   4.2170E+05    32.74    
   4.4668E+05    32.91    
   4.7315E+05    33.08    
   5.0119E+05    33.25    
   5.3088E+05    33.43    
   5.6234E+05    33.60    
   5.9566E+05    33.78    
   6.3096E+05    33.96    
   6.6834E+05    34.14    
   7.0795E+05    34.32    
   7.4989E+05    34.50    
   7.9433E+05    34.68    
   8.4140E+05    34.87    
   8.9125E+05    35.05    
   9.4406E+05    35.24    
   1.0000E+06    35.43    
   1.0593E+06    35.62    
   1.1220E+06    35.82    
   1.1885E+06    36.02    
   1.2589E+06    36.22    
   1.3335E+06    36.42    
   1.4125E+06    36.62    
   1.4962E+06    36.83    
   1.5849E+06    37.03    
   1.6788E+06    37.23    
   1.7783E+06    37.44    
   1.8836E+06    37.65    
   1.9953E+06    37.85    
   2.1135E+06    38.06    
   2.2387E+06    38.27    
   2.3714E+06    38.48    
   2.5119E+06    38.69    
   2.6607E+06    38.90    
   2.8184E+06    39.11    
   2.9854E+06    39.32    
   3.1623E+06    39.54    
   3.3497E+06    39.75    
   3.5481E+06    39.97    
   3.7584E+06    40.18    
   3.9811E+06    40.40    
   4.2170E+06    40.62    
   4.4668E+06    40.84    
   4.7315E+06    41.06    
   5.0119E+06    41.28    
   5.3088E+06    41.50    
   5.6234E+06    41.72    
   5.9566E+06    41.95    
   6.3096E+06    42.17    
   6.6834E+06    42.40    
   7.0795E+06    42.62    
   7.4989E+06    42.85    
   7.9433E+06    43.08    
   8.4140E+06    43.31    
   8.9125E+06    43.54    
   9.4406E+06    43.77    
   1.0000E+07    44.00    
   1.0593E+07    44.24    
   1.1220E+07    44.48    
   1.1885E+07    44.72    
   1.2589E+07    44.96    
   1.3335E+07    45.20    
   1.4125E+07    45.44    
   1.4962E+07    45.69    
   1.5849E+07    45.93    
   1.6788E+07    46.17    
   1.7783E+07    46.42    
   1.8836E+07    46.66    
   1.9953E+07    46.91    
   2.1135E+07    47.16    
   2.2387E+07    47.40    
   2.3714E+07    47.65    
   2.5119E+07    47.90    
   2.6607E+07    48.15    
   2.8184E+07    48.40    
   2.9854E+07    48.65    
   3.1623E+07    48.90    
   3.3497E+07    49.15    
   3.5481E+07    49.40    
   3.7584E+07    49.65    
   3.9811E+07    49.91    
   4.2170E+07    50.16    
   4.4668E+07    50.41    
   4.7315E+07    50.67    
   5.0119E+07    50.92    
   5.3088E+07    51.18    
   5.6234E+07    51.43    
   5.9566E+07    51.69    
   6.3096E+07    51.95    
   6.6834E+07    52.20    
   7.0795E+07    52.46    
   7.4989E+07    52.72    
   7.9433E+07    52.98    
   8.4140E+07    53.24    
   8.9125E+07    53.50    
   9.4406E+07    53.76    
   1.0000E+08    54.02    
   1.0593E+08    54.28    
   1.1220E+08    54.55    
   1.1885E+08    54.81    
   1.2589E+08    55.07    
   1.3335E+08    55.34    
   1.4125E+08    55.60    
   1.4962E+08    55.87    
   1.5849E+08    56.13    
   1.6788E+08    56.40    
   1.7783E+08    56.66    
   1.8836E+08    56.93    
   1.9953E+08    57.20    
   2.1135E+08    57.47    
   2.2387E+08    57.73    
   2.3714E+08    58.00    
   2.5119E+08    58.27    
   2.6607E+08    58.54    
   2.8184E+08    58.81    
   2.9854E+08    59.07    
   3.1623E+08    59.34    
   3.3497E+08    59.61    
   3.5481E+08    59.88    
   3.7584E+08    60.15    
   3.9811E+08    60.42    
   4.2170E+08    60.69    
   4.4668E+08    60.96    
   4.7315E+08    61.23    
   5.0119E+08    61.51    
   5.3088E+08    61.78    
   5.6234E+08    62.05    
   5.9566E+08    62.32    
   6.3096E+08    62.59    
   6.6834E+08    62.86    
   7.0795E+08    63.14    
   7.4989E+08    63.41    
   7.9433E+08    63.68    
   8.4140E+08    63.95    
   8.9125E+08    64.23    
   9.4406E+08    64.50    
   1.0000E+09    64.77    
   1.0593E+09    65.05    
   1.1220E+09    65.32    
   1.1885E+09    65.59    
   1.2589E+09    65.87    
   1.3335E+09    66.14    
   1.4125E+09    66.41    
   1.4962E+09    66.69    
   1.5849E+09    66.96    
   1.6788E+09    67.23    
   1.7783E+09    67.51    
   1.8836E+09    67.78    
   1.9953E+09    68.06    
   2.1135E+09    68.33    
   2.2387E+09    68.60    
   2.3714E+09    68.88    
   2.5119E+09    69.15    
   2.6607E+09    69.42    
   2.8184E+09    69.70    
   2.9854E+09    69.97    
   3.1623E+09    70.25    
   3.3497E+09    70.52    
   3.5481E+09    70.79    
   3.7584E+09    71.07    
   3.9811E+09    71.34    
   4.2170E+09    71.61    
   4.4668E+09    71.89    
   4.7315E+09    72.16    
   5.0119E+09    72.43    
   5.3088E+09    72.71    
   5.6234E+09    72.98    
   5.9566E+09    73.25    
   6.3096E+09    73.52    
   6.6834E+09    73.79    
   7.0795E+09    74.07    
   7.4989E+09    74.34    
   7.9433E+09    74.61    
   8.4140E+09    74.88    
   8.9125E+09    75.15    
   9.4406E+09    75.42    
   1.0000E+10    75.69    
   1.0593E+10    75.96    
   1.1220E+10    76.23    
   1.1885E+10    76.50    
   1.2589E+10    76.77    
   1.3335E+10    77.04    
   1.4125E+10    77.31    
   1.4962E+10    77.58    
   1.5849E+10    77.85    
   1.6788E+10    78.12    
   1.7783E+10    78.39    
   1.8836E+10    78.65    
   1.9953E+10    78.92    
   2.1135E+10    79.19    
   2.2387E+10    79.45    
   2.3714E+10    79.72    
   2.5119E+10    79.98    
   2.6607E+10    80.25    
   2.8184E+10    80.51    
   2.9854E+10    80.78    
   3.1623E+10    81.04    
   3.3497E+10    81.31    
   3.5481E+10    81.57    
   3.7584E+10    81.83    
   3.9811E+10    82.09    
   4.2170E+10    82.35    
   4.4668E+10    82.62    
   4.7315E+10    82.88    
   5.0119E+10    83.14    
   5.3088E+10    83.40    
   5.6234E+10    83.66    
   5.9566E+10    83.91    
   6.3096E+10    84.17    
   6.6834E+10    84.43    
   7.0795E+10    84.69    
   7.4989E+10    84.94    
   7.9433E+10    85.20    
   8.4140E+10    85.45    
   8.9125E+10    85.71    
   9.4406E+10    85.96    
   1.0000E+11    86.21    
   1.0593E+11    86.47    
   1.1220E+11    86.72    
   1.1885E+11    86.97    
   1.2589E+11    87.22    
   1.3335E+11    87.47    
   1.4125E+11    87.72    
   1.4962E+11    87.97    
   1.5849E+11    88.21    
   1.6788E+11    88.46    
   1.7783E+11    88.71    
   1.8836E+11    88.95    
   1.9953E+11    89.20    
   2.1135E+11    89.44    
   2.2387E+11    89.68    
   2.3714E+11    89.93    
   2.5119E+11    90.17    
   2.6607E+11    90.41    
   2.8184E+11    90.65    
   2.9854E+11    90.89    
   3.1623E+11    91.13    
   3.3497E+11    91.36    
   3.5481E+11    91.60    
   3.7584E+11    91.84    
   3.9811E+11    92.07    
   4.2170E+11    92.31    
   4.4668E+11    92.54    
   4.7315E+11    92.77    
   5.0119E+11    93.00    
   5.3088E+11    93.23    
   5.6234E+11    93.46    
   5.9566E+11    93.69    
   6.3096E+11    93.92    
   6.6834E+11    94.15    
   7.0795E+11    94.37    
   7.4989E+11    94.60    
   7.9433E+11    94.82    
   8.4140E+11    95.04    
   8.9125E+11    95.26    
   9.4406E+11    95.48    
