# pj= 6  -1  1
# tg=  56 1.000
    100.0        703.2    
    105.9        704.6    
    112.2        706.1    
    118.9        707.5    
    125.9        708.9    
    133.4        710.4    
    141.3        711.8    
    149.6        713.2    
    158.5        714.6    
    167.9        716.1    
    177.8        717.5    
    188.4        718.9    
    199.5        720.3    
    211.3        721.7    
    223.9        723.1    
    237.1        724.6    
    251.2        726.0    
    266.1        727.4    
    281.8        728.8    
    298.5        730.2    
    316.2        731.6    
    335.0        733.0    
    354.8        734.4    
    375.8        735.8    
    398.1        737.1    
    421.7        738.5    
    446.7        739.9    
    473.2        741.3    
    501.2        742.7    
    530.9        744.1    
    562.3        745.4    
    595.7        746.8    
    631.0        748.2    
    668.3        749.5    
    707.9        750.9    
    749.9        752.3    
    794.3        753.6    
    841.4        755.0    
    891.3        756.3    
    944.1        757.7    
    1000.        759.0    
    1059.        760.3    
    1122.        761.5    
    1189.        762.8    
    1259.        764.1    
    1334.        765.3    
    1413.        766.6    
    1496.        767.9    
    1585.        769.1    
    1679.        770.4    
    1778.        771.7    
    1884.        772.9    
    1995.        774.2    
    2113.        775.5    
    2239.        776.8    
    2371.        778.0    
    2512.        779.3    
    2661.        780.6    
    2818.        781.9    
    2985.        783.2    
    3162.        784.4    
    3350.        785.7    
    3548.        787.0    
    3758.        788.3    
    3981.        789.6    
    4217.        790.9    
    4467.        792.1    
    4732.        793.4    
    5012.        794.7    
    5309.        796.0    
    5623.        797.3    
    5957.        798.6    
    6310.        799.9    
    6683.        801.2    
    7079.        802.5    
    7499.        803.8    
    7943.        805.1    
    8414.        806.4    
    8913.        807.7    
    9441.        809.0    
   1.0000E+04    810.3    
   1.0593E+04    811.6    
   1.1220E+04    812.8    
   1.1885E+04    814.1    
   1.2589E+04    815.4    
   1.3335E+04    816.7    
   1.4125E+04    818.0    
   1.4962E+04    819.2    
   1.5849E+04    820.5    
   1.6788E+04    821.8    
   1.7783E+04    823.1    
   1.8836E+04    824.4    
   1.9953E+04    825.7    
   2.1135E+04    827.0    
   2.2387E+04    828.3    
   2.3714E+04    829.6    
   2.5119E+04    830.9    
   2.6607E+04    832.3    
   2.8184E+04    833.6    
   2.9854E+04    834.9    
   3.1623E+04    836.2    
   3.3497E+04    837.6    
   3.5481E+04    838.9    
   3.7584E+04    840.2    
   3.9811E+04    841.6    
   4.2170E+04    842.9    
   4.4668E+04    844.2    
   4.7315E+04    845.6    
   5.0119E+04    846.9    
   5.3088E+04    848.3    
   5.6234E+04    849.7    
   5.9566E+04    851.0    
   6.3096E+04    852.4    
   6.6834E+04    853.7    
   7.0795E+04    855.1    
   7.4989E+04    856.5    
   7.9433E+04    857.9    
   8.4140E+04    859.3    
   8.9125E+04    860.6    
   9.4406E+04    862.0    
   1.0000E+05    863.4    
   1.0593E+05    864.8    
   1.1220E+05    866.2    
   1.1885E+05    867.6    
   1.2589E+05    869.1    
   1.3335E+05    870.5    
   1.4125E+05    871.9    
   1.4962E+05    873.3    
   1.5849E+05    874.7    
   1.6788E+05    876.2    
   1.7783E+05    877.6    
   1.8836E+05    879.0    
   1.9953E+05    880.5    
   2.1135E+05    881.9    
   2.2387E+05    883.3    
   2.3714E+05    884.8    
   2.5119E+05    886.2    
   2.6607E+05    887.7    
   2.8184E+05    889.1    
   2.9854E+05    890.6    
   3.1623E+05    892.1    
   3.3497E+05    893.5    
   3.5481E+05    895.0    
   3.7584E+05    896.5    
   3.9811E+05    897.9    
   4.2170E+05    899.4    
   4.4668E+05    900.9    
   4.7315E+05    902.4    
   5.0119E+05    903.9    
   5.3088E+05    905.4    
   5.6234E+05    906.8    
   5.9566E+05    908.3    
   6.3096E+05    909.8    
   6.6834E+05    911.3    
   7.0795E+05    912.8    
   7.4989E+05    914.4    
   7.9433E+05    915.9    
   8.4140E+05    917.4    
   8.9125E+05    918.9    
   9.4406E+05    920.4    
   1.0000E+06    921.9    
   1.0593E+06    923.5    
   1.1220E+06    925.1    
   1.1885E+06    926.7    
   1.2589E+06    928.3    
   1.3335E+06    929.8    
   1.4125E+06    931.4    
   1.4962E+06    933.0    
   1.5849E+06    934.6    
   1.6788E+06    936.2    
   1.7783E+06    937.7    
   1.8836E+06    939.3    
   1.9953E+06    940.9    
   2.1135E+06    942.5    
   2.2387E+06    944.1    
   2.3714E+06    945.7    
   2.5119E+06    947.3    
   2.6607E+06    948.9    
   2.8184E+06    950.4    
   2.9854E+06    952.0    
   3.1623E+06    953.6    
   3.3497E+06    955.2    
   3.5481E+06    956.8    
   3.7584E+06    958.4    
   3.9811E+06    960.0    
   4.2170E+06    961.6    
   4.4668E+06    963.2    
   4.7315E+06    964.8    
   5.0119E+06    966.4    
   5.3088E+06    968.0    
   5.6234E+06    969.6    
   5.9566E+06    971.2    
   6.3096E+06    972.8    
   6.6834E+06    974.4    
   7.0795E+06    976.0    
   7.4989E+06    977.6    
   7.9433E+06    979.2    
   8.4140E+06    980.8    
   8.9125E+06    982.4    
   9.4406E+06    984.0    
   1.0000E+07    985.6    
   1.0593E+07    987.3    
   1.1220E+07    988.9    
   1.1885E+07    990.6    
   1.2589E+07    992.2    
   1.3335E+07    993.9    
   1.4125E+07    995.5    
   1.4962E+07    997.1    
   1.5849E+07    998.8    
   1.6788E+07    1000.    
   1.7783E+07    1002.    
   1.8836E+07    1004.    
   1.9953E+07    1005.    
   2.1135E+07    1007.    
   2.2387E+07    1009.    
   2.3714E+07    1010.    
   2.5119E+07    1012.    
   2.6607E+07    1013.    
   2.8184E+07    1015.    
   2.9854E+07    1017.    
   3.1623E+07    1018.    
   3.3497E+07    1020.    
   3.5481E+07    1022.    
   3.7584E+07    1023.    
   3.9811E+07    1025.    
   4.2170E+07    1026.    
   4.4668E+07    1028.    
   4.7315E+07    1030.    
   5.0119E+07    1031.    
   5.3088E+07    1033.    
   5.6234E+07    1034.    
   5.9566E+07    1036.    
   6.3096E+07    1038.    
   6.6834E+07    1039.    
   7.0795E+07    1041.    
   7.4989E+07    1043.    
   7.9433E+07    1044.    
   8.4140E+07    1046.    
   8.9125E+07    1047.    
   9.4406E+07    1049.    
   1.0000E+08    1051.    
   1.0593E+08    1052.    
   1.1220E+08    1054.    
   1.1885E+08    1055.    
   1.2589E+08    1057.    
   1.3335E+08    1059.    
   1.4125E+08    1060.    
   1.4962E+08    1062.    
   1.5849E+08    1063.    
   1.6788E+08    1065.    
   1.7783E+08    1066.    
   1.8836E+08    1068.    
   1.9953E+08    1070.    
   2.1135E+08    1071.    
   2.2387E+08    1073.    
   2.3714E+08    1074.    
   2.5119E+08    1076.    
   2.6607E+08    1077.    
   2.8184E+08    1079.    
   2.9854E+08    1081.    
   3.1623E+08    1082.    
   3.3497E+08    1084.    
   3.5481E+08    1085.    
   3.7584E+08    1087.    
   3.9811E+08    1088.    
   4.2170E+08    1090.    
   4.4668E+08    1092.    
   4.7315E+08    1093.    
   5.0119E+08    1095.    
   5.3088E+08    1096.    
   5.6234E+08    1098.    
   5.9566E+08    1099.    
   6.3096E+08    1101.    
   6.6834E+08    1102.    
   7.0795E+08    1104.    
   7.4989E+08    1105.    
   7.9433E+08    1107.    
   8.4140E+08    1108.    
   8.9125E+08    1110.    
   9.4406E+08    1111.    
   1.0000E+09    1113.    
   1.0593E+09    1114.    
   1.1220E+09    1116.    
   1.1885E+09    1117.    
   1.2589E+09    1119.    
   1.3335E+09    1120.    
   1.4125E+09    1122.    
   1.4962E+09    1123.    
   1.5849E+09    1125.    
   1.6788E+09    1126.    
   1.7783E+09    1128.    
   1.8836E+09    1129.    
   1.9953E+09    1131.    
   2.1135E+09    1132.    
   2.2387E+09    1134.    
   2.3714E+09    1135.    
   2.5119E+09    1137.    
   2.6607E+09    1138.    
   2.8184E+09    1140.    
   2.9854E+09    1141.    
   3.1623E+09    1143.    
   3.3497E+09    1144.    
   3.5481E+09    1146.    
   3.7584E+09    1147.    
   3.9811E+09    1148.    
   4.2170E+09    1150.    
   4.4668E+09    1151.    
   4.7315E+09    1153.    
   5.0119E+09    1154.    
   5.3088E+09    1156.    
   5.6234E+09    1157.    
   5.9566E+09    1159.    
   6.3096E+09    1160.    
   6.6834E+09    1161.    
   7.0795E+09    1163.    
   7.4989E+09    1164.    
   7.9433E+09    1166.    
   8.4140E+09    1167.    
   8.9125E+09    1168.    
   9.4406E+09    1170.    
   1.0000E+10    1171.    
   1.0593E+10    1173.    
   1.1220E+10    1174.    
   1.1885E+10    1175.    
   1.2589E+10    1177.    
   1.3335E+10    1178.    
   1.4125E+10    1180.    
   1.4962E+10    1181.    
   1.5849E+10    1182.    
   1.6788E+10    1184.    
   1.7783E+10    1185.    
   1.8836E+10    1186.    
   1.9953E+10    1188.    
   2.1135E+10    1189.    
   2.2387E+10    1190.    
   2.3714E+10    1192.    
   2.5119E+10    1193.    
   2.6607E+10    1194.    
   2.8184E+10    1196.    
   2.9854E+10    1197.    
   3.1623E+10    1198.    
   3.3497E+10    1200.    
   3.5481E+10    1201.    
   3.7584E+10    1202.    
   3.9811E+10    1204.    
   4.2170E+10    1205.    
   4.4668E+10    1206.    
   4.7315E+10    1208.    
   5.0119E+10    1209.    
   5.3088E+10    1210.    
   5.6234E+10    1212.    
   5.9566E+10    1213.    
   6.3096E+10    1214.    
   6.6834E+10    1215.    
   7.0795E+10    1217.    
   7.4989E+10    1218.    
   7.9433E+10    1219.    
   8.4140E+10    1221.    
   8.9125E+10    1222.    
   9.4406E+10    1223.    
   1.0000E+11    1224.    
   1.0593E+11    1226.    
   1.1220E+11    1227.    
   1.1885E+11    1228.    
   1.2589E+11    1229.    
   1.3335E+11    1231.    
   1.4125E+11    1232.    
   1.4962E+11    1233.    
   1.5849E+11    1234.    
   1.6788E+11    1235.    
   1.7783E+11    1237.    
   1.8836E+11    1238.    
   1.9953E+11    1239.    
   2.1135E+11    1240.    
   2.2387E+11    1241.    
   2.3714E+11    1243.    
   2.5119E+11    1244.    
   2.6607E+11    1245.    
   2.8184E+11    1246.    
   2.9854E+11    1247.    
   3.1623E+11    1249.    
   3.3497E+11    1250.    
   3.5481E+11    1251.    
   3.7584E+11    1252.    
   3.9811E+11    1253.    
   4.2170E+11    1254.    
   4.4668E+11    1256.    
   4.7315E+11    1257.    
   5.0119E+11    1258.    
   5.3088E+11    1259.    
   5.6234E+11    1260.    
   5.9566E+11    1261.    
   6.3096E+11    1262.    
   6.6834E+11    1264.    
   7.0795E+11    1265.    
   7.4989E+11    1266.    
   7.9433E+11    1267.    
   8.4140E+11    1268.    
   8.9125E+11    1269.    
   9.4406E+11    1270.    
