# pj= 5  -1  1
# tg= 207 1.000
    100.0        1398.    
    105.9        1401.    
    112.2        1403.    
    118.9        1406.    
    125.9        1409.    
    133.4        1411.    
    141.3        1414.    
    149.6        1416.    
    158.5        1419.    
    167.9        1422.    
    177.8        1424.    
    188.4        1427.    
    199.5        1429.    
    211.3        1432.    
    223.9        1434.    
    237.1        1437.    
    251.2        1440.    
    266.1        1442.    
    281.8        1445.    
    298.5        1447.    
    316.2        1450.    
    335.0        1452.    
    354.8        1455.    
    375.8        1458.    
    398.1        1460.    
    421.7        1463.    
    446.7        1465.    
    473.2        1468.    
    501.2        1470.    
    530.9        1473.    
    562.3        1475.    
    595.7        1478.    
    631.0        1480.    
    668.3        1483.    
    707.9        1485.    
    749.9        1488.    
    794.3        1490.    
    841.4        1493.    
    891.3        1495.    
    944.1        1498.    
    1000.        1500.    
    1059.        1503.    
    1122.        1505.    
    1189.        1507.    
    1259.        1510.    
    1334.        1512.    
    1413.        1515.    
    1496.        1517.    
    1585.        1519.    
    1679.        1522.    
    1778.        1524.    
    1884.        1526.    
    1995.        1529.    
    2113.        1531.    
    2239.        1533.    
    2371.        1536.    
    2512.        1538.    
    2661.        1541.    
    2818.        1543.    
    2985.        1545.    
    3162.        1548.    
    3350.        1550.    
    3548.        1553.    
    3758.        1555.    
    3981.        1558.    
    4217.        1560.    
    4467.        1562.    
    4732.        1565.    
    5012.        1567.    
    5309.        1570.    
    5623.        1572.    
    5957.        1575.    
    6310.        1577.    
    6683.        1580.    
    7079.        1582.    
    7499.        1584.    
    7943.        1587.    
    8414.        1589.    
    8913.        1592.    
    9441.        1594.    
   1.0000E+04    1597.    
   1.0593E+04    1599.    
   1.1220E+04    1602.    
   1.1885E+04    1604.    
   1.2589E+04    1607.    
   1.3335E+04    1609.    
   1.4125E+04    1612.    
   1.4962E+04    1614.    
   1.5849E+04    1617.    
   1.6788E+04    1619.    
   1.7783E+04    1622.    
   1.8836E+04    1624.    
   1.9953E+04    1627.    
   2.1135E+04    1629.    
   2.2387E+04    1632.    
   2.3714E+04    1634.    
   2.5119E+04    1637.    
   2.6607E+04    1640.    
   2.8184E+04    1642.    
   2.9854E+04    1645.    
   3.1623E+04    1647.    
   3.3497E+04    1650.    
   3.5481E+04    1652.    
   3.7584E+04    1655.    
   3.9811E+04    1658.    
   4.2170E+04    1660.    
   4.4668E+04    1663.    
   4.7315E+04    1665.    
   5.0119E+04    1668.    
   5.3088E+04    1671.    
   5.6234E+04    1673.    
   5.9566E+04    1676.    
   6.3096E+04    1679.    
   6.6834E+04    1681.    
   7.0795E+04    1684.    
   7.4989E+04    1687.    
   7.9433E+04    1689.    
   8.4140E+04    1692.    
   8.9125E+04    1695.    
   9.4406E+04    1697.    
   1.0000E+05    1700.    
   1.0593E+05    1703.    
   1.1220E+05    1706.    
   1.1885E+05    1708.    
   1.2589E+05    1711.    
   1.3335E+05    1714.    
   1.4125E+05    1717.    
   1.4962E+05    1719.    
   1.5849E+05    1722.    
   1.6788E+05    1725.    
   1.7783E+05    1728.    
   1.8836E+05    1731.    
   1.9953E+05    1733.    
   2.1135E+05    1736.    
   2.2387E+05    1739.    
   2.3714E+05    1742.    
   2.5119E+05    1745.    
   2.6607E+05    1748.    
   2.8184E+05    1750.    
   2.9854E+05    1753.    
   3.1623E+05    1756.    
   3.3497E+05    1759.    
   3.5481E+05    1762.    
   3.7584E+05    1764.    
   3.9811E+05    1767.    
   4.2170E+05    1770.    
   4.4668E+05    1773.    
   4.7315E+05    1776.    
   5.0119E+05    1779.    
   5.3088E+05    1782.    
   5.6234E+05    1784.    
   5.9566E+05    1787.    
   6.3096E+05    1790.    
   6.6834E+05    1793.    
   7.0795E+05    1796.    
   7.4989E+05    1799.    
   7.9433E+05    1802.    
   8.4140E+05    1804.    
   8.9125E+05    1807.    
   9.4406E+05    1810.    
   1.0000E+06    1813.    
   1.0593E+06    1816.    
   1.1220E+06    1819.    
   1.1885E+06    1822.    
   1.2589E+06    1825.    
   1.3335E+06    1828.    
   1.4125E+06    1831.    
   1.4962E+06    1834.    
   1.5849E+06    1837.    
   1.6788E+06    1840.    
   1.7783E+06    1843.    
   1.8836E+06    1846.    
   1.9953E+06    1849.    
   2.1135E+06    1852.    
   2.2387E+06    1855.    
   2.3714E+06    1858.    
   2.5119E+06    1861.    
   2.6607E+06    1864.    
   2.8184E+06    1866.    
   2.9854E+06    1869.    
   3.1623E+06    1872.    
   3.3497E+06    1875.    
   3.5481E+06    1878.    
   3.7584E+06    1881.    
   3.9811E+06    1884.    
   4.2170E+06    1887.    
   4.4668E+06    1890.    
   4.7315E+06    1893.    
   5.0119E+06    1896.    
   5.3088E+06    1899.    
   5.6234E+06    1902.    
   5.9566E+06    1904.    
   6.3096E+06    1907.    
   6.6834E+06    1910.    
   7.0795E+06    1913.    
   7.4989E+06    1916.    
   7.9433E+06    1919.    
   8.4140E+06    1922.    
   8.9125E+06    1925.    
   9.4406E+06    1927.    
   1.0000E+07    1930.    
   1.0593E+07    1933.    
   1.1220E+07    1936.    
   1.1885E+07    1939.    
   1.2589E+07    1942.    
   1.3335E+07    1945.    
   1.4125E+07    1948.    
   1.4962E+07    1950.    
   1.5849E+07    1953.    
   1.6788E+07    1956.    
   1.7783E+07    1959.    
   1.8836E+07    1962.    
   1.9953E+07    1965.    
   2.1135E+07    1967.    
   2.2387E+07    1970.    
   2.3714E+07    1973.    
   2.5119E+07    1976.    
   2.6607E+07    1979.    
   2.8184E+07    1981.    
   2.9854E+07    1984.    
   3.1623E+07    1987.    
   3.3497E+07    1990.    
   3.5481E+07    1993.    
   3.7584E+07    1995.    
   3.9811E+07    1998.    
   4.2170E+07    2001.    
   4.4668E+07    2004.    
   4.7315E+07    2006.    
   5.0119E+07    2009.    
   5.3088E+07    2012.    
   5.6234E+07    2014.    
   5.9566E+07    2017.    
   6.3096E+07    2020.    
   6.6834E+07    2023.    
   7.0795E+07    2025.    
   7.4989E+07    2028.    
   7.9433E+07    2031.    
   8.4140E+07    2033.    
   8.9125E+07    2036.    
   9.4406E+07    2039.    
   1.0000E+08    2041.    
   1.0593E+08    2044.    
   1.1220E+08    2047.    
   1.1885E+08    2049.    
   1.2589E+08    2052.    
   1.3335E+08    2054.    
   1.4125E+08    2057.    
   1.4962E+08    2060.    
   1.5849E+08    2062.    
   1.6788E+08    2065.    
   1.7783E+08    2067.    
   1.8836E+08    2070.    
   1.9953E+08    2072.    
   2.1135E+08    2075.    
   2.2387E+08    2078.    
   2.3714E+08    2080.    
   2.5119E+08    2083.    
   2.6607E+08    2085.    
   2.8184E+08    2088.    
   2.9854E+08    2090.    
   3.1623E+08    2093.    
   3.3497E+08    2095.    
   3.5481E+08    2098.    
   3.7584E+08    2100.    
   3.9811E+08    2103.    
   4.2170E+08    2105.    
   4.4668E+08    2108.    
   4.7315E+08    2110.    
   5.0119E+08    2113.    
   5.3088E+08    2115.    
   5.6234E+08    2118.    
   5.9566E+08    2120.    
   6.3096E+08    2122.    
   6.6834E+08    2125.    
   7.0795E+08    2127.    
   7.4989E+08    2130.    
   7.9433E+08    2132.    
   8.4140E+08    2135.    
   8.9125E+08    2137.    
   9.4406E+08    2139.    
   1.0000E+09    2142.    
   1.0593E+09    2144.    
   1.1220E+09    2147.    
   1.1885E+09    2149.    
   1.2589E+09    2151.    
   1.3335E+09    2154.    
   1.4125E+09    2156.    
   1.4962E+09    2158.    
   1.5849E+09    2161.    
   1.6788E+09    2163.    
   1.7783E+09    2165.    
   1.8836E+09    2168.    
   1.9953E+09    2170.    
   2.1135E+09    2172.    
   2.2387E+09    2175.    
   2.3714E+09    2177.    
   2.5119E+09    2179.    
   2.6607E+09    2182.    
   2.8184E+09    2184.    
   2.9854E+09    2186.    
   3.1623E+09    2188.    
   3.3497E+09    2191.    
   3.5481E+09    2193.    
   3.7584E+09    2195.    
   3.9811E+09    2197.    
   4.2170E+09    2200.    
   4.4668E+09    2202.    
   4.7315E+09    2204.    
   5.0119E+09    2206.    
   5.3088E+09    2209.    
   5.6234E+09    2211.    
   5.9566E+09    2213.    
   6.3096E+09    2215.    
   6.6834E+09    2217.    
   7.0795E+09    2219.    
   7.4989E+09    2222.    
   7.9433E+09    2224.    
   8.4140E+09    2226.    
   8.9125E+09    2228.    
   9.4406E+09    2230.    
   1.0000E+10    2232.    
   1.0593E+10    2234.    
   1.1220E+10    2237.    
   1.1885E+10    2239.    
   1.2589E+10    2241.    
   1.3335E+10    2243.    
   1.4125E+10    2245.    
   1.4962E+10    2247.    
   1.5849E+10    2249.    
   1.6788E+10    2251.    
   1.7783E+10    2253.    
   1.8836E+10    2255.    
   1.9953E+10    2257.    
   2.1135E+10    2259.    
   2.2387E+10    2261.    
   2.3714E+10    2263.    
   2.5119E+10    2265.    
   2.6607E+10    2267.    
   2.8184E+10    2269.    
   2.9854E+10    2271.    
   3.1623E+10    2273.    
   3.3497E+10    2275.    
   3.5481E+10    2277.    
   3.7584E+10    2279.    
   3.9811E+10    2281.    
   4.2170E+10    2283.    
   4.4668E+10    2285.    
   4.7315E+10    2287.    
   5.0119E+10    2289.    
   5.3088E+10    2291.    
   5.6234E+10    2293.    
   5.9566E+10    2295.    
   6.3096E+10    2296.    
   6.6834E+10    2298.    
   7.0795E+10    2300.    
   7.4989E+10    2302.    
   7.9433E+10    2304.    
   8.4140E+10    2306.    
   8.9125E+10    2308.    
   9.4406E+10    2309.    
   1.0000E+11    2311.    
   1.0593E+11    2313.    
   1.1220E+11    2315.    
   1.1885E+11    2317.    
   1.2589E+11    2318.    
   1.3335E+11    2320.    
   1.4125E+11    2322.    
   1.4962E+11    2324.    
   1.5849E+11    2325.    
   1.6788E+11    2327.    
   1.7783E+11    2329.    
   1.8836E+11    2331.    
   1.9953E+11    2332.    
   2.1135E+11    2334.    
   2.2387E+11    2336.    
   2.3714E+11    2337.    
   2.5119E+11    2339.    
   2.6607E+11    2341.    
   2.8184E+11    2342.    
   2.9854E+11    2344.    
   3.1623E+11    2346.    
   3.3497E+11    2347.    
   3.5481E+11    2349.    
   3.7584E+11    2351.    
   3.9811E+11    2352.    
   4.2170E+11    2354.    
   4.4668E+11    2356.    
   4.7315E+11    2357.    
   5.0119E+11    2359.    
   5.3088E+11    2360.    
   5.6234E+11    2362.    
   5.9566E+11    2363.    
   6.3096E+11    2365.    
   6.6834E+11    2366.    
   7.0795E+11    2368.    
   7.4989E+11    2370.    
   7.9433E+11    2371.    
   8.4140E+11    2373.    
   8.9125E+11    2374.    
   9.4406E+11    2375.    
