 #  Total cross section table (last run of 'elscata').
 #
 #  Z =  88,   projectile: electron
 #
 #   Energy         ECS         TCS1         TCS2         ABSCS      error
 #    (eV)        (cm**2)      (cm**2)      (cm**2)      (cm**2)
 #--------------------------------------------------------------------------
   1.00000E+02  1.35390E-15  2.26168E-16  2.88443E-16  1.46196E-15  6.5E-07
   1.25000E+02  1.17637E-15  1.80589E-16  2.63062E-16  1.24448E-15  1.9E-06
   1.50000E+02  1.06878E-15  1.46813E-16  2.30426E-16  1.08698E-15  1.0E-06
   1.75000E+02  9.99772E-16  1.24057E-16  2.02905E-16  9.66864E-16  3.5E-06
   2.00000E+02  9.51750E-16  1.09469E-16  1.82835E-16  8.71817E-16  1.0E-06
   2.50000E+02  8.85481E-16  9.46144E-17  1.58819E-16  7.30428E-16  1.4E-05
   3.00000E+02  8.35104E-16  8.86482E-17  1.45293E-16  6.29915E-16  1.6E-06
   3.50000E+02  7.91149E-16  8.57797E-17  1.35302E-16  5.54577E-16  1.2E-06
   4.00000E+02  7.51172E-16  8.38014E-17  1.26457E-16  4.95909E-16  6.5E-06
   4.50000E+02  7.14595E-16  8.19480E-17  1.18136E-16  4.48874E-16  8.7E-07
   5.00000E+02  6.81085E-16  7.99828E-17  1.10269E-16  4.10289E-16  2.4E-06
   6.00000E+02  6.23166E-16  7.56556E-17  9.60963E-17  3.50661E-16  3.5E-06
   7.00000E+02  5.75400E-16  7.10637E-17  8.41705E-17  3.06631E-16  7.0E-07
   8.00000E+02  5.35831E-16  6.65191E-17  7.43761E-17  2.72683E-16  1.1E-06
   9.00000E+02  5.02665E-16  6.22347E-17  6.63745E-17  2.45631E-16  7.0E-07
   1.00000E+03  4.74253E-16  5.82756E-17  5.98596E-17  2.23539E-16  3.5E-06
   1.25000E+03  4.15889E-16  4.97627E-17  4.82011E-17  1.82684E-16  1.0E-06
   1.50000E+03  3.73792E-16  4.29512E-17  4.06809E-17  1.54623E-16  2.6E-03
   1.75000E+03  3.42114E-16  3.74761E-17  3.54909E-17  1.34147E-16  2.0E-03
   2.00000E+03  3.17076E-16  3.30295E-17  3.16825E-17  1.18537E-16  2.2E-03
   2.50000E+03  2.79385E-16  2.63325E-17  2.63707E-17  9.62957E-17  2.0E-03
   3.00000E+03  2.51884E-16  2.15965E-17  2.27219E-17  8.11988E-17  2.9E-03
   3.50000E+03  2.30658E-16  1.81094E-17  1.99784E-17  7.02749E-17  1.9E-03
   4.00000E+03  2.13642E-16  1.54552E-17  1.78010E-17  6.20022E-17  3.0E-03
   4.50000E+03  1.99639E-16  1.34052E-17  1.60410E-17  5.54909E-17  2.8E-03
   5.00000E+03  1.87859E-16  1.17803E-17  1.45814E-17  5.02314E-17  1.6E-03
   6.00000E+03  1.69004E-16  9.37753E-18  1.22868E-17  4.22589E-17  8.5E-03
   7.00000E+03  1.54451E-16  7.69817E-18  1.05593E-17  3.65030E-17  5.6E-03
   8.00000E+03  1.42783E-16  6.46779E-18  9.21202E-18  3.21524E-17  8.2E-03
   9.00000E+03  1.33161E-16  5.53365E-18  8.13411E-18  2.87483E-17  9.2E-03
   1.00000E+04  1.25053E-16  4.80425E-18  7.25423E-18  2.60121E-17  9.1E-03
   1.25000E+04  1.08015E-16  3.54228E-18  5.63853E-18  2.10574E-17  1.0E-07
   1.50000E+04  9.68626E-17  2.74928E-18  4.55053E-18  1.77309E-17  1.0E-07
   1.75000E+04  8.82435E-17  2.21334E-18  3.77622E-18  1.53420E-17  1.3E-07
   2.00000E+04  8.13445E-17  1.83105E-18  3.20133E-18  1.35430E-17  3.7E-07
   2.50000E+04  7.09159E-17  1.32931E-18  2.41301E-18  1.10163E-17  1.0E-07
   3.00000E+04  6.33431E-17  1.02044E-18  1.90485E-18  9.32469E-18  1.0E-07
   3.50000E+04  5.75527E-17  8.14622E-19  1.55446E-18  8.11326E-18  1.4E-06
   4.00000E+04  5.29588E-17  6.69482E-19  1.30066E-18  7.20305E-18  6.4E-07
   4.50000E+04  4.92121E-17  5.62667E-19  1.10979E-18  6.49421E-18  1.5E-06
   5.00000E+04  4.60898E-17  4.81414E-19  9.61919E-19  5.92649E-18  1.2E-06
   6.00000E+04  4.11671E-17  3.67245E-19  7.49605E-19  5.07426E-18  3.5E-06
   7.00000E+04  3.74477E-17  2.91937E-19  6.06120E-19  4.46499E-18  1.5E-05
   8.00000E+04  3.45298E-17  2.39228E-19  5.03736E-19  4.00777E-18  4.7E-05
   9.00000E+04  3.21751E-17  2.00663E-19  4.27617E-19  3.65191E-18  1.2E-04
   1.00000E+05  3.02324E-17  1.71454E-19  3.69177E-19  3.36682E-18  2.7E-04
   1.25000E+05  2.65905E-17  1.22881E-19  2.70186E-19  2.85047E-18  1.3E-03
   1.50000E+05  2.40489E-17  9.36363E-20  2.09231E-19  2.49837E-18  4.1E-03
   1.75000E+05  2.21736E-17  7.44460E-20  1.68521E-19  2.23505E-18  9.1E-03
   2.00000E+05  2.07335E-17  6.10595E-20  1.39711E-19  2.09791E-18  3.2E-06
   2.50000E+05  1.86702E-17  4.38898E-20  1.02138E-19  1.84778E-18  3.7E-06
   3.00000E+05  1.72676E-17  3.35482E-20  7.90824E-20  1.68306E-18  1.0E-07
   3.50000E+05  1.62563E-17  2.67491E-20  6.37006E-20  1.56698E-18  1.8E-07
   4.00000E+05  1.54957E-17  2.19929E-20  5.28116E-20  1.48104E-18  6.4E-07
   4.50000E+05  1.49051E-17  1.85085E-20  4.47545E-20  1.41558E-18  1.0E-07
   5.00000E+05  1.44350E-17  1.58631E-20  3.85850E-20  1.36384E-18  1.0E-07
   6.00000E+05  1.37378E-17  1.21450E-20  2.98251E-20  1.28805E-18  1.0E-07
   7.00000E+05  1.32499E-17  9.68426E-21  2.39603E-20  1.23570E-18  1.0E-07
   8.00000E+05  1.28928E-17  7.95294E-21  1.97960E-20  1.19772E-18  1.0E-07
   9.00000E+05  1.26221E-17  6.67863E-21  1.67079E-20  1.16916E-18  1.0E-07
   1.00000E+06  1.24114E-17  5.70766E-21  1.43400E-20  1.14706E-18  1.0E-07
   1.25000E+06  1.20766E-17  4.12496E-21  1.04458E-20  0.00000E+00  1.0E-07
   1.50000E+06  1.18500E-17  3.12074E-21  7.95378E-21  0.00000E+00  1.0E-07
   1.75000E+06  1.16984E-17  2.45664E-21  6.29361E-21  0.00000E+00  1.0E-07
   2.00000E+06  1.16277E-17  1.99218E-21  5.12788E-21  0.00000E+00  1.1E-05
   2.50000E+06  1.14710E-17  1.39365E-21  3.61171E-21  0.00000E+00  1.1E-05
   3.00000E+06  1.13783E-17  1.03482E-21  2.69652E-21  0.00000E+00  1.1E-05
   3.50000E+06  1.13184E-17  8.01250E-22  2.09759E-21  0.00000E+00  1.1E-05
   4.00000E+06  1.12791E-17  6.40040E-22  1.68238E-21  0.00000E+00  1.1E-05
   4.50000E+06  1.12461E-17  5.23766E-22  1.38176E-21  0.00000E+00  1.1E-05
   5.00000E+06  1.12407E-17  4.37057E-22  1.15688E-21  0.00000E+00  1.1E-05
   6.00000E+06  1.11993E-17  3.18122E-22  8.47068E-22  0.00000E+00  1.1E-05
   7.00000E+06  1.11788E-17  2.42288E-22  6.48562E-22  0.00000E+00  1.1E-05
   8.00000E+06  1.11665E-17  1.90845E-22  5.13324E-22  0.00000E+00  1.1E-05
   9.00000E+06  1.11578E-17  1.54289E-22  4.16851E-22  0.00000E+00  1.1E-05
   1.00000E+07  1.11507E-17  1.27353E-22  3.45514E-22  0.00000E+00  1.1E-05
   1.25000E+07  1.11415E-17  8.44049E-23  2.31170E-22  0.00000E+00  1.1E-05
   1.50000E+07  1.11358E-17  6.00149E-23  1.65756E-22  0.00000E+00  1.1E-05
   1.75000E+07  1.11319E-17  4.48306E-23  1.24755E-22  0.00000E+00  1.1E-05
   2.00000E+07  1.11289E-17  3.47389E-23  9.73327E-23  0.00000E+00  1.1E-05
   2.50000E+07  1.11252E-17  2.25820E-23  6.40168E-23  0.00000E+00  1.1E-05
   3.00000E+07  1.11241E-17  1.58247E-23  4.52896E-23  0.00000E+00  1.1E-05
   3.50000E+07  1.11215E-17  1.16903E-23  3.37146E-23  0.00000E+00  1.1E-05
   4.00000E+07  1.11205E-17  8.98205E-24  2.60634E-23  0.00000E+00  1.1E-05
   4.50000E+07  1.11226E-17  7.11351E-24  2.07429E-23  0.00000E+00  1.1E-05
   5.00000E+07  1.11176E-17  5.77129E-24  1.68955E-23  0.00000E+00  1.1E-05
   6.00000E+07  1.11175E-17  4.01576E-24  1.18246E-23  0.00000E+00  1.1E-05
   7.00000E+07  1.11201E-17  2.95331E-24  8.73089E-24  0.00000E+00  1.1E-05
   8.00000E+07  1.11192E-17  2.26214E-24  6.70672E-24  0.00000E+00  1.1E-05
   9.00000E+07  1.11187E-17  1.78767E-24  5.31127E-24  0.00000E+00  1.1E-05
   1.00000E+08  1.11194E-17  1.44806E-24  4.30917E-24  0.00000E+00  1.1E-05
   1.25000E+08  1.11196E-17  9.26491E-25  2.76436E-24  0.00000E+00  1.1E-05
   1.50000E+08  1.11195E-17  6.43110E-25  1.92180E-24  0.00000E+00  1.1E-05
   1.75000E+08  1.11191E-17  4.72274E-25  1.41267E-24  0.00000E+00  1.1E-05
   2.00000E+08  1.11188E-17  3.61426E-25  1.08180E-24  0.00000E+00  1.1E-05
   2.50000E+08  1.11175E-17  2.31140E-25  6.92388E-25  0.00000E+00  1.9E-05
   3.00000E+08  1.11155E-17  1.60417E-25  4.80747E-25  0.00000E+00  6.3E-05
   3.50000E+08  1.11123E-17  1.17790E-25  3.53096E-25  0.00000E+00  6.7E-05
   4.00000E+08  1.11083E-17  9.01368E-26  2.70248E-25  0.00000E+00  1.0E+00
   4.50000E+08  1.11052E-17  7.11836E-26  2.13449E-25  0.00000E+00  1.0E+00
   5.00000E+08  1.10943E-17  5.76324E-26  1.72830E-25  0.00000E+00  1.0E+00
   6.00000E+08  1.10748E-17  3.99881E-26  1.19932E-25  0.00000E+00  1.0E+00
   7.00000E+08  1.10483E-17  2.93559E-26  8.80502E-26  0.00000E+00  1.0E+00
   8.00000E+08  1.10068E-17  2.24584E-26  6.73650E-26  0.00000E+00  1.0E+00
   9.00000E+08  1.09548E-17  1.77326E-26  5.31914E-26  0.00000E+00  1.0E+00
   1.00000E+09  1.08922E-17  1.43547E-26  4.30598E-26  0.00000E+00  1.0E+00
