100.0 3.012E+06
150.0 1.813E+07
200.0 6.539E+07
225.0 1.118E+08
250.0 1.721E+08
275.0 2.469E+08
300.0 3.347E+08
325.0 4.218E+08
350.0 5.001E+08
375.0 5.751E+08
400.0 6.358E+08
425.0 6.757E+08
450.0 6.986E+08
475.0 6.979E+08
500.0 6.789E+08
525.0 6.432E+08
550.0 5.911E+08
575.0 5.371E+08
600.0 4.748E+08
625.0 4.125E+08
650.0 3.568E+08
675.0 3.043E+08
700.0 2.538E+08
725.0 2.121E+08
750.0 1.777E+08
775.0 1.429E+08
800.0 1.166E+08
825.0 9.306E+07
850.0 7.476E+07
875.0 5.949E+07
900.0 4.698E+07
925.0 3.622E+07
950.0 2.713E+07
975.0 2.476E+07
1000.0 1.824E+07
1025.0 1.656E+07
1050.0 1.171E+07
1075.0 9.410E+06
1100.0 7.834E+06
