 #  Total cross section table (last run of 'elscata').
 #
 #  Z =   6,   projectile: electron
 #
 #   Energy         ECS         TCS1         TCS2         ABSCS      error
 #    (eV)        (cm**2)      (cm**2)      (cm**2)      (cm**2)
 #--------------------------------------------------------------------------
   1.00000E+02  3.10011E-16  8.26684E-17  9.77089E-17  3.31431E-16  4.7E-06
   1.25000E+02  2.64570E-16  6.15808E-17  8.01608E-17  2.91730E-16  1.9E-06
   1.50000E+02  2.32773E-16  4.83674E-17  6.75914E-17  2.60322E-16  6.8E-06
   1.75000E+02  2.09733E-16  3.98072E-17  5.86644E-17  2.34042E-16  9.1E-06
   2.00000E+02  1.91760E-16  3.36716E-17  5.17584E-17  2.12310E-16  6.3E-06
   2.50000E+02  1.64801E-16  2.53566E-17  4.15404E-17  1.78907E-16  1.3E-05
   3.00000E+02  1.45047E-16  1.99734E-17  3.42721E-17  1.54590E-16  6.5E-06
   3.50000E+02  1.29672E-16  1.62182E-17  2.88402E-17  1.36136E-16  1.7E-05
   4.00000E+02  1.17202E-16  1.34725E-17  2.46383E-17  1.21657E-16  2.0E-05
   4.50000E+02  1.06791E-16  1.13904E-17  2.13034E-17  1.09994E-16  1.2E-05
   5.00000E+02  9.80682E-17  9.77300E-18  1.86196E-17  1.00397E-16  4.3E-06
   6.00000E+02  8.44237E-17  7.45205E-18  1.46230E-17  8.55292E-17  2.5E-05
   7.00000E+02  7.41948E-17  5.89106E-18  1.18251E-17  7.45394E-17  3.5E-05
   8.00000E+02  6.62173E-17  4.78639E-18  9.78352E-18  6.60797E-17  1.9E-05
   9.00000E+02  5.98107E-17  3.97368E-18  8.24445E-18  5.93631E-17  4.2E-05
   1.00000E+03  5.45474E-17  3.35709E-18  7.05326E-18  5.38990E-17  4.8E-05
   1.25000E+03  4.47365E-17  2.33459E-18  5.02615E-18  4.38474E-17  2.5E-03
   1.50000E+03  3.79348E-17  1.72561E-18  3.78232E-18  3.69808E-17  3.6E-03
   1.75000E+03  3.29383E-17  1.33204E-18  2.96051E-18  3.19885E-17  3.0E-03
   2.00000E+03  2.91114E-17  1.06216E-18  2.38721E-18  2.81933E-17  3.0E-03
   2.50000E+03  2.36342E-17  7.24843E-19  1.65699E-18  2.28016E-17  2.0E-03
   3.00000E+03  1.99045E-17  5.29297E-19  1.22492E-18  1.91515E-17  4.0E-03
   3.50000E+03  1.71996E-17  4.05136E-19  9.46507E-19  1.65163E-17  3.3E-03
   4.00000E+03  1.51474E-17  3.21024E-19  7.55764E-19  1.45243E-17  2.8E-03
   4.50000E+03  1.35369E-17  2.61230E-19  6.18938E-19  1.29656E-17  1.1E-02
   5.00000E+03  1.22392E-17  2.17103E-19  5.17207E-19  1.17127E-17  1.2E-02
   6.00000E+03  1.02770E-17  1.57407E-19  3.78368E-19  9.82313E-18  7.1E-03
   7.00000E+03  8.86384E-18  1.19792E-19  2.90016E-19  8.46582E-18  6.2E-03
   8.00000E+03  7.79750E-18  9.44822E-20  2.30095E-19  7.44357E-18  1.2E-02
   9.00000E+03  6.96430E-18  7.65933E-20  1.87468E-19  6.64591E-18  6.8E-03
   1.00000E+04  6.29535E-18  6.34569E-20  1.55991E-19  6.00613E-18  9.6E-03
   1.25000E+04  5.03843E-18  4.25559E-20  1.05536E-19  4.85066E-18  2.8E-06
   1.50000E+04  4.24096E-18  3.06815E-20  7.66111E-20  4.07770E-18  3.2E-06
   1.75000E+04  3.66852E-18  2.32589E-20  5.84021E-20  3.52423E-18  5.0E-06
   2.00000E+04  3.23766E-18  1.82948E-20  4.61538E-20  3.10830E-18  4.4E-06
   2.50000E+04  2.63226E-18  1.22486E-20  3.11368E-20  2.52495E-18  6.4E-06
   3.00000E+04  2.22727E-18  8.82753E-21  2.25763E-20  2.13536E-18  5.4E-06
   3.50000E+04  1.93735E-18  6.69509E-21  1.72087E-20  1.85675E-18  7.9E-06
   4.00000E+04  1.71957E-18  5.27156E-21  1.36079E-20  1.64763E-18  7.6E-06
   4.50000E+04  1.55002E-18  4.27141E-21  1.10676E-20  1.48491E-18  1.0E-07
   5.00000E+04  1.41428E-18  3.54028E-21  9.20377E-21  1.35468E-18  1.0E-07
   6.00000E+04  1.21055E-18  2.56144E-21  6.69737E-21  1.15934E-18  1.6E-07
   7.00000E+04  1.06499E-18  1.95113E-21  5.12632E-21  1.01984E-18  1.0E-07
   8.00000E+04  9.55850E-19  1.54333E-21  4.07188E-21  9.15258E-19  1.0E-07
   9.00000E+04  8.71007E-19  1.25641E-21  3.32714E-21  8.33984E-19  1.0E-07
   1.00000E+05  8.03187E-19  1.04631E-21  2.77993E-21  7.69025E-19  1.0E-07
   1.25000E+05  6.81335E-19  7.12619E-22  1.90665E-21  6.52341E-19  3.2E-05
   1.50000E+05  6.00384E-19  5.22728E-22  1.40658E-21  5.74845E-19  4.0E-05
   1.75000E+05  5.42809E-19  4.03466E-22  1.09088E-21  5.19733E-19  3.0E-05
   2.00000E+05  4.99837E-19  3.23161E-22  8.77343E-22  4.78617E-19  5.7E-05
   2.50000E+05  4.40151E-19  2.24168E-22  6.12692E-22  4.21500E-19  4.4E-04
   3.00000E+05  4.00845E-19  1.67059E-22  4.59032E-22  3.83846E-19  2.1E-03
   3.50000E+05  3.73144E-19  1.30712E-22  3.60709E-22  3.57200E-19  7.1E-03
   4.00000E+05  3.52662E-19  1.05922E-22  2.93347E-22  3.37289E-19  1.9E-02
   4.50000E+05  3.36966E-19  8.81270E-23  2.44802E-22  3.21689E-19  4.4E-02
   5.00000E+05  3.24602E-19  7.48398E-23  2.08430E-22  3.08868E-19  9.4E-02
   6.00000E+05  3.06474E-19  5.65194E-23  1.58068E-22  2.93828E-19  7.3E-05
   7.00000E+05  2.93935E-19  4.46388E-23  1.25249E-22  2.81895E-19  1.1E-04
   8.00000E+05  2.84830E-19  3.64067E-23  1.02418E-22  2.73246E-19  1.2E-07
   9.00000E+05  2.77974E-19  3.04182E-23  8.57541E-23  2.66737E-19  4.9E-07
   1.00000E+06  2.72662E-19  2.58968E-23  7.31382E-23  2.61710E-19  1.0E-07
   1.25000E+06  2.63406E-19  1.84179E-23  5.21936E-23  0.00000E+00  1.4E-04
   1.50000E+06  2.57778E-19  1.38919E-23  3.94649E-23  0.00000E+00  1.4E-04
   1.75000E+06  2.54074E-19  1.09196E-23  3.10796E-23  0.00000E+00  1.5E-04
   2.00000E+06  2.51498E-19  8.84629E-24  2.52163E-23  0.00000E+00  1.5E-04
   2.50000E+06  2.48230E-19  6.19298E-24  1.76932E-23  0.00000E+00  1.6E-04
   3.00000E+06  2.46400E-19  4.60625E-24  1.31821E-23  0.00000E+00  1.6E-04
   3.50000E+06  2.45268E-19  3.57427E-24  1.02422E-23  0.00000E+00  1.7E-04
   4.00000E+06  2.44476E-19  2.86194E-24  8.20982E-24  0.00000E+00  1.7E-04
   4.50000E+06  2.43948E-19  2.34802E-24  6.74168E-24  0.00000E+00  1.7E-04
   5.00000E+06  2.43537E-19  1.96407E-24  5.64363E-24  0.00000E+00  1.7E-04
   6.00000E+06  2.42983E-19  1.43747E-24  4.13580E-24  0.00000E+00  1.8E-04
   7.00000E+06  2.42604E-19  1.10073E-24  3.17026E-24  0.00000E+00  1.8E-04
   8.00000E+06  2.42333E-19  8.71667E-25  2.51273E-24  0.00000E+00  1.8E-04
   9.00000E+06  2.42142E-19  7.08453E-25  2.04378E-24  0.00000E+00  1.8E-04
   1.00000E+07  2.41944E-19  5.87848E-25  1.69698E-24  0.00000E+00  1.8E-04
   1.25000E+07  2.41610E-19  3.94607E-25  1.14073E-24  0.00000E+00  1.8E-04
   1.50000E+07  2.41387E-19  2.84043E-25  8.22061E-25  0.00000E+00  1.8E-04
   1.75000E+07  2.41293E-19  2.14683E-25  6.21947E-25  0.00000E+00  1.8E-04
   2.00000E+07  2.41206E-19  1.68216E-25  4.87770E-25  0.00000E+00  1.9E-04
   2.50000E+07  2.41178E-19  1.11595E-25  3.24117E-25  0.00000E+00  1.9E-04
   3.00000E+07  2.41146E-19  7.96028E-26  2.31546E-25  0.00000E+00  1.9E-04
   3.50000E+07  2.41246E-19  5.97198E-26  1.73958E-25  0.00000E+00  1.9E-04
   4.00000E+07  2.41289E-19  4.64950E-26  1.35623E-25  0.00000E+00  1.9E-04
   4.50000E+07  2.41363E-19  3.72434E-26  1.08784E-25  0.00000E+00  1.9E-04
   5.00000E+07  2.41412E-19  3.05111E-26  8.92382E-26  0.00000E+00  1.9E-04
   6.00000E+07  2.41473E-19  2.15629E-26  6.32291E-26  0.00000E+00  1.9E-04
   7.00000E+07  2.41506E-19  1.60434E-26  4.71590E-26  0.00000E+00  1.9E-04
   8.00000E+07  2.41468E-19  1.23980E-26  3.65259E-26  0.00000E+00  1.9E-04
   9.00000E+07  2.41438E-19  9.86421E-27  2.91212E-26  0.00000E+00  1.9E-04
   1.00000E+08  2.41391E-19  8.03225E-27  2.37569E-26  0.00000E+00  1.9E-04
   1.25000E+08  2.41289E-19  5.18498E-27  1.53928E-26  0.00000E+00  1.9E-04
   1.50000E+08  2.41099E-19  3.61837E-27  1.07702E-26  0.00000E+00  1.9E-04
   1.75000E+08  2.41110E-19  2.66662E-27  7.95169E-27  0.00000E+00  1.9E-04
   2.00000E+08  2.41072E-19  2.04589E-27  6.10853E-27  0.00000E+00  1.9E-04
   2.50000E+08  2.41044E-19  1.31276E-27  3.92590E-27  0.00000E+00  2.1E-04
   3.00000E+08  2.41030E-19  9.13028E-28  2.73298E-27  0.00000E+00  2.5E-04
   3.50000E+08  2.41122E-19  6.71480E-28  2.01110E-27  0.00000E+00  1.2E-03
   4.00000E+08  2.41205E-19  5.14479E-28  1.54146E-27  0.00000E+00  1.4E-03
   4.50000E+08  2.41243E-19  4.06724E-28  1.21893E-27  0.00000E+00  1.0E+00
   5.00000E+08  2.41276E-19  3.29593E-28  9.87962E-28  0.00000E+00  3.1E-03
   6.00000E+08  2.41233E-19  2.29038E-28  6.86717E-28  0.00000E+00  1.0E+00
   7.00000E+08  2.41066E-19  1.68355E-28  5.04850E-28  0.00000E+00  1.0E+00
   8.00000E+08  2.40793E-19  1.28948E-28  3.86717E-28  0.00000E+00  1.0E+00
   9.00000E+08  2.40384E-19  1.01917E-28  3.05671E-28  0.00000E+00  1.0E+00
   1.00000E+09  2.39840E-19  8.25747E-29  2.47672E-28  0.00000E+00  1.0E+00
