 -90.0 -180.0 7.51606E-06 -5.33705E-05 90.0
 -90.0 -170.0 9.90203E-06 -5.33705E-05 90.0
 -90.0 -160.0 1.19871E-05 -5.33705E-05 90.0
 -90.0 -150.0 1.37080E-05 -5.33705E-05 90.0
 -90.0 -140.0 1.50124E-05 -5.33705E-05 90.0
 -90.0 -130.0 1.58606E-05 -5.33705E-05 90.0
 -90.0 -120.0 1.62269E-05 -5.33705E-05 90.0
 -90.0 -110.0 1.61001E-05 -5.33705E-05 90.0
 -90.0 -100.0 1.54842E-05 -5.33705E-05 90.0
 -90.0 -90.0 1.43978E-05 -5.33705E-05 90.0
 -90.0 -80.0 1.28739E-05 -5.33705E-05 90.0
 -90.0 -70.0 1.09588E-05 -5.33705E-05 90.0
 -90.0 -60.0 8.71081E-06 -5.33705E-05 90.0
 -90.0 -50.0 6.19810E-06 -5.33705E-05 90.0
 -90.0 -40.0 3.49707E-06 -5.33705E-05 90.0
 -90.0 -30.0 6.89786E-07 -5.33705E-05 90.0
 -90.0 -20.0 2.13846E-06 -5.33705E-05 -90.0
 -90.0 -10.0 4.90173E-06 -5.33705E-05 -90.0
 -90.0 .0 7.51606E-06 -5.33705E-05 -90.0
 -90.0 10.0 9.90203E-06 -5.33705E-05 -90.0
 -90.0 20.0 1.19871E-05 -5.33705E-05 -90.0
 -90.0 30.0 1.37080E-05 -5.33705E-05 -90.0
 -90.0 40.0 1.50124E-05 -5.33705E-05 -90.0
 -90.0 50.0 1.58606E-05 -5.33705E-05 -90.0
 -90.0 60.0 1.62269E-05 -5.33705E-05 -90.0
 -90.0 70.0 1.61001E-05 -5.33705E-05 -90.0
 -90.0 80.0 1.54842E-05 -5.33705E-05 -90.0
 -90.0 90.0 1.43978E-05 -5.33705E-05 -90.0
 -90.0 100.0 1.28739E-05 -5.33705E-05 -90.0
 -90.0 110.0 1.09588E-05 -5.33705E-05 -90.0
 -90.0 120.0 8.71081E-06 -5.33705E-05 -90.0
 -90.0 130.0 6.19810E-06 -5.33705E-05 -90.0
 -90.0 140.0 3.49707E-06 -5.33705E-05 -90.0
 -90.0 150.0 6.89786E-07 -5.33705E-05 -90.0
 -90.0 160.0 2.13846E-06 -5.33705E-05 90.0
 -90.0 170.0 4.90173E-06 -5.33705E-05 90.0
 -90.0 180.0 7.51606E-06 -5.33705E-05 90.0
 -85.0 -180.0 1.42384E-05 -5.74170E-05 143.2762
 -85.0 -170.0 1.42393E-05 -5.71274E-05 133.4317
 -85.0 -160.0 1.42375E-05 -5.67216E-05 123.3423
 -85.0 -150.0 1.43402E-05 -5.62118E-05 112.9033
 -85.0 -140.0 1.46260E-05 -5.56127E-05 102.3162
 -85.0 -130.0 1.50998E-05 -5.49412E-05 91.94007
 -85.0 -120.0 1.56842E-05 -5.42160E-05 82.03853
 -85.0 -110.0 1.62573E-05 -5.34578E-05 72.62493
 -85.0 -100.0 1.67127E-05 -5.26885E-05 63.49348
 -85.0 -90.0 1.70077E-05 -5.19305E-05 54.36794
 -85.0 -80.0 1.71787E-05 -5.12059E-05 45.07308
 -85.0 -70.0 1.73123E-05 -5.05360E-05 35.66242
 -85.0 -60.0 1.74845E-05 -4.99399E-05 26.42749
 -85.0 -50.0 1.77085E-05 -4.94345E-05 17.74284
 -85.0 -40.0 1.79265E-05 -4.90341E-05 9.83285
 -85.0 -30.0 1.80494E-05 -4.87502E-05 2.62776
 -85.0 -20.0 1.80075E-05 -4.85914E-05 -4.22313
 -85.0 -10.0 1.77871E-05 -4.85639E-05 -11.2396
 -85.0 .0 1.74443E-05 -4.86707E-05 -18.9627
 -85.0 10.0 1.70975E-05 -4.89117E-05 -27.7823
 -85.0 20.0 1.68917E-05 -4.92831E-05 -37.751
 -85.0 30.0 1.69326E-05 -4.97768E-05 -48.4922
 -85.0 40.0 1.72173E-05 -5.03799E-05 -59.3596
 -85.0 50.0 1.76184E-05 -5.10750E-05 -69.8009
 -85.0 60.0 1.79395E-05 -5.18401E-05 -79.6229
 -85.0 70.0 1.80010E-05 -5.26495E-05 -88.9932
 -85.0 80.0 1.77037E-05 -5.34754E-05 -98.3015
 -85.0 90.0 1.70544E-05 -5.42884E-05 -108.027
 -85.0 100.0 1.61596E-05 -5.50601E-05 -118.642
 -85.0 110.0 1.51983E-05 -5.57639E-05 -130.49
 -85.0 120.0 1.43750E-05 -5.63765E-05 -143.605
 -85.0 130.0 1.38510E-05 -5.68790E-05 -157.529
 -85.0 140.0 1.36750E-05 -5.72574E-05 -171.399
 -85.0 150.0 1.37667E-05 -5.75025E-05 175.6163
 -85.0 160.0 1.39732E-05 -5.76100E-05 163.8849
 -85.0 170.0 1.41541E-05 -5.75802E-05 153.2559
 -85.0 180.0 1.42384E-05 -5.74170E-05 143.2762
 -80.0 -180.0 1.17409E-05 -6.04952E-05 131.1664
 -80.0 -170.0 1.18785E-05 -5.98842E-05 120.677
 -80.0 -160.0 1.21178E-05 -5.90737E-05 109.9728
 -80.0 -150.0 1.26384E-05 -5.80835E-05 99.15261
 -80.0 -140.0 1.35335E-05 -5.69344E-05 88.79653
 -80.0 -130.0 1.47444E-05 -5.56504E-05 79.44687
 -80.0 -120.0 1.60770E-05 -5.42613E-05 71.18457
 -80.0 -110.0 1.72798E-05 -5.28041E-05 63.63941
 -80.0 -100.0 1.81418E-05 -5.13228E-05 56.2315
 -80.0 -90.0 1.85781E-05 -4.98657E-05 48.4043
 -80.0 -80.0 1.86713E-05 -4.84815E-05 39.83275
 -80.0 -70.0 1.86281E-05 -4.72145E-05 30.63403
 -80.0 -60.0 1.86483E-05 -4.61012E-05 21.44102
 -80.0 -50.0 1.87954E-05 -4.51685E-05 13.11089
 -80.0 -40.0 1.89845E-05 -4.44344E-05 6.19556
 -80.0 -30.0 1.90789E-05 -4.39109E-05 .6422461
 -80.0 -20.0 1.89844E-05 -4.36074E-05 -4.12171
 -80.0 -10.0 1.86834E-05 -4.35334E-05 -8.94543
 -80.0 .0 1.82363E-05 -4.36999E-05 -14.7239
 -80.0 10.0 1.77801E-05 -4.41171E-05 -22.1698
 -80.0 20.0 1.75086E-05 -4.47916E-05 -31.524
 -80.0 30.0 1.75897E-05 -4.57219E-05 -42.3064
 -80.0 40.0 1.80337E-05 -4.68934E-05 -53.4745
 -80.0 50.0 1.86340E-05 -4.82764E-05 -64.0734
 -80.0 60.0 1.90612E-05 -4.98253E-05 -73.7524
 -80.0 70.0 1.90278E-05 -5.14809E-05 -82.7375
 -80.0 80.0 1.83948E-05 -5.31751E-05 -91.5606
 -80.0 90.0 1.71914E-05 -5.48359E-05 -100.877
 -80.0 100.0 1.55823E-05 -5.63940E-05 -111.418
 -80.0 110.0 1.38300E-05 -5.77875E-05 -123.964
 -80.0 120.0 1.22602E-05 -5.89664E-05 -139.126
 -80.0 130.0 1.11886E-05 -5.98947E-05 -156.686
 -80.0 140.0 1.07698E-05 -6.05518E-05 -174.984
 -80.0 150.0 1.08801E-05 -6.09312E-05 168.2157
 -80.0 160.0 1.12224E-05 -6.10382E-05 153.9849
 -80.0 170.0 1.15420E-05 -6.08867E-05 141.9594
 -80.0 180.0 1.17409E-05 -6.04952E-05 131.1664
 -75.0 -180.0 9.76906E-06 -6.24110E-05 111.6744
 -75.0 -170.0 1.02406E-05 -6.14613E-05 100.9551
 -75.0 -160.0 1.08777E-05 -6.02774E-05 90.74445
 -75.0 -150.0 1.18767E-05 -5.88758E-05 81.36625
 -75.0 -140.0 1.33057E-05 -5.72667E-05 73.32461
 -75.0 -130.0 1.50645E-05 -5.54635E-05 66.71063
 -75.0 -120.0 1.69149E-05 -5.34928E-05 61.10466
 -75.0 -110.0 1.85482E-05 -5.14025E-05 55.82813
 -75.0 -100.0 1.96811E-05 -4.92631E-05 50.17002
 -75.0 -90.0 2.01737E-05 -4.71616E-05 43.51723
 -75.0 -80.0 2.01207E-05 -4.51888E-05 35.52014
 -75.0 -70.0 1.98211E-05 -4.34240E-05 26.37961
 -75.0 -60.0 1.95840E-05 -4.19221E-05 17.04086
 -75.0 -50.0 1.95133E-05 -4.07090E-05 8.82119
 -75.0 -40.0 1.95006E-05 -3.97856E-05 2.5826
 -75.0 -30.0 1.93983E-05 -3.91398E-05 -1.71831
 -75.0 -20.0 1.91420E-05 -3.87618E-05 -4.85423
 -75.0 -10.0 1.87473E-05 -3.86552E-05 -7.95099
 -75.0 .0 1.82761E-05 -3.88417E-05 -12.1815
 -75.0 10.0 1.78447E-05 -3.93576E-05 -18.5067
 -75.0 20.0 1.76423E-05 -4.02420E-05 -27.3298
 -75.0 30.0 1.78644E-05 -4.15224E-05 -38.1095
 -75.0 40.0 1.85282E-05 -4.31997E-05 -49.4697
 -75.0 50.0 1.93538E-05 -4.52392E-05 -60.1019
 -75.0 60.0 1.98898E-05 -4.75684E-05 -69.524
 -75.0 70.0 1.97605E-05 -5.00827E-05 -78.0021
 -75.0 80.0 1.88145E-05 -5.26579E-05 -86.1405
 -75.0 90.0 1.71191E-05 -5.51640E-05 -94.6519
 -75.0 100.0 1.48805E-05 -5.74787E-05 -104.375
 -75.0 110.0 1.23866E-05 -5.94982E-05 -116.485
 -75.0 120.0 1.00167E-05 -6.11446E-05 -132.712
 -75.0 130.0 8.26706E-06 -6.23700E-05 -154.686
 -75.0 140.0 7.57558E-06 -6.31572E-05 179.322
 -75.0 150.0 7.86162E-06 -6.35172E-05 155.5058
 -75.0 160.0 8.56822E-06 -6.34826E-05 137.2478
 -75.0 170.0 9.24699E-06 -6.30982E-05 123.3251
 -75.0 180.0 9.76906E-06 -6.24110E-05 111.6744
 -70.0 -180.0 9.28114E-06 -6.31151E-05 85.88491
 -70.0 -170.0 1.01563E-05 -6.18226E-05 77.05555
 -70.0 -160.0 1.11301E-05 -6.03144E-05 69.40276
 -70.0 -150.0 1.23995E-05 -5.85927E-05 63.23112
 -70.0 -140.0 1.40411E-05 -5.66390E-05 58.64722
 -70.0 -130.0 1.59852E-05 -5.44345E-05 55.26713
 -70.0 -120.0 1.80219E-05 -5.19844E-05 52.38425
 -70.0 -110.0 1.98345E-05 -4.93385E-05 49.23875
 -70.0 -100.0 2.10846E-05 -4.65981E-05 45.13868
 -70.0 -90.0 2.15599E-05 -4.39057E-05 39.495
 -70.0 -80.0 2.13286E-05 -4.14179E-05 31.95861
 -70.0 -70.0 2.07464E-05 -3.92678E-05 22.78642
 -70.0 -60.0 2.02098E-05 -3.75343E-05 13.18189
 -70.0 -50.0 1.98489E-05 -3.62286E-05 4.88464
 -70.0 -40.0 1.95315E-05 -3.53063E-05 -.944984
 -70.0 -30.0 1.91230E-05 -3.46990E-05 -4.32508
 -70.0 -20.0 1.86243E-05 -3.43506E-05 -6.18899
 -70.0 -10.0 1.81085E-05 -3.42459E-05 -7.89205
 -70.0 .0 1.76430E-05 -3.44211E-05 -10.8377
 -70.0 10.0 1.73060E-05 -3.49546E-05 -16.1999
 -70.0 20.0 1.72527E-05 -3.59435E-05 -24.5434
 -70.0 30.0 1.76820E-05 -3.74708E-05 -35.2969
 -70.0 40.0 1.86142E-05 -3.95726E-05 -46.7806
 -70.0 50.0 1.97010E-05 -4.22168E-05 -57.3503
 -70.0 60.0 2.03729E-05 -4.52977E-05 -66.4021
 -70.0 70.0 2.01764E-05 -4.86507E-05 -74.2243
 -70.0 80.0 1.89642E-05 -5.20782E-05 -81.4411
 -70.0 90.0 1.68558E-05 -5.53790E-05 -88.7213
 -70.0 100.0 1.40934E-05 -5.83717E-05 -96.8148
 -70.0 110.0 1.09488E-05 -6.09100E-05 -106.95
 -70.0 120.0 7.76062E-06 -6.28912E-05 -121.985
 -70.0 130.0 5.14292E-06 -6.42614E-05 -149.152
 -70.0 140.0 4.27454E-06 -6.50165E-05 165.9809
 -70.0 150.0 5.36351E-06 -6.51977E-05 129.2185
 -70.0 160.0 6.93478E-06 -6.48805E-05 109.0156
 -70.0 170.0 8.26397E-06 -6.41567E-05 96.05368
 -70.0 180.0 9.28114E-06 -6.31151E-05 85.88491
 -65.0 -180.0 1.05502E-05 -6.26911E-05 62.64193
 -65.0 -170.0 1.16497E-05 -6.10640E-05 56.89683
 -65.0 -160.0 1.27244E-05 -5.92839E-05 52.09228
 -65.0 -150.0 1.39752E-05 -5.73331E-05 48.70328
 -65.0 -140.0 1.55104E-05 -5.51516E-05 46.78578
 -65.0 -130.0 1.73163E-05 -5.26718E-05 45.84029
 -65.0 -120.0 1.92401E-05 -4.98600E-05 45.06365
 -65.0 -110.0 2.09916E-05 -4.67556E-05 43.64452
 -65.0 -100.0 2.22026E-05 -4.34893E-05 40.8672
 -65.0 -90.0 2.25882E-05 -4.02722E-05 36.11299
 -65.0 -80.0 2.21625E-05 -3.73492E-05 28.98583
 -65.0 -70.0 2.13041E-05 -3.49298E-05 19.74608
 -65.0 -60.0 2.04750E-05 -3.31248E-05 9.80079
 -65.0 -50.0 1.98184E-05 -3.19183E-05 1.27813
 -65.0 -40.0 1.91726E-05 -3.11917E-05 -4.37612
 -65.0 -30.0 1.84238E-05 -3.07872E-05 -7.14296
 -65.0 -20.0 1.76490E-05 -3.05784E-05 -8.07038
 -65.0 -10.0 1.69869E-05 -3.05204E-05 -8.67079
 -65.0 .0 1.65184E-05 -3.06651E-05 -10.5086
 -65.0 10.0 1.62895E-05 -3.11456E-05 -14.9492
 -65.0 20.0 1.64131E-05 -3.21367E-05 -22.7582
 -65.0 30.0 1.70778E-05 -3.38007E-05 -33.3928
 -65.0 40.0 1.83032E-05 -3.62303E-05 -44.8958
 -65.0 50.0 1.96776E-05 -3.94048E-05 -55.2911
 -65.0 60.0 2.05186E-05 -4.31801E-05 -63.8491
 -65.0 70.0 2.03000E-05 -4.73146E-05 -70.8502
 -65.0 80.0 1.88874E-05 -5.15209E-05 -76.8776
 -65.0 90.0 1.64643E-05 -5.55180E-05 -82.4472
 -65.0 100.0 1.33191E-05 -5.90667E-05 -87.9577
 -65.0 110.0 9.70515E-06 -6.19851E-05 -93.8973
 -65.0 120.0 5.85019E-06 -6.41539E-05 -101.705
 -65.0 130.0 2.08876E-06 -6.55202E-05 -122.357
 -65.0 140.0 1.93957E-06 -6.60993E-05 105.4885
 -65.0 150.0 4.90908E-06 -6.59710E-05 84.07996
 -65.0 160.0 7.34822E-06 -6.52630E-05 75.61325
 -65.0 170.0 9.18677E-06 -6.41237E-05 68.87952
 -65.0 180.0 1.05502E-05 -6.26911E-05 62.64193
 -60.0 -180.0 1.28671E-05 -6.13134E-05 47.00517
 -60.0 -170.0 1.39978E-05 -5.93710E-05 43.48326
 -60.0 -160.0 1.50150E-05 -5.73625E-05 40.44872
 -60.0 -150.0 1.61041E-05 -5.52518E-05 38.56452
 -60.0 -140.0 1.73821E-05 -5.29371E-05 38.01427
 -60.0 -130.0 1.88706E-05 -5.02967E-05 38.38632
 -60.0 -120.0 2.04750E-05 -4.72489E-05 38.91003
 -60.0 -110.0 2.19638E-05 -4.38090E-05 38.73987
 -60.0 -100.0 2.29853E-05 -4.01262E-05 37.06436
 -60.0 -90.0 2.32064E-05 -3.64793E-05 33.13342
 -60.0 -80.0 2.25764E-05 -3.32151E-05 26.41872
 -60.0 -70.0 2.14693E-05 -3.06391E-05 17.11983
 -60.0 -60.0 2.03914E-05 -2.89045E-05 6.8014
 -60.0 -50.0 1.94865E-05 -2.79594E-05 -2.04255
 -60.0 -40.0 1.85556E-05 -2.75874E-05 -7.70194
 -60.0 -30.0 1.75000E-05 -2.75177E-05 -10.1362
 -60.0 -20.0 1.64615E-05 -2.75406E-05 -10.4765
 -60.0 -10.0 1.56339E-05 -2.75773E-05 -10.2852
 -60.0 .0 1.51222E-05 -2.76942E-05 -11.1558
 -60.0 10.0 1.49660E-05 -2.80773E-05 -14.6091
 -60.0 20.0 1.52500E-05 -2.89845E-05 -21.7003
 -60.0 30.0 1.61454E-05 -3.06740E-05 -32.0202
 -60.0 40.0 1.76655E-05 -3.33167E-05 -43.3721
 -60.0 50.0 1.93412E-05 -3.69193E-05 -53.4471
 -60.0 60.0 2.03850E-05 -4.12977E-05 -61.3742
 -60.0 70.0 2.02019E-05 -4.61192E-05 -67.3805
 -60.0 80.0 1.86758E-05 -5.09912E-05 -71.9342
 -60.0 90.0 1.60679E-05 -5.55479E-05 -75.28
 -60.0 100.0 1.27453E-05 -5.94998E-05 -77.1851
 -60.0 110.0 9.01778E-06 -6.26434E-05 -76.3875
 -60.0 120.0 5.22860E-06 -6.48551E-05 -67.6064
 -60.0 130.0 2.57680E-06 -6.60901E-05 -21.4922
 -60.0 140.0 4.14537E-06 -6.63887E-05 38.28806
 -60.0 150.0 7.01125E-06 -6.58720E-05 50.68256
 -60.0 160.0 9.49231E-06 -6.47213E-05 52.06952
 -60.0 170.0 1.14198E-05 -6.31401E-05 50.18976
 -60.0 180.0 1.28671E-05 -6.13134E-05 47.00517
 -55.0 -180.0 1.55310E-05 -5.91856E-05 37.15372
 -55.0 -170.0 1.65929E-05 -5.69576E-05 34.96787
 -55.0 -160.0 1.74985E-05 -5.47493E-05 32.91259
 -55.0 -150.0 1.84030E-05 -5.25154E-05 31.72259
 -55.0 -140.0 1.94037E-05 -5.01245E-05 31.68781
 -55.0 -130.0 2.05208E-05 -4.74124E-05 32.53801
 -55.0 -120.0 2.16968E-05 -4.42520E-05 33.65323
 -55.0 -110.0 2.27774E-05 -4.06247E-05 34.26293
 -55.0 -100.0 2.34784E-05 -3.66764E-05 33.47342
 -55.0 -90.0 2.34639E-05 -3.27337E-05 30.32434
 -55.0 -80.0 2.26254E-05 -2.92421E-05 24.05857
 -55.0 -70.0 2.13106E-05 -2.66158E-05 14.74557
 -55.0 -60.0 2.00483E-05 -2.50620E-05 4.06948
 -55.0 -50.0 1.89710E-05 -2.44900E-05 -5.12644
 -55.0 -40.0 1.78358E-05 -2.45720E-05 -10.8998
 -55.0 -30.0 1.65480E-05 -2.49155E-05 -13.236
 -55.0 -20.0 1.52900E-05 -2.52313E-05 -13.3507
 -55.0 -10.0 1.42863E-05 -2.54138E-05 -12.7329
 -55.0 .0 1.36711E-05 -2.55363E-05 -12.791
 -55.0 10.0 1.35159E-05 -2.58179E-05 -15.1088
 -55.0 20.0 1.39088E-05 -2.65824E-05 -21.1645
 -55.0 30.0 1.50035E-05 -2.81881E-05 -30.859
 -55.0 40.0 1.67992E-05 -3.09080E-05 -41.8222
 -55.0 50.0 1.87766E-05 -3.48016E-05 -51.4059
 -55.0 60.0 2.00565E-05 -3.96545E-05 -58.5652
 -55.0 70.0 1.99812E-05 -4.50344E-05 -63.4168
 -55.0 80.0 1.84560E-05 -5.04294E-05 -66.2399
 -55.0 90.0 1.58382E-05 -5.53853E-05 -66.9265
 -55.0 100.0 1.26282E-05 -5.95727E-05 -64.5429
 -55.0 110.0 9.32581E-06 -6.27838E-05 -56.3512
 -55.0 120.0 6.69041E-06 -6.49056E-05 -35.9979
 -55.0 130.0 6.09999E-06 -6.59118E-05 -1.85751
 -55.0 140.0 7.77153E-06 -6.58716E-05 23.68891
 -55.0 150.0 1.01579E-05 -6.49475E-05 34.66835
 -55.0 160.0 1.23655E-05 -6.33664E-05 38.33655
 -55.0 170.0 1.41560E-05 -6.13731E-05 38.60326
 -55.0 180.0 1.55310E-05 -5.91856E-05 37.15372
 -50.0 -180.0 1.82239E-05 -5.64815E-05 30.62732
 -50.0 -170.0 1.91653E-05 -5.40055E-05 29.29506
 -50.0 -160.0 1.99416E-05 -5.16135E-05 27.83572
 -50.0 -150.0 2.06744E-05 -4.92645E-05 26.98071
 -50.0 -140.0 2.14280E-05 -4.68176E-05 27.06052
 -50.0 -130.0 2.21920E-05 -4.40897E-05 27.90748
 -50.0 -120.0 2.29133E-05 -4.09273E-05 29.09596
 -50.0 -110.0 2.35087E-05 -3.72751E-05 30.056
 -50.0 -100.0 2.37986E-05 -3.32467E-05 29.91373
 -50.0 -90.0 2.34956E-05 -2.91780E-05 27.48702
 -50.0 -80.0 2.24548E-05 -2.55907E-05 21.71087
 -50.0 -70.0 2.09819E-05 -2.30112E-05 12.45897
 -50.0 -60.0 1.96043E-05 -2.17145E-05 1.49855
 -50.0 -50.0 1.84315E-05 -2.15749E-05 -8.00482
 -50.0 -40.0 1.71748E-05 -2.21497E-05 -13.9221
 -50.0 -30.0 1.57369E-05 -2.29312E-05 -16.3262
 -50.0 -20.0 1.43163E-05 -2.35725E-05 -16.5488
 -50.0 -10.0 1.31381E-05 -2.39574E-05 -15.9083
 -50.0 .0 1.23584E-05 -2.41552E-05 -15.3661
 -50.0 10.0 1.21149E-05 -2.43773E-05 -16.3689
 -50.0 20.0 1.25423E-05 -2.49737E-05 -20.9505
 -50.0 30.0 1.37832E-05 -2.63922E-05 -29.6
 -50.0 40.0 1.58149E-05 -2.90325E-05 -39.8925
 -50.0 50.0 1.80808E-05 -3.30436E-05 -48.8216
 -50.0 60.0 1.96300E-05 -3.82046E-05 -55.1091
 -50.0 70.0 1.97503E-05 -4.39841E-05 -58.6995
 -50.0 80.0 1.83705E-05 -4.97405E-05 -59.642
 -50.0 90.0 1.59617E-05 -5.49258E-05 -57.5224
 -50.0 100.0 1.32018E-05 -5.91791E-05 -51.1466
 -50.0 110.0 1.07978E-05 -6.23061E-05 -38.4717
 -50.0 120.0 9.53601E-06 -6.42220E-05 -18.6543
 -50.0 130.0 9.93912E-06 -6.49310E-05 2.65171
 -50.0 140.0 1.15716E-05 -6.45365E-05 17.76815
 -50.0 150.0 1.35797E-05 -6.32389E-05 26.03474
 -50.0 160.0 1.54488E-05 -6.12954E-05 29.85952
 -50.0 170.0 1.70036E-05 -5.89671E-05 31.05524
 -50.0 180.0 1.82239E-05 -5.64815E-05 30.62732
 -45.0 -180.0 2.08642E-05 -5.33031E-05 25.9714
 -45.0 -170.0 2.16522E-05 -5.06214E-05 25.2139
 -45.0 -160.0 2.22791E-05 -4.80593E-05 24.15682
 -45.0 -150.0 2.28417E-05 -4.55924E-05 23.49857
 -45.0 -140.0 2.33768E-05 -4.30882E-05 23.55469
 -45.0 -130.0 2.38332E-05 -4.03728E-05 24.18733
 -45.0 -120.0 2.41351E-05 -3.72967E-05 25.13088
 -45.0 -110.0 2.42445E-05 -3.37771E-05 26.08125
 -45.0 -100.0 2.40936E-05 -2.98659E-05 26.31507
 -45.0 -90.0 2.34839E-05 -2.58570E-05 24.49635
 -45.0 -80.0 2.22636E-05 -2.23117E-05 19.22369
 -45.0 -70.0 2.06869E-05 -1.98646E-05 10.12881
 -45.0 -60.0 1.92549E-05 -1.88734E-05 -.978149
 -45.0 -50.0 1.80426E-05 -1.91878E-05 -10.6689
 -45.0 -40.0 1.67221E-05 -2.02540E-05 -16.6898
 -45.0 -30.0 1.51959E-05 -2.14648E-05 -19.2448
 -45.0 -20.0 1.36650E-05 -2.24479E-05 -19.8101
 -45.0 -10.0 1.23295E-05 -2.31008E-05 -19.4974
 -45.0 .0 1.13472E-05 -2.34743E-05 -18.618
 -45.0 10.0 1.09345E-05 -2.37198E-05 -18.1749
 -45.0 20.0 1.13147E-05 -2.41566E-05 -20.7833
 -45.0 30.0 1.26327E-05 -2.52982E-05 -27.8934
 -45.0 40.0 1.48401E-05 -2.76906E-05 -37.2349
 -45.0 50.0 1.73651E-05 -3.16161E-05 -45.405
 -45.0 60.0 1.92136E-05 -3.68844E-05 -50.7954
 -45.0 70.0 1.96284E-05 -4.28794E-05 -53.127
 -45.0 80.0 1.85588E-05 -4.88242E-05 -52.2466
 -45.0 90.0 1.65908E-05 -5.40690E-05 -47.6614
 -45.0 100.0 1.45593E-05 -5.82254E-05 -38.6973
 -45.0 110.0 1.32082E-05 -6.11276E-05 -25.3707
 -45.0 120.0 1.29863E-05 -6.27387E-05 -9.79974
 -45.0 130.0 1.38633E-05 -6.31071E-05 4.22058
 -45.0 140.0 1.53828E-05 -6.23762E-05 14.32504
 -45.0 150.0 1.70426E-05 -6.07760E-05 20.61577
 -45.0 160.0 1.85588E-05 -5.85717E-05 24.14302
 -45.0 170.0 1.98391E-05 -5.60101E-05 25.76434
 -45.0 180.0 2.08642E-05 -5.33031E-05 25.9714
 -40.0 -180.0 2.34596E-05 -4.96676E-05 22.43729
 -40.0 -170.0 2.40704E-05 -4.68236E-05 22.05048
 -40.0 -160.0 2.45148E-05 -4.41160E-05 21.26731
 -40.0 -150.0 2.48820E-05 -4.15420E-05 20.75298
 -40.0 -140.0 2.52031E-05 -3.89827E-05 20.7748
 -40.0 -130.0 2.53977E-05 -3.62942E-05 21.1546
 -40.0 -120.0 2.53539E-05 -3.33656E-05 21.71166
 -40.0 -110.0 2.50467E-05 -3.01072E-05 22.3968
 -40.0 -100.0 2.44971E-05 -2.64891E-05 22.73122
 -40.0 -90.0 2.36095E-05 -2.27120E-05 21.34352
 -40.0 -80.0 2.22514E-05 -1.93332E-05 16.53967
 -40.0 -70.0 2.06259E-05 -1.70887E-05 7.70248
 -40.0 -60.0 1.91849E-05 -1.64355E-05 -3.36059
 -40.0 -50.0 1.79607E-05 -1.72121E-05 -13.0618
 -40.0 -40.0 1.65991E-05 -1.87598E-05 -19.0979
 -40.0 -30.0 1.50145E-05 -2.03877E-05 -21.8006
 -40.0 -20.0 1.34102E-05 -2.17301E-05 -22.7719
 -40.0 -10.0 1.19511E-05 -2.27229E-05 -22.9319
 -40.0 .0 1.07700E-05 -2.33862E-05 -21.9147
 -40.0 10.0 1.01448E-05 -2.37611E-05 -20.0137
 -40.0 20.0 1.04106E-05 -2.40751E-05 -20.2377
 -40.0 30.0 1.17316E-05 -2.48734E-05 -25.3351
 -40.0 40.0 1.40360E-05 -2.68566E-05 -33.5058
 -40.0 50.0 1.67698E-05 -3.04804E-05 -40.9218
 -40.0 60.0 1.89350E-05 -3.56316E-05 -45.5177
 -40.0 70.0 1.97400E-05 -4.16378E-05 -46.7578
 -40.0 80.0 1.91400E-05 -4.75907E-05 -44.3885
 -40.0 90.0 1.78022E-05 -5.27303E-05 -38.1518
 -40.0 100.0 1.66267E-05 -5.66375E-05 -28.3576
 -40.0 110.0 1.62202E-05 -5.91881E-05 -16.5316
 -40.0 120.0 1.66856E-05 -6.04131E-05 -4.92168
 -40.0 130.0 1.77717E-05 -6.04207E-05 4.77716
 -40.0 140.0 1.91191E-05 -5.93943E-05 11.9658
 -40.0 150.0 2.04453E-05 -5.75793E-05 16.87762
 -40.0 160.0 2.16261E-05 -5.52219E-05 20.04686
 -40.0 170.0 2.26381E-05 -5.25253E-05 21.85034
 -40.0 180.0 2.34596E-05 -4.96676E-05 22.43729
 -35.0 -180.0 2.60171E-05 -4.55256E-05 19.65184
 -35.0 -170.0 2.64341E-05 -4.25612E-05 19.46339
 -35.0 -160.0 2.66551E-05 -3.97542E-05 18.84229
 -35.0 -150.0 2.67822E-05 -3.71182E-05 18.43964
 -35.0 -140.0 2.68711E-05 -3.45339E-05 18.4651
 -35.0 -130.0 2.68380E-05 -3.18898E-05 18.64907
 -35.0 -120.0 2.65387E-05 -2.91427E-05 18.81414
 -35.0 -110.0 2.59341E-05 -2.62253E-05 19.10426
 -35.0 -100.0 2.50923E-05 -2.30224E-05 19.31246
 -35.0 -90.0 2.40018E-05 -1.96027E-05 18.14814
 -35.0 -80.0 2.25644E-05 -1.64828E-05 13.73019
 -35.0 -70.0 2.09403E-05 -1.44924E-05 5.23315
 -35.0 -60.0 1.95201E-05 -1.42044E-05 -5.58309
 -35.0 -50.0 1.82908E-05 -1.54603E-05 -15.1008
 -35.0 -40.0 1.68871E-05 -1.74999E-05 -21.0388
 -35.0 -30.0 1.52488E-05 -1.95564E-05 -23.8034
 -35.0 -20.0 1.35939E-05 -2.12890E-05 -25.0384
 -35.0 -10.0 1.20573E-05 -2.26903E-05 -25.4957
 -35.0 .0 1.07290E-05 -2.37449E-05 -24.2968
 -35.0 10.0 9.91066E-06 -2.43499E-05 -21.0356
 -35.0 20.0 1.00369E-05 -2.45944E-05 -18.7891
 -35.0 30.0 1.13002E-05 -2.50165E-05 -21.6012
 -35.0 40.0 1.36126E-05 -2.64597E-05 -28.4786
 -35.0 50.0 1.64804E-05 -2.95769E-05 -35.2577
 -35.0 60.0 1.89528E-05 -3.43790E-05 -39.306
 -35.0 70.0 2.02163E-05 -4.01806E-05 -39.8086
 -35.0 80.0 2.02022E-05 -4.59591E-05 -36.5324
 -35.0 90.0 1.95925E-05 -5.08365E-05 -29.6536
 -35.0 100.0 1.92459E-05 -5.43561E-05 -20.3468
 -35.0 110.0 1.95726E-05 -5.64459E-05 -10.6294
 -35.0 120.0 2.04511E-05 -5.72259E-05 -2.0474
 -35.0 130.0 2.15749E-05 -5.68758E-05 4.886
 -35.0 140.0 2.27011E-05 -5.56116E-05 10.20982
 -35.0 150.0 2.37128E-05 -5.36692E-05 14.16401
 -35.0 160.0 2.46018E-05 -5.12472E-05 17.02098
 -35.0 170.0 2.53845E-05 -4.84850E-05 18.8747
 -35.0 180.0 2.60171E-05 -4.55256E-05 19.65184
 -30.0 -180.0 2.84947E-05 -4.08017E-05 17.42815
 -30.0 -170.0 2.87081E-05 -3.77559E-05 17.29386
 -30.0 -160.0 2.86711E-05 -3.49208E-05 16.72872
 -30.0 -150.0 2.85158E-05 -3.23104E-05 16.39891
 -30.0 -140.0 2.83484E-05 -2.97714E-05 16.46947
 -30.0 -130.0 2.81114E-05 -2.72056E-05 16.55402
 -30.0 -120.0 2.76453E-05 -2.46515E-05 16.40954
 -30.0 -110.0 2.68826E-05 -2.20963E-05 16.29265
 -30.0 -100.0 2.58918E-05 -1.93545E-05 16.23823
 -30.0 -90.0 2.47043E-05 -1.63497E-05 15.11057
 -30.0 -80.0 2.32534E-05 -1.35362E-05 10.9681
 -30.0 -70.0 2.16724E-05 -1.18321E-05 2.85224
 -30.0 -60.0 2.02952E-05 -1.19377E-05 -7.55655
 -30.0 -50.0 1.90662E-05 -1.37089E-05 -16.7235
 -30.0 -40.0 1.76190E-05 -1.62844E-05 -22.438
 -30.0 -30.0 1.59282E-05 -1.88150E-05 -25.1035
 -30.0 -20.0 1.42423E-05 -2.09835E-05 -26.2889
 -30.0 -10.0 1.26855E-05 -2.28423E-05 -26.5915
 -30.0 .0 1.13043E-05 -2.43463E-05 -24.8938
 -30.0 10.0 1.03857E-05 -2.52468E-05 -20.4429
 -30.0 20.0 1.04100E-05 -2.54753E-05 -16.1596
 -30.0 30.0 1.15855E-05 -2.55259E-05 -16.8054
 -30.0 40.0 1.38209E-05 -2.63498E-05 -22.3283
 -30.0 50.0 1.67246E-05 -2.87930E-05 -28.5895
 -30.0 60.0 1.94521E-05 -3.30289E-05 -32.4087
 -30.0 70.0 2.11864E-05 -3.84133E-05 -32.6496
 -30.0 80.0 2.17971E-05 -4.38399E-05 -29.1474
 -30.0 90.0 2.19036E-05 -4.83119E-05 -22.4957
 -30.0 100.0 2.22540E-05 -5.13264E-05 -14.3464
 -30.0 110.0 2.30848E-05 -5.28718E-05 -6.64073
 -30.0 120.0 2.41580E-05 -5.31775E-05 -.295724
 -30.0 130.0 2.51864E-05 -5.25010E-05 4.76291
 -30.0 140.0 2.60493E-05 -5.10699E-05 8.83794
 -30.0 150.0 2.67695E-05 -4.90758E-05 12.14162
 -30.0 160.0 2.74216E-05 -4.66429E-05 14.76458
 -30.0 170.0 2.80268E-05 -4.38428E-05 16.59973
 -30.0 180.0 2.84947E-05 -4.08017E-05 17.42815
 -25.0 -180.0 3.07874E-05 -3.54438E-05 15.66347
 -25.0 -170.0 3.07944E-05 -3.23545E-05 15.47488
 -25.0 -160.0 3.04870E-05 -2.95812E-05 14.87154
 -25.0 -150.0 3.00351E-05 -2.71161E-05 14.56431
 -25.0 -140.0 2.96052E-05 -2.47278E-05 14.70291
 -25.0 -130.0 2.91882E-05 -2.22938E-05 14.78568
 -25.0 -120.0 2.86317E-05 -1.99296E-05 14.45601
 -25.0 -110.0 2.78392E-05 -1.77021E-05 14.00386
 -25.0 -100.0 2.68428E-05 -1.53884E-05 13.64462
 -25.0 -90.0 2.56668E-05 -1.27839E-05 12.42186
 -25.0 -80.0 2.42618E-05 -1.02793E-05 8.44077
 -25.0 -70.0 2.27557E-05 -8.87658E-06 .693466
 -25.0 -60.0 2.14462E-05 -9.40500E-06 -9.22505
 -25.0 -50.0 2.02430E-05 -1.17403E-05 -17.9226
 -25.0 -40.0 1.87775E-05 -1.49185E-05 -23.2789
 -25.0 -30.0 1.70571E-05 -1.79924E-05 -25.6308
 -25.0 -20.0 1.53746E-05 -2.06434E-05 -26.3822
 -25.0 -10.0 1.38715E-05 -2.29708E-05 -26.0142
 -25.0 .0 1.25674E-05 -2.49146E-05 -23.4769
 -25.0 10.0 1.17015E-05 -2.61149E-05 -18.1523
 -25.0 20.0 1.17156E-05 -2.63633E-05 -12.722
 -25.0 30.0 1.28042E-05 -2.60812E-05 -11.7279
 -25.0 40.0 1.48953E-05 -2.62691E-05 -15.8443
 -25.0 50.0 1.77252E-05 -2.79307E-05 -21.537
 -25.0 60.0 2.06073E-05 -3.14232E-05 -25.346
 -25.0 70.0 2.27491E-05 -3.62010E-05 -25.7606
 -25.0 80.0 2.39294E-05 -4.11184E-05 -22.6056
 -25.0 90.0 2.46447E-05 -4.50667E-05 -16.7251
 -25.0 100.0 2.55046E-05 -4.74903E-05 -9.92568
 -25.0 110.0 2.66182E-05 -4.84454E-05 -3.92328
 -25.0 120.0 2.77013E-05 -4.82871E-05 .7616978
 -25.0 130.0 2.85229E-05 -4.73477E-05 4.49926
 -25.0 140.0 2.90864E-05 -4.58326E-05 7.72442
 -25.0 150.0 2.95356E-05 -4.38467E-05 10.60907
 -25.0 160.0 2.99977E-05 -4.14199E-05 13.08387
 -25.0 170.0 3.04666E-05 -3.85705E-05 14.87415
 -25.0 180.0 3.07874E-05 -3.54438E-05 15.66347
 -20.0 -180.0 3.27428E-05 -2.94682E-05 14.28742
 -20.0 -170.0 3.25466E-05 -2.63740E-05 13.9772
 -20.0 -160.0 3.19901E-05 -2.37557E-05 13.26408
 -20.0 -150.0 3.12747E-05 -2.15615E-05 12.92595
 -20.0 -140.0 3.06146E-05 -1.94413E-05 13.13194
 -20.0 -130.0 3.00537E-05 -1.72047E-05 13.28901
 -20.0 -120.0 2.94673E-05 -1.50193E-05 12.903
 -20.0 -110.0 2.87405E-05 -1.30448E-05 12.22735
 -20.0 -100.0 2.78480E-05 -1.10635E-05 11.5857
 -20.0 -90.0 2.67661E-05 -8.78734E-06 10.19073
 -20.0 -80.0 2.54461E-05 -6.56259E-06 6.26568
 -20.0 -70.0 2.40369E-05 -5.46591E-06 -1.17252
 -20.0 -60.0 2.28310E-05 -6.44059E-06 -10.5911
 -20.0 -50.0 2.17120E-05 -9.38015E-06 -18.7436
 -20.0 -40.0 2.02965E-05 -1.32205E-05 -23.6018
 -20.0 -30.0 1.86104E-05 -1.68994E-05 -25.4157
 -20.0 -20.0 1.69970E-05 -2.00573E-05 -25.4048
 -20.0 -10.0 1.56446E-05 -2.28111E-05 -24.0295
 -20.0 .0 1.45698E-05 -2.51069E-05 -20.5845
 -20.0 10.0 1.39289E-05 -2.65387E-05 -14.8949
 -20.0 20.0 1.40396E-05 -2.68105E-05 -9.28131
 -20.0 30.0 1.50562E-05 -2.62559E-05 -7.34691
 -20.0 40.0 1.69578E-05 -2.58521E-05 -10.0889
 -20.0 50.0 1.96119E-05 -2.66969E-05 -14.9963
 -20.0 60.0 2.25123E-05 -2.93312E-05 -18.7884
 -20.0 70.0 2.49273E-05 -3.33604E-05 -19.6097
 -20.0 80.0 2.65403E-05 -3.76498E-05 -17.1263
 -20.0 90.0 2.76935E-05 -4.09964E-05 -12.2333
 -20.0 100.0 2.88542E-05 -4.27898E-05 -6.71542
 -20.0 110.0 3.00453E-05 -4.31594E-05 -2.08867
 -20.0 120.0 3.09811E-05 -4.25944E-05 1.34922
 -20.0 130.0 3.15065E-05 -4.14885E-05 4.13252
 -20.0 140.0 3.17424E-05 -3.99823E-05 6.7821
 -20.0 150.0 3.19318E-05 -3.80515E-05 9.42426
 -20.0 160.0 3.22262E-05 -3.56230E-05 11.83327
 -20.0 170.0 3.25702E-05 -3.26923E-05 13.58241
 -20.0 180.0 3.27428E-05 -2.94682E-05 14.28742
 -15.0 -180.0 3.41968E-05 -2.29834E-05 13.23944
 -15.0 -170.0 3.38069E-05 -1.99267E-05 12.78166
 -15.0 -160.0 3.30574E-05 -1.75404E-05 11.91811
 -15.0 -150.0 3.21630E-05 -1.57145E-05 11.50501
 -15.0 -140.0 3.13513E-05 -1.39585E-05 11.76017
 -15.0 -130.0 3.07033E-05 -1.19785E-05 12.03596
 -15.0 -120.0 3.01340E-05 -9.95754E-06 11.70041
 -15.0 -110.0 2.95262E-05 -8.14276E-06 10.91433
 -15.0 -100.0 2.87943E-05 -6.36565E-06 10.03802
 -15.0 -90.0 2.78444E-05 -4.31822E-06 8.427
 -15.0 -80.0 2.66217E-05 -2.33380E-06 4.4635
 -15.0 -70.0 2.53230E-05 -1.54523E-06 -2.75043
 -15.0 -60.0 2.42689E-05 -2.97463E-06 -11.6995
 -15.0 -50.0 2.33227E-05 -6.52295E-06 -19.2547
 -15.0 -40.0 2.20680E-05 -1.10381E-05 -23.484
 -15.0 -30.0 2.05250E-05 -1.53370E-05 -24.5792
 -15.0 -20.0 1.90819E-05 -1.89778E-05 -23.6309
 -15.0 -10.0 1.79941E-05 -2.20570E-05 -21.203
 -15.0 .0 1.72907E-05 -2.45467E-05 -17.0903
 -15.0 10.0 1.70139E-05 -2.60757E-05 -11.56
 -15.0 20.0 1.73039E-05 -2.63351E-05 -6.41557
 -15.0 30.0 1.82632E-05 -2.55717E-05 -4.13354
 -15.0 40.0 1.99460E-05 -2.46668E-05 -5.70871
 -15.0 50.0 2.23416E-05 -2.47330E-05 -9.66297
 -15.0 60.0 2.51152E-05 -2.64727E-05 -13.2753
 -15.0 70.0 2.76282E-05 -2.96794E-05 -14.5068
 -15.0 80.0 2.94907E-05 -3.32792E-05 -12.7665
 -15.0 90.0 3.08857E-05 -3.60005E-05 -8.8475
 -15.0 100.0 3.21444E-05 -3.71828E-05 -4.43398
 -15.0 110.0 3.32341E-05 -3.70304E-05 -.896373
 -15.0 120.0 3.38985E-05 -3.61641E-05 1.59189
 -15.0 130.0 3.40664E-05 -3.50155E-05 3.67404
 -15.0 140.0 3.39581E-05 -3.36178E-05 5.94187
 -15.0 150.0 3.38861E-05 -3.17835E-05 8.4747
 -15.0 160.0 3.40021E-05 -2.93417E-05 10.89167
 -15.0 170.0 3.41955E-05 -2.63042E-05 12.62476
 -15.0 180.0 3.41968E-05 -2.29834E-05 13.23944
 -10.0 -180.0 3.50163E-05 -1.61896E-05 12.46114
 -10.0 -170.0 3.44496E-05 -1.32167E-05 11.86865
 -10.0 -160.0 3.35899E-05 -1.11056E-05 10.84922
 -10.0 -150.0 3.26394E-05 -9.68670E-06 10.33732
 -10.0 -140.0 3.17923E-05 -8.33750E-06 10.61623
 -10.0 -130.0 3.11346E-05 -6.64612E-06 11.02269
 -10.0 -120.0 3.06202E-05 -4.77093E-06 10.80676
 -10.0 -110.0 3.01457E-05 -3.02523E-06 9.99806
 -10.0 -100.0 2.95770E-05 -1.32529E-06 8.92951
 -10.0 -90.0 2.87510E-05 5.88091E-07 7.0695
 -10.0 -80.0 2.76131E-05 2.36012E-06 2.9826
 -10.0 -70.0 2.64337E-05 2.83388E-06 -4.09306
 -10.0 -60.0 2.55853E-05 9.64364E-07 -12.6068
 -10.0 -50.0 2.49137E-05 -3.13921E-06 -19.5185
 -10.0 -40.0 2.39528E-05 -8.26202E-06 -23.0161
 -10.0 -30.0 2.26912E-05 -1.31163E-05 -23.2976
 -10.0 -20.0 2.15410E-05 -1.71502E-05 -21.4141
 -10.0 -10.0 2.08237E-05 -2.04020E-05 -18.1212
 -10.0 .0 2.05824E-05 -2.28834E-05 -13.6961
 -10.0 10.0 2.07366E-05 -2.43337E-05 -8.66024
 -10.0 20.0 2.12457E-05 -2.45102E-05 -4.24965
 -10.0 30.0 2.21592E-05 -2.35890E-05 -1.98948
 -10.0 40.0 2.36054E-05 -2.22978E-05 -2.71754
 -10.0 50.0 2.56798E-05 -2.16859E-05 -5.73726
 -10.0 60.0 2.81962E-05 -2.25776E-05 -9.01685
 -10.0 70.0 3.06312E-05 -2.49674E-05 -10.5359
 -10.0 80.0 3.25568E-05 -2.78824E-05 -9.45125
 -10.0 90.0 3.40100E-05 -3.00150E-05 -6.37715
 -10.0 100.0 3.51948E-05 -3.06667E-05 -2.86847
 -10.0 110.0 3.60459E-05 -3.01129E-05 -.189469
 -10.0 120.0 3.63583E-05 -2.90902E-05 1.56355
 -10.0 130.0 3.61427E-05 -2.80391E-05 3.12186
 -10.0 140.0 3.56882E-05 -2.68507E-05 5.14425
 -10.0 150.0 3.53415E-05 -2.51582E-05 7.66453
 -10.0 160.0 3.52383E-05 -2.27112E-05 10.15248
 -10.0 170.0 3.52242E-05 -1.95755E-05 11.90998
 -10.0 180.0 3.50163E-05 -1.61896E-05 12.46114
 -5.0 -180.0 3.51382E-05 -9.35070E-06 11.89408
 -5.0 -170.0 3.44206E-05 -6.50994E-06 11.21608
 -5.0 -160.0 3.35441E-05 -4.67295E-06 10.07219
 -5.0 -150.0 3.26720E-05 -3.62511E-06 9.46388
 -5.0 -140.0 3.19204E-05 -2.65146E-06 9.74299
 -5.0 -130.0 3.13411E-05 -1.23554E-06 10.26453
 -5.0 -120.0 3.09139E-05 5.21218E-07 10.19406
 -5.0 -110.0 3.05592E-05 2.27175E-06 9.41145
 -5.0 -100.0 3.01155E-05 3.99354E-06 8.1706
 -5.0 -90.0 2.93725E-05 5.83673E-06 6.02508
 -5.0 -80.0 2.82948E-05 7.39838E-06 1.73793
 -5.0 -70.0 2.72428E-05 7.54308E-06 -5.26863
 -5.0 -60.0 2.66486E-05 5.27432E-06 -13.3604
 -5.0 -50.0 2.63399E-05 7.34248E-07 -19.5818
 -5.0 -40.0 2.57957E-05 -4.83750E-06 -22.2883
 -5.0 -30.0 2.49507E-05 -1.00901E-05 -21.7579
 -5.0 -20.0 2.42073E-05 -1.43598E-05 -19.0765
 -5.0 -10.0 2.39267E-05 -1.75996E-05 -15.1992
 -5.0 .0 2.41600E-05 -1.98642E-05 -10.7517
 -5.0 10.0 2.47275E-05 -2.10549E-05 -6.32434
 -5.0 20.0 2.54479E-05 -2.10600E-05 -2.65971
 -5.0 30.0 2.63214E-05 -2.00102E-05 -.599268
 -5.0 40.0 2.75252E-05 -1.84499E-05 -.789033
 -5.0 50.0 2.92370E-05 -1.73040E-05 -3.03364
 -5.0 60.0 3.13980E-05 -1.74668E-05 -5.924
 -5.0 70.0 3.36123E-05 -1.91204E-05 -7.59615
 -5.0 80.0 3.54499E-05 -2.14169E-05 -7.02491
 -5.0 90.0 3.68213E-05 -2.30493E-05 -4.63583
 -5.0 100.0 3.78133E-05 -2.33009E-05 -1.85338
 -5.0 110.0 3.83449E-05 -2.25091E-05 .1413057
 -5.0 120.0 3.82773E-05 -2.14974E-05 1.31042
 -5.0 130.0 3.76906E-05 -2.06842E-05 2.46708
 -5.0 140.0 3.69047E-05 -1.98016E-05 4.33554
 -5.0 150.0 3.62643E-05 -1.83095E-05 6.9082
 -5.0 160.0 3.58837E-05 -1.59040E-05 9.51853
 -5.0 170.0 3.55930E-05 -1.27305E-05 11.35194
 -5.0 180.0 3.51382E-05 -9.35070E-06 11.89408
 .0 -180.0 3.45917E-05 -2.74691E-06 11.4784
 .0 -170.0 3.37592E-05 -8.39479E-08 10.79974
 .0 -160.0 3.29515E-05 1.52359E-06 9.60052
 .0 -150.0 3.22731E-05 2.30801E-06 8.92584
 .0 -140.0 3.17323E-05 3.01243E-06 9.18842
 .0 -130.0 3.13131E-05 4.21849E-06 9.7891
 .0 -120.0 3.09995E-05 5.89873E-06 9.84909
 .0 -110.0 3.07367E-05 7.70677E-06 9.09874
 .0 -100.0 3.03598E-05 9.50819E-06 7.67654
 .0 -90.0 2.96472E-05 1.13031E-05 5.19784
 .0 -80.0 2.86086E-05 1.26285E-05 .6400293
 .0 -70.0 2.76965E-05 1.24248E-05 -6.34078
 .0 -60.0 2.73884E-05 9.82091E-06 -13.9936
 .0 -50.0 2.74917E-05 5.01632E-06 -19.4803
 .0 -40.0 2.74413E-05 -7.69519E-07 -21.3865
 .0 -30.0 2.71074E-05 -6.18574E-06 -20.1259
 .0 -20.0 2.68409E-05 -1.04841E-05 -16.8471
 .0 -10.0 2.70013E-05 -1.35249E-05 -12.6465
 .0 .0 2.76414E-05 -1.53979E-05 -8.3418
 .0 10.0 2.85303E-05 -1.61830E-05 -4.49264
 .0 20.0 2.94090E-05 -1.59338E-05 -1.4754
 .0 30.0 3.02374E-05 -1.47652E-05 .3269123
 .0 40.0 3.12047E-05 -1.30401E-05 .4416497
 .0 50.0 3.25392E-05 -1.15245E-05 -1.22889
 .0 60.0 3.42917E-05 -1.11270E-05 -3.75838
 .0 70.0 3.61990E-05 -1.21787E-05 -5.49115
 .0 80.0 3.78570E-05 -1.39630E-05 -5.30009
 .0 90.0 3.90701E-05 -1.52125E-05 -3.45172
 .0 100.0 3.98175E-05 -1.52194E-05 -1.25555
 .0 110.0 4.00143E-05 -1.43699E-05 .1771295
 .0 120.0 3.95934E-05 -1.35355E-05 .8632827
 .0 130.0 3.86852E-05 -1.30851E-05 1.69723
 .0 140.0 3.75996E-05 -1.25959E-05 3.46592
 .0 150.0 3.66506E-05 -1.13809E-05 6.12692
 .0 160.0 3.59380E-05 -9.11041E-06 8.89841
 .0 170.0 3.53133E-05 -6.01439E-06 10.86653
 .0 180.0 3.45917E-05 -2.74691E-06 11.4784
 5.0 -180.0 3.34990E-05 3.38021E-06 11.15133
 5.0 -170.0 3.25967E-05 5.82886E-06 10.59278
 5.0 -160.0 3.19201E-05 7.28467E-06 9.44552
 5.0 -150.0 3.15056E-05 7.96304E-06 8.7607
 5.0 -140.0 3.12480E-05 8.56107E-06 8.99807
 5.0 -130.0 3.10447E-05 9.66957E-06 9.62891
 5.0 -120.0 3.08603E-05 1.13332E-05 9.77172
 5.0 -110.0 3.06569E-05 1.32338E-05 9.02133
 5.0 -100.0 3.02878E-05 1.51327E-05 7.3793
 5.0 -90.0 2.95617E-05 1.68638E-05 4.50487
 5.0 -80.0 2.85581E-05 1.79093E-05 -.390126
 5.0 -70.0 2.78057E-05 1.73403E-05 -7.36239
 5.0 -60.0 2.77920E-05 1.44798E-05 -14.5332
 5.0 -50.0 2.83014E-05 9.60721E-06 -19.2506
 5.0 -40.0 2.87510E-05 3.87797E-06 -20.3933
 5.0 -30.0 2.89495E-05 -1.42909E-06 -18.5315
 5.0 -20.0 2.91613E-05 -5.53363E-06 -14.858
 5.0 -10.0 2.97012E-05 -8.21683E-06 -10.5256
 5.0 .0 3.06201E-05 -9.58901E-06 -6.42458
 5.0 10.0 3.16895E-05 -9.88914E-06 -3.05809
 5.0 20.0 3.26383E-05 -9.33449E-06 -.558685
 5.0 30.0 3.34015E-05 -8.04903E-06 .99028
 5.0 40.0 3.41469E-05 -6.24415E-06 1.25698
 5.0 50.0 3.51207E-05 -4.52061E-06 -1.87634E-02
 5.0 60.0 3.64640E-05 -3.74867E-06 -2.25618
 5.0 70.0 3.80437E-05 -4.35189E-06 -4.0024
 5.0 80.0 3.94976E-05 -5.73725E-06 -4.09017
 5.0 90.0 4.05432E-05 -6.71716E-06 -2.6715
 5.0 100.0 4.10622E-05 -6.62621E-06 -.964521
 5.0 110.0 4.09717E-05 -5.88440E-06 -1.80633E-02
 5.0 120.0 4.02732E-05 -5.36851E-06 .243888
 5.0 130.0 3.91234E-05 -5.37765E-06 .7979018
 5.0 140.0 3.77876E-05 -5.35680E-06 2.48853
 5.0 150.0 3.65316E-05 -4.51336E-06 5.24715
 5.0 160.0 3.54571E-05 -2.51228E-06 8.20446
 5.0 170.0 3.44756E-05 3.50504E-07 10.36939
 5.0 180.0 3.34990E-05 3.38021E-06 11.15133
 10.0 -180.0 3.20528E-05 8.87700E-06 10.84727
 10.0 -170.0 3.11310E-05 1.10898E-05 10.56392
 10.0 -160.0 3.06158E-05 1.24871E-05 9.61219
 10.0 -150.0 3.04779E-05 1.32332E-05 8.99677
 10.0 -140.0 3.05159E-05 1.39118E-05 9.20849
 10.0 -130.0 3.05426E-05 1.50636E-05 9.8149
 10.0 -120.0 3.04842E-05 1.67863E-05 9.97154
 10.0 -110.0 3.03060E-05 1.88034E-05 9.15882
 10.0 -100.0 2.98967E-05 2.07889E-05 7.23182
 10.0 -90.0 2.91334E-05 2.24189E-05 3.88216
 10.0 -80.0 2.81836E-05 2.31406E-05 -1.4167
 10.0 -70.0 2.76174E-05 2.22006E-05 -8.37904
 10.0 -60.0 2.78822E-05 1.91652E-05 -15.013
 10.0 -50.0 2.87367E-05 1.44090E-05 -18.944
 10.0 -40.0 2.96150E-05 8.98990E-06 -19.392
 10.0 -30.0 3.02825E-05 4.04905E-06 -17.0704
 10.0 -20.0 3.08992E-05 3.34873E-07 -13.1703
 10.0 -10.0 3.17045E-05 -1.88652E-06 -8.82387
 10.0 .0 3.27458E-05 -2.73069E-06 -4.9229
 10.0 10.0 3.38389E-05 -2.54860E-06 -1.92463
 10.0 20.0 3.47535E-05 -1.68733E-06 .1852068
 10.0 30.0 3.54186E-05 -2.95140E-07 1.517
 10.0 40.0 3.59626E-05 1.52266E-06 1.84855
 10.0 50.0 3.66215E-05 3.31441E-06 .8334634
 10.0 60.0 3.76051E-05 4.29226E-06 -1.18469
 10.0 70.0 3.88957E-05 4.00285E-06 -2.92567
 10.0 80.0 4.01784E-05 2.93048E-06 -3.22302
 10.0 90.0 4.11009E-05 2.14276E-06 -2.15927
 10.0 100.0 4.14605E-05 2.22550E-06 -.885803
 10.0 110.0 4.11786E-05 2.73772E-06 -.391492
 10.0 120.0 4.03133E-05 2.83839E-06 -.531798
 10.0 130.0 3.90234E-05 2.30969E-06 -.246417
 10.0 140.0 3.75056E-05 1.80268E-06 1.35967
 10.0 150.0 3.59723E-05 2.17064E-06 4.20121
 10.0 160.0 3.45490E-05 3.74622E-06 7.35383
 10.0 170.0 3.32366E-05 6.20636E-06 9.77689
 10.0 180.0 3.20528E-05 8.87700E-06 10.84727
 15.0 -180.0 3.04754E-05 1.37081E-05 10.50283
 15.0 -170.0 2.95836E-05 1.56818E-05 10.67585
 15.0 -160.0 2.92275E-05 1.71098E-05 10.09144
 15.0 -150.0 2.93231E-05 1.80787E-05 9.64433
 15.0 -140.0 2.96074E-05 1.90119E-05 9.84061
 15.0 -130.0 2.98286E-05 2.03502E-05 10.37106
 15.0 -120.0 2.98657E-05 2.22133E-05 10.46378
 15.0 -110.0 2.96746E-05 2.43648E-05 9.50695
 15.0 -100.0 2.91896E-05 2.64109E-05 7.20733
 15.0 -90.0 2.83873E-05 2.78990E-05 3.28431
 15.0 -80.0 2.75289E-05 2.82700E-05 -2.49126
 15.0 -70.0 2.71788E-05 2.69727E-05 -9.43799
 15.0 -60.0 2.76883E-05 2.38361E-05 -15.4877
 15.0 -50.0 2.87868E-05 1.93355E-05 -18.6364
 15.0 -40.0 2.99603E-05 1.44133E-05 -18.4706
 15.0 -30.0 3.09607E-05 1.00287E-05 -15.814
 15.0 -20.0 3.18492E-05 6.83822E-06 -11.8058
 15.0 -10.0 3.27790E-05 5.11378E-06 -7.50383
 15.0 .0 3.37920E-05 4.74544E-06 -3.76552
 15.0 10.0 3.47696E-05 5.32939E-06 -1.02241
 15.0 20.0 3.55537E-05 6.44321E-06 .8166785
 15.0 30.0 3.60861E-05 7.91232E-06 1.98455
 15.0 40.0 3.64535E-05 9.69017E-06 2.34284
 15.0 50.0 3.68660E-05 1.14464E-05 1.50273
 15.0 60.0 3.75756E-05 1.25074E-05 -.351382
 15.0 70.0 3.86536E-05 1.24460E-05 -2.07869
 15.0 80.0 3.98287E-05 1.16523E-05 -2.54138
 15.0 90.0 4.06988E-05 1.10355E-05 -1.79216
 15.0 100.0 4.09940E-05 1.10649E-05 -.935977
 15.0 110.0 4.06400E-05 1.12875E-05 -.898424
 15.0 120.0 3.97356E-05 1.09314E-05 -1.45258
 15.0 130.0 3.84193E-05 9.86279E-06 -1.45216
 15.0 140.0 3.68072E-05 8.78858E-06 4.00135E-02
 15.0 150.0 3.50637E-05 8.58326E-06 2.93098
 15.0 160.0 3.33558E-05 9.58372E-06 6.27476
 15.0 170.0 3.17884E-05 1.14905E-05 9.01362
 15.0 180.0 3.04754E-05 1.37081E-05 10.50283
 20.0 -180.0 2.89694E-05 1.79598E-05 10.0692
 20.0 -170.0 2.81484E-05 1.97085E-05 10.88715
 20.0 -160.0 2.79223E-05 2.12357E-05 10.85213
 20.0 -150.0 2.81673E-05 2.25357E-05 10.68601
 20.0 -140.0 2.85988E-05 2.38523E-05 10.89364
 20.0 -130.0 2.89322E-05 2.54949E-05 11.31088
 20.0 -120.0 2.90035E-05 2.75696E-05 11.26616
 20.0 -110.0 2.87517E-05 2.98651E-05 10.07444
 20.0 -100.0 2.81636E-05 3.19407E-05 7.29596
 20.0 -90.0 2.73344E-05 3.32560E-05 2.67981
 20.0 -80.0 2.66138E-05 3.32771E-05 -3.66045
 20.0 -70.0 2.65082E-05 3.16585E-05 -10.5996
 20.0 -60.0 2.72205E-05 2.84797E-05 -16.0432
 20.0 -50.0 2.84473E-05 2.43090E-05 -18.4325
 20.0 -40.0 2.97526E-05 1.99732E-05 -17.7251
 20.0 -30.0 3.09099E-05 1.62340E-05 -14.8212
 20.0 -20.0 3.19087E-05 1.36151E-05 -10.772
 20.0 -10.0 3.28248E-05 1.23535E-05 -6.5296
 20.0 .0 3.36928E-05 1.23487E-05 -2.90063
 20.0 10.0 3.44602E-05 1.31993E-05 -.306855
 20.0 20.0 3.50484E-05 1.44674E-05 1.37239
 20.0 30.0 3.54256E-05 1.59621E-05 2.44254
 20.0 40.0 3.56479E-05 1.76588E-05 2.82817
 20.0 50.0 3.58932E-05 1.93197E-05 2.12367
 20.0 60.0 3.64276E-05 2.04026E-05 .4075854
 20.0 70.0 3.73771E-05 2.05456E-05 -1.29438
 20.0 80.0 3.85066E-05 2.00526E-05 -1.89691
 20.0 90.0 3.93871E-05 1.96421E-05 -1.45525
 20.0 100.0 3.97060E-05 1.96355E-05 -1.03959
 20.0 110.0 3.93955E-05 1.95729E-05 -1.50152
 20.0 120.0 3.85774E-05 1.87738E-05 -2.51296
 20.0 130.0 3.73526E-05 1.71845E-05 -2.83725
 20.0 140.0 3.57536E-05 1.55311E-05 -1.50335
 20.0 150.0 3.39056E-05 1.46816E-05 1.39458
 20.0 160.0 3.20256E-05 1.49946E-05 4.9189
 20.0 170.0 3.03179E-05 1.62453E-05 8.02809
 20.0 180.0 2.89694E-05 1.79598E-05 10.0692
 25.0 -180.0 2.76712E-05 2.18136E-05 9.52934
 25.0 -170.0 2.69471E-05 2.33638E-05 11.16063
 25.0 -160.0 2.68042E-05 2.50269E-05 11.84088
 25.0 -150.0 2.70943E-05 2.67041E-05 12.0739
 25.0 -140.0 2.75455E-05 2.84671E-05 12.34398
 25.0 -130.0 2.78750E-05 3.04825E-05 12.63779
 25.0 -120.0 2.78915E-05 3.28109E-05 12.39865
 25.0 -110.0 2.75187E-05 3.52450E-05 10.88114
 25.0 -100.0 2.68009E-05 3.73158E-05 7.50026
 25.0 -90.0 2.59606E-05 3.84420E-05 2.04261
 25.0 -80.0 2.54216E-05 3.81425E-05 -4.97847
 25.0 -70.0 2.55830E-05 3.62591E-05 -11.9488
 25.0 -60.0 2.64600E-05 3.30808E-05 -16.7998
 25.0 -50.0 2.77114E-05 2.92493E-05 -18.464
 25.0 -40.0 2.89943E-05 2.54884E-05 -17.2615
 25.0 -30.0 3.01355E-05 2.23764E-05 -14.1499
 25.0 -20.0 3.10917E-05 2.02898E-05 -10.0773
 25.0 -10.0 3.18846E-05 1.94014E-05 -5.87761
 25.0 .0 3.25417E-05 1.96171E-05 -2.29669
 25.0 10.0 3.30619E-05 2.05783E-05 .2469
 25.0 20.0 3.34342E-05 2.18823E-05 1.87413
 25.0 30.0 3.36583E-05 2.33398E-05 2.92681
 25.0 40.0 3.37747E-05 2.49281E-05 3.3749
 25.0 50.0 3.39296E-05 2.64784E-05 2.8116
 25.0 60.0 3.43757E-05 2.75828E-05 1.24327
 25.0 70.0 3.52579E-05 2.79610E-05 -.41056
 25.0 80.0 3.63712E-05 2.78309E-05 -1.14369
 25.0 90.0 3.72885E-05 2.76984E-05 -1.03777
 25.0 100.0 3.76850E-05 2.77182E-05 -1.12818
 25.0 110.0 3.75061E-05 2.74267E-05 -2.1725
 25.0 120.0 3.68824E-05 2.62452E-05 -3.71596
 25.0 130.0 3.58636E-05 2.41916E-05 -4.42273
 25.0 140.0 3.44005E-05 2.19835E-05 -3.29517
 25.0 150.0 3.25848E-05 2.04674E-05 -.426391
 25.0 160.0 3.06782E-05 2.00439E-05 3.27585
 25.0 170.0 2.89635E-05 2.06027E-05 6.81218
 25.0 180.0 2.76712E-05 2.18136E-05 9.52934
 30.0 -180.0 2.66192E-05 2.54971E-05 8.90978
 30.0 -170.0 2.60000E-05 2.68793E-05 11.47665
 30.0 -160.0 2.58868E-05 2.86786E-05 12.99655
 30.0 -150.0 2.61185E-05 3.07146E-05 13.74213
 30.0 -140.0 2.64579E-05 3.29135E-05 14.15488
 30.0 -130.0 2.66537E-05 3.53066E-05 14.35266
 30.0 -120.0 2.65101E-05 3.78858E-05 13.8886
 30.0 -110.0 2.59468E-05 4.04274E-05 11.95959
 30.0 -100.0 2.50702E-05 4.24531E-05 7.83142
 30.0 -90.0 2.42306E-05 4.33850E-05 1.34025
 30.0 -80.0 2.39074E-05 4.28149E-05 -6.52359
 30.0 -70.0 2.43512E-05 4.07372E-05 -13.6046
 30.0 -60.0 2.53665E-05 3.75905E-05 -17.9096
 30.0 -50.0 2.65721E-05 3.40595E-05 -18.884
 30.0 -40.0 2.77203E-05 3.07839E-05 -17.1969
 30.0 -30.0 2.87142E-05 2.81946E-05 -13.8644
 30.0 -20.0 2.95158E-05 2.65333E-05 -9.73991
 30.0 -10.0 3.01221E-05 2.58966E-05 -5.5387
 30.0 .0 3.05562E-05 2.61912E-05 -1.9378
 30.0 10.0 3.08480E-05 2.71215E-05 .651755
 30.0 20.0 3.10307E-05 2.83528E-05 2.33707
 30.0 30.0 3.11314E-05 2.97169E-05 3.46966
 30.0 40.0 3.11866E-05 3.11881E-05 4.04942
 30.0 50.0 3.13124E-05 3.26513E-05 3.67755
 30.0 60.0 3.17244E-05 3.38214E-05 2.30528
 30.0 70.0 3.25568E-05 3.44939E-05 .7362014
 30.0 80.0 3.36340E-05 3.47964E-05 -.135201
 30.0 90.0 3.45630E-05 3.50160E-05 -.432035
 30.0 100.0 3.50417E-05 3.51395E-05 -1.14148
 30.0 110.0 3.50423E-05 3.47039E-05 -2.89583
 30.0 120.0 3.46944E-05 3.32334E-05 -5.07769
 30.0 130.0 3.39858E-05 3.08063E-05 -6.23581
 30.0 140.0 3.27862E-05 2.81134E-05 -5.35233
 30.0 150.0 3.11530E-05 2.59730E-05 -2.52362
 30.0 160.0 2.93746E-05 2.48424E-05 1.38058
 30.0 170.0 2.77815E-05 2.47457E-05 5.41179
 30.0 180.0 2.66192E-05 2.54971E-05 8.90978
 35.0 -180.0 2.57456E-05 2.92219E-05 8.27526
 35.0 -170.0 2.52240E-05 3.04617E-05 11.84397
 35.0 -160.0 2.50894E-05 3.23622E-05 14.27648
 35.0 -150.0 2.51765E-05 3.46818E-05 15.63567
 35.0 -140.0 2.52915E-05 3.72379E-05 16.29894
 35.0 -130.0 2.52336E-05 3.99460E-05 16.47014
 35.0 -120.0 2.48267E-05 4.27193E-05 15.78261
 35.0 -110.0 2.40036E-05 4.53056E-05 13.36212
 35.0 -100.0 2.29388E-05 4.72351E-05 8.30748
 35.0 -90.0 2.21070E-05 4.79715E-05 .5187948
 35.0 -80.0 2.20239E-05 4.71902E-05 -8.41883
 35.0 -70.0 2.27609E-05 4.49955E-05 -15.7309
 35.0 -60.0 2.39041E-05 4.19077E-05 -19.5539
 35.0 -50.0 2.50345E-05 3.86185E-05 -19.8619
 35.0 -40.0 2.59952E-05 3.57015E-05 -17.6605
 35.0 -30.0 2.67746E-05 3.34847E-05 -14.0413
 35.0 -20.0 2.73688E-05 3.21076E-05 -9.78999
 35.0 -10.0 2.77762E-05 3.15972E-05 -5.51506
 35.0 .0 2.80199E-05 3.18568E-05 -1.81558
 35.0 10.0 2.81421E-05 3.26564E-05 .9186302
 35.0 20.0 2.81951E-05 3.37421E-05 2.77923
 35.0 30.0 2.82219E-05 3.49807E-05 4.10872
 35.0 40.0 2.82588E-05 3.63490E-05 4.92309
 35.0 50.0 2.83913E-05 3.77745E-05 4.83553
 35.0 60.0 2.87813E-05 3.90716E-05 3.74433
 35.0 70.0 2.95338E-05 4.00913E-05 2.30931
 35.0 80.0 3.05070E-05 4.08661E-05 1.274
 35.0 90.0 3.13738E-05 4.14787E-05 .465656
 35.0 100.0 3.18923E-05 4.17662E-05 -1.02975
 35.0 110.0 3.20790E-05 4.12746E-05 -3.67374
 35.0 120.0 3.20581E-05 3.96260E-05 -6.63306
 35.0 130.0 3.17455E-05 3.69460E-05 -8.3143
 35.0 140.0 3.09257E-05 3.38876E-05 -7.68785
 35.0 150.0 2.96133E-05 3.12363E-05 -4.86806
 35.0 160.0 2.80996E-05 2.95067E-05 -.696247
 35.0 170.0 2.67303E-05 2.88546E-05 3.91525
 35.0 180.0 2.57456E-05 2.92219E-05 8.27526
 40.0 -180.0 2.48943E-05 3.31258E-05 7.706
 40.0 -170.0 2.44542E-05 3.42366E-05 12.30112
 40.0 -160.0 2.42594E-05 3.61736E-05 15.68044
 40.0 -150.0 2.41452E-05 3.86584E-05 17.7428
 40.0 -140.0 2.39595E-05 4.14384E-05 18.78677
 40.0 -130.0 2.35594E-05 4.43393E-05 19.0411
 40.0 -120.0 2.28086E-05 4.71988E-05 18.16507
 40.0 -110.0 2.16705E-05 4.97357E-05 15.17485
 40.0 -100.0 2.03944E-05 5.15069E-05 8.95467
 40.0 -90.0 1.95781E-05 5.20453E-05 -.517659
 40.0 -80.0 1.97571E-05 5.11122E-05 -10.859
 40.0 -70.0 2.07977E-05 4.88781E-05 -18.5486
 40.0 -60.0 2.20722E-05 4.58819E-05 -21.9435
 40.0 -50.0 2.31342E-05 4.27855E-05 -21.5813
 40.0 -40.0 2.39108E-05 4.01072E-05 -18.7934
 40.0 -30.0 2.44737E-05 3.81145E-05 -14.7696
 40.0 -20.0 2.48666E-05 3.68847E-05 -10.2689
 40.0 -10.0 2.51064E-05 3.63964E-05 -5.81402
 40.0 .0 2.52200E-05 3.65506E-05 -1.91869
 40.0 10.0 2.52487E-05 3.71745E-05 1.06886
 40.0 20.0 2.52434E-05 3.80905E-05 3.23306
 40.0 30.0 2.52490E-05 3.92059E-05 4.89593
 40.0 40.0 2.52977E-05 4.05057E-05 6.07744
 40.0 50.0 2.54427E-05 4.19503E-05 6.40239
 40.0 60.0 2.57847E-05 4.34233E-05 5.70651
 40.0 70.0 2.63922E-05 4.48039E-05 4.46526
 40.0 80.0 2.71642E-05 4.60324E-05 3.22542
 40.0 90.0 2.78661E-05 4.70204E-05 1.75526
 40.0 100.0 2.83502E-05 4.74922E-05 -.755308
 40.0 110.0 2.86984E-05 4.70165E-05 -4.53174
 40.0 120.0 2.90278E-05 4.53045E-05 -8.44224
 40.0 130.0 2.91693E-05 4.25155E-05 -10.712
 40.0 140.0 2.88136E-05 3.92561E-05 -10.3188
 40.0 150.0 2.79215E-05 3.62703E-05 -7.42631
 40.0 160.0 2.67652E-05 3.41148E-05 -2.87598
 40.0 170.0 2.56816E-05 3.30524E-05 2.42024
 40.0 180.0 2.48943E-05 3.31258E-05 7.706
 45.0 -180.0 2.38624E-05 3.72334E-05 7.27249
 45.0 -170.0 2.34886E-05 3.82140E-05 12.90935
 45.0 -160.0 2.32155E-05 4.01014E-05 17.26048
 45.0 -150.0 2.28808E-05 4.26064E-05 20.11555
 45.0 -140.0 2.23664E-05 4.54409E-05 21.69006
 45.0 -130.0 2.15848E-05 4.83698E-05 22.17485
 45.0 -120.0 2.04493E-05 5.11706E-05 21.18126
 45.0 -110.0 1.89680E-05 5.35438E-05 17.5406
 45.0 -100.0 1.74716E-05 5.50898E-05 9.81274
 45.0 -90.0 1.66879E-05 5.54274E-05 -1.94052
 45.0 -80.0 1.71596E-05 5.43972E-05 -14.1499
 45.0 -70.0 1.85174E-05 5.21986E-05 -22.3498
 45.0 -60.0 1.99328E-05 4.93387E-05 -25.3183
 45.0 -50.0 2.09528E-05 4.64172E-05 -24.2362
 45.0 -40.0 2.15844E-05 4.39002E-05 -20.7451
 45.0 -30.0 2.19747E-05 4.20237E-05 -16.149
 45.0 -20.0 2.22151E-05 4.08413E-05 -11.2246
 45.0 -10.0 2.23452E-05 4.03101E-05 -6.44039
 45.0 .0 2.23962E-05 4.03354E-05 -2.22205
 45.0 10.0 2.24013E-05 4.07901E-05 1.14645
 45.0 20.0 2.23974E-05 4.15578E-05 3.75674
 45.0 30.0 2.24194E-05 4.25820E-05 5.90535
 45.0 40.0 2.24888E-05 4.38574E-05 7.60711
 45.0 50.0 2.26251E-05 4.53644E-05 8.49517
 45.0 60.0 2.28699E-05 4.70250E-05 8.32722
 45.0 70.0 2.32573E-05 4.87217E-05 7.35008
 45.0 80.0 2.37307E-05 5.03164E-05 5.85962
 45.0 90.0 2.41637E-05 5.15987E-05 3.53937
 45.0 100.0 2.45303E-05 5.22285E-05 -.290957
 45.0 110.0 2.49996E-05 5.18147E-05 -5.5244
 45.0 120.0 2.56784E-05 5.01477E-05 -10.5973
 45.0 130.0 2.62956E-05 4.74063E-05 -13.5039
 45.0 140.0 2.64377E-05 4.41409E-05 -13.2761
 45.0 150.0 2.60046E-05 4.10394E-05 -10.1821
 45.0 160.0 2.52378E-05 3.86699E-05 -5.10556
 45.0 170.0 2.44556E-05 3.73641E-05 .9976508
 45.0 180.0 2.38624E-05 3.72334E-05 7.27249
 50.0 -180.0 2.24535E-05 4.14467E-05 7.0236
 50.0 -170.0 2.21396E-05 4.22832E-05 13.74588
 50.0 -160.0 2.17982E-05 4.40254E-05 19.11811
 50.0 -150.0 2.12672E-05 4.63965E-05 22.87324
 50.0 -140.0 2.04517E-05 4.91022E-05 25.15135
 50.0 -130.0 1.93083E-05 5.18756E-05 26.05426
 50.0 -120.0 1.77988E-05 5.44589E-05 25.06201
 50.0 -110.0 1.59798E-05 5.65526E-05 20.6945
 50.0 -100.0 1.42712E-05 5.78144E-05 10.94552
 50.0 -90.0 1.35546E-05 5.79531E-05 -4.06252
 50.0 -80.0 1.43694E-05 5.68771E-05 -18.7636
 50.0 -70.0 1.60592E-05 5.47858E-05 -27.497
 50.0 -60.0 1.76184E-05 5.21207E-05 -29.9295
 50.0 -50.0 1.86207E-05 4.93963E-05 -28.0148
 50.0 -40.0 1.91536E-05 4.70217E-05 -23.6617
 50.0 -30.0 1.94304E-05 4.52166E-05 -18.2802
 50.0 -20.0 1.95822E-05 4.40366E-05 -12.7052
 50.0 -10.0 1.96655E-05 4.34432E-05 -7.39077
 50.0 .0 1.97111E-05 4.33561E-05 -2.68091
 50.0 10.0 1.97396E-05 4.36834E-05 1.22396
 50.0 20.0 1.97691E-05 4.43516E-05 4.43939
 50.0 30.0 1.98184E-05 4.53294E-05 7.23739
 50.0 40.0 1.98938E-05 4.66160E-05 9.62295
 50.0 50.0 1.99841E-05 4.81970E-05 11.23405
 50.0 60.0 2.00818E-05 5.00060E-05 11.73629
 50.0 70.0 2.01916E-05 5.19147E-05 11.109
 50.0 80.0 2.02969E-05 5.37306E-05 9.33201
 50.0 90.0 2.03813E-05 5.51775E-05 5.94062
 50.0 100.0 2.05602E-05 5.59027E-05 .3867999
 50.0 110.0 2.11088E-05 5.55726E-05 -6.74158
 50.0 120.0 2.21159E-05 5.40462E-05 -13.2281
 50.0 130.0 2.31867E-05 5.15066E-05 -16.7893
 50.0 140.0 2.37975E-05 4.84373E-05 -16.6136
 50.0 150.0 2.37910E-05 4.54500E-05 -13.1548
 50.0 160.0 2.33812E-05 4.30862E-05 -7.38099
 50.0 170.0 2.28718E-05 4.17021E-05 -.328222
 50.0 180.0 2.24535E-05 4.14467E-05 7.0236
 55.0 -180.0 2.05289E-05 4.55669E-05 6.99158
 55.0 -170.0 2.02827E-05 4.62401E-05 14.90585
 55.0 -160.0 1.99147E-05 4.77457E-05 21.40058
 55.0 -150.0 1.92569E-05 4.98382E-05 26.1966
 55.0 -140.0 1.82244E-05 5.22414E-05 29.37943
 55.0 -130.0 1.68003E-05 5.46855E-05 30.93605
 55.0 -120.0 1.49812E-05 5.69056E-05 30.14248
 55.0 -110.0 1.28643E-05 5.86244E-05 25.0188
 55.0 -100.0 1.09644E-05 5.95646E-05 12.46056
 55.0 -90.0 1.03737E-05 5.95196E-05 -7.48107
 55.0 -80.0 1.16073E-05 5.84494E-05 -25.3899
 55.0 -70.0 1.36313E-05 5.65339E-05 -34.3632
 55.0 -60.0 1.53140E-05 5.41321E-05 -35.9705
 55.0 -50.0 1.63016E-05 5.16607E-05 -33.0481
 55.0 -40.0 1.67638E-05 4.94652E-05 -27.6526
 55.0 -30.0 1.69710E-05 4.77497E-05 -21.2478
 55.0 -20.0 1.70850E-05 4.65839E-05 -14.7529
 55.0 -10.0 1.71685E-05 4.59505E-05 -8.65495
 55.0 .0 1.72429E-05 4.57927E-05 -3.23659
 55.0 10.0 1.73122E-05 4.60470E-05 1.39508
 55.0 20.0 1.73765E-05 4.66667E-05 5.39475
 55.0 30.0 1.74385E-05 4.76320E-05 9.01647
 55.0 40.0 1.74905E-05 4.89377E-05 12.25592
 55.0 50.0 1.74986E-05 5.05613E-05 14.75352
 55.0 60.0 1.74203E-05 5.24305E-05 16.0749
 55.0 70.0 1.72342E-05 5.44046E-05 15.90679
 55.0 80.0 1.69489E-05 5.62670E-05 13.83879
 55.0 90.0 1.66447E-05 5.77302E-05 9.13174
 55.0 100.0 1.65899E-05 5.84731E-05 1.31157
 55.0 110.0 1.71836E-05 5.82326E-05 -8.31589
 55.0 120.0 1.84801E-05 5.69242E-05 -16.5056
 55.0 130.0 1.99355E-05 5.47211E-05 -20.6893
 55.0 140.0 2.09223E-05 5.20288E-05 -20.4109
 55.0 150.0 2.12435E-05 4.93625E-05 -16.4086
 55.0 160.0 2.11017E-05 4.72007E-05 -9.75471
 55.0 170.0 2.08013E-05 4.58823E-05 -1.57915
 55.0 180.0 2.05289E-05 4.55669E-05 6.99158
 60.0 -180.0 1.80429E-05 4.93417E-05 7.2107
 60.0 -170.0 1.78869E-05 4.98369E-05 16.51971
 60.0 -160.0 1.75636E-05 5.10343E-05 24.30921
 60.0 -150.0 1.68895E-05 5.27330E-05 30.32314
 60.0 -140.0 1.57737E-05 5.46944E-05 34.63041
 60.0 -130.0 1.42032E-05 5.66721E-05 37.12104
 60.0 -120.0 1.21870E-05 5.84229E-05 36.85012
 60.0 -110.0 9.84124E-06 5.97101E-05 31.12
 60.0 -100.0 7.77354E-06 6.03238E-05 14.55016
 60.0 -90.0 7.40044E-06 6.01284E-05 -13.402
 60.0 -80.0 9.14487E-06 5.91179E-05 -34.8564
 60.0 -70.0 1.14602E-05 5.74414E-05 -43.1221
 60.0 -60.0 1.32077E-05 5.53719E-05 -43.4219
 60.0 -50.0 1.41550E-05 5.32268E-05 -39.3065
 60.0 -40.0 1.45446E-05 5.12823E-05 -32.7297
 60.0 -30.0 1.46929E-05 4.97204E-05 -25.0938
 60.0 -20.0 1.47866E-05 4.86234E-05 -17.4024
 60.0 -10.0 1.48866E-05 4.80003E-05 -10.2301
 60.0 .0 1.49960E-05 4.78220E-05 -3.8381
 60.0 10.0 1.50986E-05 4.80490E-05 1.75189
 60.0 20.0 1.51787E-05 4.86498E-05 6.74292
 60.0 30.0 1.52279E-05 4.96053E-05 11.38085
 60.0 40.0 1.52305E-05 5.08981E-05 15.65518
 60.0 50.0 1.51409E-05 5.24901E-05 19.20566
 60.0 60.0 1.48938E-05 5.42979E-05 21.49871
 60.0 70.0 1.44416E-05 5.61764E-05 21.9284
 60.0 80.0 1.37945E-05 5.79165E-05 19.62879
 60.0 90.0 1.31038E-05 5.92616E-05 13.37273
 60.0 100.0 1.27936E-05 5.99526E-05 2.55175
 60.0 110.0 1.34060E-05 5.98007E-05 -10.4286
 60.0 120.0 1.49341E-05 5.87650E-05 -20.6328
 60.0 130.0 1.66605E-05 5.69963E-05 -25.3328
 60.0 140.0 1.78787E-05 5.48138E-05 -24.7698
 60.0 150.0 1.83818E-05 5.26224E-05 -20.0542
 60.0 160.0 1.83816E-05 5.08105E-05 -12.3332
 60.0 170.0 1.82028E-05 4.96674E-05 -2.81134
 60.0 180.0 1.80429E-05 4.93417E-05 7.2107
 65.0 -180.0 1.50532E-05 5.25249E-05 7.75174
 65.0 -170.0 1.50199E-05 5.28415E-05 18.79848
 65.0 -160.0 1.48333E-05 5.36934E-05 28.13475
 65.0 -150.0 1.42800E-05 5.49317E-05 35.55389
 65.0 -140.0 1.32441E-05 5.63690E-05 41.17249
 65.0 -130.0 1.16937E-05 5.78038E-05 44.87049
 65.0 -120.0 9.62785E-06 5.90372E-05 45.6021
 65.0 -110.0 7.15135E-06 5.98860E-05 39.89652
 65.0 -100.0 4.93037E-06 6.02035E-05 17.59807
 65.0 -90.0 4.92429E-06 5.99080E-05 -24.2848
 65.0 -80.0 7.22978E-06 5.90111E-05 -47.5541
 65.0 -70.0 9.70491E-06 5.76260E-05 -53.3631
 65.0 -60.0 1.14208E-05 5.59456E-05 -51.8516
 65.0 -50.0 1.22840E-05 5.41955E-05 -46.4777
 65.0 -40.0 1.25784E-05 5.25816E-05 -38.7351
 65.0 -30.0 1.26468E-05 5.12547E-05 -29.7922
 65.0 -20.0 1.26989E-05 5.02998E-05 -20.693
 65.0 -10.0 1.27961E-05 4.97471E-05 -12.1515
 65.0 .0 1.29209E-05 4.95922E-05 -4.47789
 65.0 10.0 1.30355E-05 4.98152E-05 2.35351
 65.0 20.0 1.31110E-05 5.03930E-05 8.58644
 65.0 30.0 1.31334E-05 5.13022E-05 14.46259
 65.0 40.0 1.30852E-05 5.25117E-05 19.96292
 65.0 50.0 1.29174E-05 5.39688E-05 24.71938
 65.0 60.0 1.25492E-05 5.55842E-05 28.11371
 65.0 70.0 1.19029E-05 5.72230E-05 29.29544
 65.0 80.0 1.09668E-05 5.87080E-05 26.93764
 65.0 90.0 9.92766E-06 5.98397E-05 19.02759
 65.0 100.0 9.35600E-06 6.04331E-05 4.25794
 65.0 110.0 9.96185E-06 6.03673E-05 -13.2992
 65.0 120.0 1.16402E-05 5.96313E-05 -25.8054
 65.0 130.0 1.34864E-05 5.83441E-05 -30.8227
 65.0 140.0 1.47628E-05 5.67371E-05 -29.8005
 65.0 150.0 1.52847E-05 5.51018E-05 -24.2461
 65.0 160.0 1.52879E-05 5.37236E-05 -15.2758
 65.0 170.0 1.51350E-05 5.28238E-05 -4.1018
 65.0 180.0 1.50532E-05 5.25249E-05 7.75174
 70.0 -180.0 1.17052E-05 5.49309E-05 8.80143
 70.0 -170.0 1.18311E-05 5.50882E-05 22.15095
 70.0 -160.0 1.18763E-05 5.56025E-05 33.35615
 70.0 -150.0 1.15792E-05 5.63765E-05 42.29483
 70.0 -140.0 1.07803E-05 5.72805E-05 49.2523
 70.0 -130.0 9.41348E-06 5.81710E-05 54.27854
 70.0 -120.0 7.45882E-06 5.89063E-05 56.55609
 70.0 -110.0 4.98879E-06 5.93612E-05 52.44232
 70.0 -100.0 2.62121E-06 5.94430E-05 22.58508
 70.0 -90.0 3.23662E-06 5.91075E-05 -43.9637
 70.0 -80.0 5.95354E-06 5.83708E-05 -62.2052
 70.0 -70.0 8.36818E-06 5.73104E-05 -63.8744
 70.0 -60.0 9.94733E-06 5.60508E-05 -60.3957
 70.0 -50.0 1.06901E-05 5.47387E-05 -53.962
 70.0 -40.0 1.08704E-05 5.35149E-05 -45.3319
 70.0 -30.0 1.08261E-05 5.24920E-05 -35.2598
 70.0 -20.0 1.07879E-05 5.17452E-05 -24.7085
 70.0 -10.0 1.08321E-05 5.13139E-05 -14.547
 70.0 .0 1.09338E-05 5.12096E-05 -5.23808
 70.0 10.0 1.10387E-05 5.14261E-05 3.19562
 70.0 20.0 1.11069E-05 5.19460E-05 10.98777
 70.0 30.0 1.11198E-05 5.27428E-05 18.35273
 70.0 40.0 1.10578E-05 5.37772E-05 25.24321
 70.0 50.0 1.08678E-05 5.49913E-05 31.27484
 70.0 60.0 1.04539E-05 5.63017E-05 35.79022
 70.0 70.0 9.70878E-06 5.75983E-05 37.82506
 70.0 80.0 8.58843E-06 5.87501E-05 35.73303
 70.0 90.0 7.27557E-06 5.96220E-05 26.46856
 70.0 100.0 6.44599E-06 6.00988E-05 6.76751
 70.0 110.0 7.00668E-06 6.01139E-05 -17.0989
 70.0 120.0 8.72088E-06 5.96716E-05 -32.1026
 70.0 130.0 1.05114E-05 5.88553E-05 -37.1784
 70.0 140.0 1.16749E-05 5.78151E-05 -35.6037
 70.0 150.0 1.20702E-05 5.67378E-05 -29.1889
 70.0 160.0 1.19559E-05 5.58089E-05 -18.8104
 70.0 170.0 1.17409E-05 5.51772E-05 -5.53289
 70.0 180.0 1.17052E-05 5.49309E-05 8.80143
 75.0 -180.0 8.19853E-06 5.64711E-05 10.92184
 75.0 -170.0 8.51929E-06 5.65086E-05 27.54538
 75.0 -160.0 8.87092E-06 5.67402E-05 40.92929
 75.0 -150.0 8.92263E-06 5.71130E-05 51.22315
 75.0 -140.0 8.46362E-06 5.75528E-05 59.17356
 75.0 -130.0 7.39662E-06 5.79751E-05 65.2851
 75.0 -120.0 5.69694E-06 5.82967E-05 69.43977
 75.0 -110.0 3.41889E-06 5.84458E-05 69.55584
 75.0 -100.0 9.38522E-07 5.83725E-05 34.33768
 75.0 -90.0 2.47953E-06 5.80563E-05 -71.2193
 75.0 -80.0 5.14568E-06 5.75104E-05 -75.8045
 75.0 -70.0 7.28365E-06 5.67807E-05 -73.2006
 75.0 -60.0 8.65145E-06 5.59380E-05 -68.1479
 75.0 -50.0 9.26401E-06 5.50666E-05 -61.1298
 75.0 -40.0 9.33589E-06 5.42509E-05 -52.1593
 75.0 -30.0 9.16092E-06 5.35643E-05 -41.4557
 75.0 -20.0 8.97942E-06 5.30619E-05 -29.6763
 75.0 -10.0 8.90421E-06 5.27788E-05 -17.7371
 75.0 .0 8.93375E-06 5.27315E-05 -6.36333
 75.0 10.0 9.01565E-06 5.29205E-05 4.17576
 75.0 20.0 9.10090E-06 5.33336E-05 13.94721
 75.0 30.0 9.15805E-06 5.39462E-05 23.04647
 75.0 40.0 9.15192E-06 5.47217E-05 31.35725
 75.0 50.0 9.01322E-06 5.56095E-05 38.50077
 75.0 60.0 8.63046E-06 5.65453E-05 43.89525
 75.0 70.0 7.88047E-06 5.74529E-05 46.68636
 75.0 80.0 6.70179E-06 5.82502E-05 45.23877
 75.0 90.0 5.24352E-06 5.88593E-05 35.66152
 75.0 100.0 4.18315E-06 5.92196E-05 10.86403
 75.0 110.0 4.62354E-06 5.93005E-05 -21.596
 75.0 120.0 6.21467E-06 5.91102E-05 -39.2691
 75.0 130.0 7.76984E-06 5.86977E-05 -44.2734
 75.0 140.0 8.68265E-06 5.81455E-05 -42.2774
 75.0 150.0 8.85608E-06 5.75552E-05 -35.1877
 75.0 160.0 8.54903E-06 5.70285E-05 -23.3002
 75.0 170.0 8.20969E-06 5.66494E-05 -7.15281
 75.0 180.0 8.19853E-06 5.64711E-05 10.92184
 80.0 -180.0 4.75537E-06 5.71629E-05 16.33318
 80.0 -170.0 5.31726E-06 5.71343E-05 37.98634
 80.0 -160.0 5.99692E-06 5.71767E-05 53.29677
 80.0 -150.0 6.39204E-06 5.72694E-05 63.94737
 80.0 -140.0 6.27241E-06 5.73816E-05 71.88815
 80.0 -130.0 5.54260E-06 5.74776E-05 78.39016
 80.0 -120.0 4.20097E-06 5.75219E-05 84.42124
 80.0 -110.0 2.33079E-06 5.74846E-05 91.94008
 80.0 -100.0 2.88181E-07 5.73459E-05 165.0967
 80.0 -90.0 2.30676E-06 5.70992E-05 -93.8766
 80.0 -80.0 4.47761E-06 5.67526E-05 -86.3553
 80.0 -70.0 6.20526E-06 5.63280E-05 -80.7107
 80.0 -60.0 7.32195E-06 5.58579E-05 -74.7765
 80.0 -50.0 7.81364E-06 5.53818E-05 -67.774
 80.0 -40.0 7.80817E-06 5.49405E-05 -59.1646
 80.0 -30.0 7.51877E-06 5.45716E-05 -48.6171
 80.0 -20.0 7.16664E-06 5.43059E-05 -36.191
 80.0 -10.0 6.91159E-06 5.41654E-05 -22.4846
 80.0 .0 6.81822E-06 5.41620E-05 -8.46544
 80.0 10.0 6.87098E-06 5.42976E-05 4.98278
 80.0 20.0 7.01590E-06 5.45648E-05 17.33739
 80.0 30.0 7.18780E-06 5.49469E-05 28.34166
 80.0 40.0 7.30905E-06 5.54193E-05 37.80407
 80.0 50.0 7.27936E-06 5.59498E-05 45.50691
 80.0 60.0 6.98044E-06 5.65005E-05 51.16976
 80.0 70.0 6.30497E-06 5.70303E-05 54.29549
 80.0 80.0 5.20912E-06 5.74986E-05 53.63396
 80.0 90.0 3.80523E-06 5.78699E-05 45.37822
 80.0 100.0 2.61363E-06 5.81184E-05 18.43542
 80.0 110.0 2.78169E-06 5.82326E-05 -24.8241
 80.0 120.0 4.03654E-06 5.82174E-05 -46.3246
 80.0 130.0 5.19666E-06 5.80939E-05 -51.839
 80.0 140.0 5.77870E-06 5.78962E-05 -50.0711
 80.0 150.0 5.70981E-06 5.76659E-05 -42.9207
 80.0 160.0 5.20643E-06 5.74451E-05 -29.5493
 80.0 170.0 4.72778E-06 5.72694E-05 -8.74156
 80.0 180.0 4.75537E-06 5.71629E-05 16.33318
 85.0 -180.0 1.73201E-06 5.71133E-05 42.73172
 85.0 -170.0 2.63634E-06 5.70753E-05 67.35596
 85.0 -160.0 3.49680E-06 5.70419E-05 78.95039
 85.0 -150.0 4.02607E-06 5.70098E-05 86.15843
 85.0 -140.0 4.09386E-06 5.69735E-05 91.98616
 85.0 -130.0 3.65909E-06 5.69261E-05 98.06611
 85.0 -120.0 2.76175E-06 5.68612E-05 106.6991
 85.0 -110.0 1.56774E-06 5.67735E-05 126.7361
 85.0 -100.0 9.93164E-07 5.66601E-05 -156.947
 85.0 -90.0 2.21082E-06 5.65214E-05 -108.649
 85.0 -80.0 3.66568E-06 5.63612E-05 -95.024
 85.0 -70.0 4.87633E-06 5.61865E-05 -87.4007
 85.0 -60.0 5.68856E-06 5.60070E-05 -81.0939
 85.0 -50.0 6.05504E-06 5.58341E-05 -74.6077
 85.0 -40.0 6.01577E-06 5.56799E-05 -67.0644
 85.0 -30.0 5.68031E-06 5.55558E-05 -57.6927
 85.0 -20.0 5.20431E-06 5.54716E-05 -45.7551
 85.0 -10.0 4.76221E-06 5.54345E-05 -30.8256
 85.0 .0 4.50709E-06 5.54486E-05 -13.4765
 85.0 10.0 4.51170E-06 5.55145E-05 4.32505
 85.0 20.0 4.73279E-06 5.56290E-05 20.28549
 85.0 30.0 5.04692E-06 5.57858E-05 33.24626
 85.0 40.0 5.31285E-06 5.59756E-05 43.19889
 85.0 50.0 5.40532E-06 5.61866E-05 50.54578
 85.0 60.0 5.22710E-06 5.64060E-05 55.61485
 85.0 70.0 4.72045E-06 5.66203E-05 58.42612
 85.0 80.0 3.88492E-06 5.68170E-05 58.36724
 85.0 90.0 2.80514E-06 5.69857E-05 53.07455
 85.0 100.0 1.72926E-06 5.71186E-05 33.77518
 85.0 110.0 1.34613E-06 5.72121E-05 -14.9336
 85.0 120.0 1.93914E-06 5.72662E-05 -49.287
 85.0 130.0 2.56922E-06 5.72847E-05 -59.4926
 85.0 140.0 2.80889E-06 5.72744E-05 -60.5335
 85.0 150.0 2.57488E-06 5.72438E-05 -55.6094
 85.0 160.0 1.97674E-06 5.72018E-05 -41.4996
 85.0 170.0 1.43370E-06 5.71564E-05 -5.76186
 85.0 180.0 1.73201E-06 5.71133E-05 42.73172
 90.0 -180.0 1.11806E-06 5.64835E-05 90.0
 90.0 -170.0 8.02256E-07 5.64835E-05 90.0
 90.0 -160.0 4.62073E-07 5.64835E-05 90.0
 90.0 -150.0 1.07849E-07 5.64835E-05 90.0
 90.0 -140.0 2.49652E-07 5.64835E-05 -90.0
 90.0 -130.0 5.99567E-07 5.64835E-05 -90.0
 90.0 -120.0 9.31264E-07 5.64835E-05 -90.0
 90.0 -110.0 1.23467E-06 5.64835E-05 -90.0
 90.0 -100.0 1.50055E-06 5.64835E-05 -90.0
 90.0 -90.0 1.72085E-06 5.64835E-05 -90.0
 90.0 -80.0 1.88885E-06 5.64835E-05 -90.0
 90.0 -70.0 1.99947E-06 5.64835E-05 -90.0
 90.0 -60.0 2.04933E-06 5.64835E-05 -90.0
 90.0 -50.0 2.03692E-06 5.64835E-05 -90.0
 90.0 -40.0 1.96262E-06 5.64835E-05 -90.0
 90.0 -30.0 1.82869E-06 5.64835E-05 -90.0
 90.0 -20.0 1.63920E-06 5.64835E-05 -90.0
 90.0 -10.0 1.39990E-06 5.64835E-05 -90.0
 90.0 .0 1.11806E-06 5.64835E-05 -90.0
 90.0 10.0 8.02256E-07 5.64835E-05 -90.0
 90.0 20.0 4.62073E-07 5.64835E-05 -90.0
 90.0 30.0 1.07849E-07 5.64835E-05 -90.0
 90.0 40.0 2.49652E-07 5.64835E-05 90.0
 90.0 50.0 5.99567E-07 5.64835E-05 90.0
 90.0 60.0 9.31264E-07 5.64835E-05 90.0
 90.0 70.0 1.23467E-06 5.64835E-05 90.0
 90.0 80.0 1.50055E-06 5.64835E-05 90.0
 90.0 90.0 1.72085E-06 5.64835E-05 90.0
 90.0 100.0 1.88885E-06 5.64835E-05 90.0
 90.0 110.0 1.99947E-06 5.64835E-05 90.0
 90.0 120.0 2.04933E-06 5.64835E-05 90.0
 90.0 130.0 2.03692E-06 5.64835E-05 90.0
 90.0 140.0 1.96262E-06 5.64835E-05 90.0
 90.0 150.0 1.82869E-06 5.64835E-05 90.0
 90.0 160.0 1.63920E-06 5.64835E-05 90.0
 90.0 170.0 1.39990E-06 5.64835E-05 90.0
 90.0 180.0 1.11806E-06 5.64835E-05 90.0
