 420	16	1.7857e9   121.3
 2000.0  3000.  4000.0  5000   6000.  7000  8000. 9000  10000.  11000  12000  13000  14000  15000  16000  17000 
  6.831  7.957  8.557  8.839  8.954  8.979  8.928  8.815  8.649  8.433  8.177  7.889  7.577  7.250  6.912  6.557
 0.493 0.664 0.798 0.894 0.962 1.021 1.079 1.135 1.189 1.239 1.287 1.328 1.358 1.382 1.406 1.436
  6.823  7.757  8.334  8.684  8.874  8.950  8.935  8.849  8.704  8.506  8.264  7.983  7.669  7.327  6.962  6.576
 0.554 0.653 0.755 0.843 0.923 0.995 1.060 1.120 1.176 1.228 1.278 1.325 1.366 1.405 1.443 1.484
  6.864  7.839  8.390  8.700  8.857  8.903  8.861  8.747  8.573  8.347  8.078  7.773  7.438  7.080  6.717  6.366
 0.504 0.662 0.776 0.866 0.946 1.018 1.084 1.147 1.206 1.261 1.312 1.357 1.398 1.429 1.438 1.427
  7.305  8.115  8.521  8.757  8.880  8.901  8.835  8.698  8.502  8.262  7.984  7.676  7.342  6.983  6.608  6.220
 0.605 0.755 0.832 0.891 0.961 1.034 1.104 1.169 1.227 1.277 1.321 1.360 1.397 1.431 1.462 1.489
  7.153  7.955  8.420  8.757  8.961  9.030  9.005  8.904  8.738  8.524  8.261  7.959  7.623  7.254  6.868  6.475
 0.650 0.772 0.800 0.847 0.919 0.993 1.059 1.122 1.181 1.237 1.292 1.344 1.393 1.439 1.485 1.531
  6.509  7.534  8.194  8.608  8.855  8.970  8.984  8.919  8.782  8.583  8.330  8.029  7.691  7.325  6.942  6.547
 0.467 0.594 0.705 0.802 0.890 0.969 1.041 1.107 1.170 1.232 1.291 1.346 1.394 1.435 1.472 1.507
  6.828  7.843  8.315  8.568  8.736  8.835  8.863  8.831  8.755  8.648  8.513  8.355  8.168  7.947  7.689  7.395
 0.555 0.733 0.835 0.880 0.918 0.968 1.022 1.069 1.106 1.135 1.159 1.183 1.214 1.252 1.297 1.343
  7.044  7.938  8.424  8.704  8.860  8.918  8.892  8.799  8.645  8.439  8.188  7.896  7.571  7.221  6.860  6.504
 0.576 0.720 0.810 0.876 0.939 1.003 1.066 1.125 1.182 1.236 1.288 1.337 1.381 1.415 1.433 1.439
  6.251  7.382  8.144  8.642  8.940  9.084  9.108  9.037  8.891  8.685  8.431  8.139  7.813  7.462  7.092  6.706
 0.433 0.557 0.667 0.771 0.866 0.953 1.032 1.105 1.171 1.230 1.283 1.331 1.374 1.414 1.453 1.496
  6.876  7.912  8.452  8.755  8.914  8.961  8.919  8.800  8.619  8.384  8.100  7.776  7.418  7.031  6.630  6.222
 0.519 0.688 0.793 0.867 0.939 1.010 1.079 1.145 1.208 1.269 1.326 1.378 1.426 1.470 1.510 1.549
  6.627  7.638  8.270  8.656  8.871  8.956  8.942  8.849  8.692  8.483  8.231  7.940  7.615  7.256  6.871  6.462
 0.469 0.606 0.722 0.823 0.912 0.992 1.064 1.129 1.188 1.241 1.290 1.336 1.382 1.428 1.474 1.522
  6.667  7.648  8.270  8.658  8.878  8.971  8.960  8.862  8.698  8.475  8.207  7.902  7.566  7.209  6.848  6.494
 0.480 0.612 0.723 0.819 0.906 0.986 1.062 1.132 1.197 1.256 1.308 1.355 1.396 1.425 1.439 1.445
  6.262  7.466  8.150  8.539  8.756  8.855  8.863  8.801  8.678  8.504  8.287  8.033  7.745  7.428  7.081  6.710
 0.464 0.632 0.755 0.840 0.912 0.979 1.041 1.099 1.153 1.203 1.250 1.293 1.334 1.375 1.414 1.453
  6.310  7.345  8.021  8.465  8.742  8.887  8.930  8.889  8.779  8.613  8.400  8.148  7.863  7.548  7.206  6.844
 0.473 0.601 0.704 0.794 0.875 0.950 1.020 1.085 1.143 1.197 1.245 1.290 1.331 1.369 1.406 1.442
  6.906  8.040  8.689  9.032  9.175  9.180  9.087  8.923  8.703  8.441  8.142  7.813  7.457  7.072  6.666  6.245
 0.472 0.627 0.759 0.869 0.962 1.042 1.111 1.174 1.230 1.282 1.330 1.376 1.421 1.466 1.511 1.554
  6.862  7.891  8.330  8.546  8.664  8.688  8.621  8.479  8.287  8.071  7.860  7.654  7.439  7.193  6.908  6.587
 0.549 0.752 0.846 0.893 0.955 1.029 1.102 1.168 1.217 1.238 1.234 1.231 1.248 1.284 1.333 1.386
  6.417  7.461  8.134  8.564  8.818  8.942  8.975  8.944  8.860  8.734  8.559  8.339  8.080  7.775  7.439  7.071
 0.463 0.591 0.700 0.799 0.886 0.961 1.021 1.069 1.111 1.153 1.199 1.248 1.297 1.347 1.396 1.444
  7.000  7.830  8.319  8.649  8.856  8.944  8.928  8.828  8.658  8.433  8.163  7.858  7.526  7.174  6.810  6.436
 0.601 0.725 0.787 0.843 0.913 0.990 1.064 1.134 1.199 1.257 1.308 1.352 1.388 1.417 1.441 1.467
  6.746  7.734  8.307  8.657  8.878  8.994  9.015  8.950  8.811  8.607  8.349  8.044  7.700  7.322  6.923  6.512
 0.526 0.668 0.769 0.836 0.896 0.961 1.030 1.101 1.169 1.233 1.294 1.352 1.405 1.455 1.504 1.552
  6.607  7.623  8.270  8.670  8.904  9.013  9.023  8.947  8.798  8.588  8.326  8.019  7.675  7.299  6.912  6.527
 0.469 0.604 0.716 0.812 0.894 0.970 1.041 1.111 1.177 1.240 1.299 1.355 1.405 1.450 1.487 1.519
  6.844  7.871  8.454  8.760  8.887  8.891  8.806  8.657  8.457  8.214  7.932  7.615  7.263  6.880  6.468  6.033
 0.505 0.659 0.786 0.889 0.973 1.046 1.110 1.167 1.220 1.270 1.320 1.368 1.417 1.466 1.515 1.566
  7.429  8.263  8.661  8.847  8.926  8.929  8.862  8.732  8.549  8.322  8.060  7.766  7.445  7.098  6.730  6.343
 0.607 0.763 0.863 0.927 0.980 1.035 1.095 1.153 1.207 1.254 1.297 1.337 1.374 1.411 1.448 1.484
  6.275  7.400  8.098  8.531  8.785  8.911  8.939  8.884  8.761  8.579  8.347  8.073  7.762  7.421  7.053  6.669
 0.443 0.583 0.702 0.802 0.888 0.963 1.031 1.095 1.156 1.213 1.267 1.317 1.363 1.405 1.445 1.482
  6.546  7.598  8.250  8.619  8.815  8.897  8.892  8.817  8.687  8.513  8.301  8.051  7.766  7.445  7.094  6.716
 0.472 0.615 0.740 0.840 0.919 0.988 1.053 1.111 1.160 1.203 1.245 1.287 1.331 1.377 1.424 1.468
  6.576  7.581  8.217  8.605  8.830  8.937  8.958  8.916  8.825  8.690  8.512  8.288  8.024  7.725  7.394  7.035
 0.469 0.602 0.718 0.818 0.902 0.972 1.031 1.080 1.122 1.164 1.209 1.255 1.302 1.346 1.390 1.433
  7.542  8.183  8.548  8.810  8.957  9.006  8.972  8.869  8.701  8.477  8.205  7.892  7.542  7.161  6.761  6.349
 0.737 0.829 0.833 0.875 0.937 1.000 1.064 1.129 1.193 1.253 1.310 1.363 1.413 1.460 1.507 1.554
  6.640  7.609  8.225  8.618  8.852  8.958  8.962  8.887  8.742  8.542  8.293  8.000  7.670  7.307  6.919  6.517
 0.493 0.625 0.724 0.814 0.898 0.976 1.048 1.114 1.175 1.233 1.287 1.339 1.389 1.436 1.479 1.518
  6.436  7.512  8.202  8.635  8.884  8.990  8.985  8.892  8.727  8.502  8.229  7.916  7.571  7.199  6.810  6.416
 0.456 0.582 0.695 0.797 0.891 0.978 1.057 1.130 1.198 1.259 1.315 1.365 1.409 1.449 1.484 1.507
  6.290  7.408  8.107  8.557  8.829  8.969  8.998  8.939  8.810  8.621  8.387  8.116  7.813  7.481  7.125  6.752
 0.441 0.581 0.692 0.787 0.873 0.953 1.028 1.098 1.162 1.219 1.268 1.312 1.353 1.393 1.432 1.469
  6.576  7.589  8.229  8.626  8.849  8.941  8.931  8.839  8.679  8.461  8.199  7.898  7.565  7.205  6.821  6.418
 0.473 0.606 0.718 0.818 0.908 0.988 1.062 1.130 1.193 1.252 1.304 1.350 1.393 1.433 1.473 1.511
  7.084  8.255  8.975  9.395  9.602  9.646  9.566  9.389  9.138  8.830  8.481  8.106  7.727  7.350  6.977  6.607
 0.474 0.609 0.723 0.830 0.930 1.022 1.105 1.179 1.245 1.302 1.351 1.391 1.426 1.454 1.472 1.486
  6.981  7.927  8.468  8.760  8.886  8.889  8.796  8.630  8.408  8.145  7.851  7.534  7.195  6.837  6.467  6.097
 0.524 0.673 0.791 0.889 0.974 1.050 1.121 1.184 1.240 1.287 1.326 1.361 1.394 1.425 1.452 1.461
  6.789  7.758  8.333  8.683  8.895  8.996  9.001  8.926  8.781  8.575  8.318  8.018  7.679  7.308  6.915  6.516
 0.537 0.673 0.769 0.839 0.905 0.972 1.040 1.107 1.172 1.233 1.292 1.346 1.397 1.444 1.491 1.538
  6.783  7.834  8.437  8.767  8.939  8.999  8.974  8.876  8.716  8.501  8.241  7.940  7.607  7.245  6.862  6.464
 0.474 0.632 0.761 0.856 0.933 1.001 1.066 1.128 1.188 1.244 1.297 1.346 1.391 1.431 1.469 1.508
  6.358  7.416  8.096  8.536  8.809  8.953  8.992  8.940  8.809  8.611  8.357  8.055  7.716  7.346  6.951  6.543
 0.452 0.590 0.700 0.793 0.876 0.952 1.025 1.095 1.164 1.228 1.289 1.345 1.395 1.440 1.481 1.523
  6.895  7.831  8.408  8.747  8.925  8.974  8.928  8.812  8.639  8.429  8.186  7.916  7.618  7.291  6.939  6.560
 0.490 0.627 0.743 0.844 0.934 1.016 1.088 1.149 1.200 1.241 1.277 1.311 1.347 1.386 1.431 1.479
  6.661  7.741  8.390  8.774  8.981  9.058  9.034  8.931  8.764  8.542  8.277  7.976  7.651  7.312  6.968  6.624
 0.464 0.609 0.729 0.829 0.916 0.995 1.067 1.133 1.195 1.251 1.303 1.346 1.378 1.399 1.412 1.425
  6.349  7.446  8.162  8.618  8.878  8.990  8.992  8.909  8.758  8.549  8.293  7.995  7.661  7.294  6.900  6.485
 0.461 0.586 0.696 0.797 0.891 0.974 1.050 1.118 1.180 1.239 1.293 1.345 1.395 1.442 1.487 1.532
  7.057  7.850  8.354  8.685  8.880  8.964  8.953  8.867  8.714  8.504  8.248  7.950  7.621  7.274  6.927  6.596
 0.626 0.715 0.770 0.843 0.916 0.987 1.056 1.122 1.184 1.241 1.296 1.345 1.386 1.412 1.416 1.407
  6.825  7.864  8.403  8.686  8.838  8.898  8.881  8.798  8.653  8.456  8.213  7.926  7.603  7.248  6.865  6.462
 0.516 0.686 0.805 0.880 0.939 0.998 1.058 1.117 1.173 1.228 1.280 1.330 1.379 1.425 1.467 1.507
  6.003  7.151  7.939  8.454  8.773  8.939  8.981  8.925  8.792  8.592  8.337  8.034  7.689  7.308  6.896  6.462
 0.464 0.564 0.670 0.766 0.857 0.944 1.024 1.099 1.167 1.232 1.294 1.352 1.407 1.459 1.508 1.552
  6.663  7.667  8.291  8.669  8.874  8.959  8.953  8.874  8.738  8.548  8.311  8.031  7.714  7.366  6.995  6.604
 0.468 0.606 0.724 0.826 0.915 0.990 1.055 1.113 1.168 1.221 1.273 1.323 1.371 1.414 1.454 1.496
  6.727  7.783  8.401  8.748  8.934  9.005  8.988  8.899  8.746  8.536  8.280  7.979  7.643  7.277  6.885  6.480
 0.486 0.635 0.756 0.849 0.927 0.996 1.059 1.119 1.178 1.235 1.290 1.342 1.391 1.437 1.481 1.524
  6.703  7.689  8.303  8.677  8.880  8.962  8.954  8.879  8.754  8.589  8.389  8.155  7.886  7.584  7.252  6.892
 0.475 0.611 0.727 0.827 0.915 0.991 1.056 1.109 1.152 1.190 1.228 1.266 1.306 1.349 1.393 1.439
  6.643  7.814  8.504  8.893  9.094  9.173  9.160  9.083  8.949  8.761  8.529  8.251  7.934  7.584  7.221  6.852
 0.468 0.618 0.741 0.840 0.919 0.982 1.039 1.094 1.148 1.203 1.258 1.311 1.363 1.412 1.462 1.512
  6.589  7.660  8.301  8.688  8.910  9.008  9.010  8.935  8.792  8.593  8.345  8.052  7.725  7.367  6.987  6.601
 0.454 0.604 0.723 0.821 0.904 0.978 1.046 1.110 1.171 1.228 1.283 1.335 1.383 1.426 1.467 1.508
  6.971  8.008  8.623  8.973  9.137  9.162  9.082  8.925  8.712  8.461  8.181  7.880  7.565  7.240  6.907  6.563
 0.518 0.655 0.766 0.863 0.951 1.033 1.106 1.168 1.220 1.263 1.299 1.330 1.356 1.376 1.395 1.419
  6.698  7.682  8.289  8.654  8.853  8.932  8.919  8.831  8.676  8.469  8.226  7.960  7.675  7.372  7.048  6.704
 0.474 0.614 0.732 0.833 0.920 0.995 1.063 1.127 1.187 1.238 1.277 1.305 1.329 1.355 1.386 1.418
  6.781  7.770  8.333  8.639  8.796  8.860  8.848  8.768  8.624  8.424  8.180  7.896  7.579  7.232  6.857  6.458
 0.518 0.672 0.792 0.881 0.946 1.000 1.055 1.112 1.170 1.225 1.276 1.323 1.368 1.411 1.454 1.499
  6.555  7.593  8.264  8.689  8.940  9.056  9.060  8.976  8.817  8.595  8.322  8.004  7.648  7.259  6.848  6.425
 0.460 0.590 0.700 0.797 0.886 0.969 1.047 1.120 1.189 1.254 1.314 1.371 1.423 1.473 1.520 1.567
  6.632  7.659  8.284  8.656  8.861  8.942  8.929  8.845  8.703  8.516  8.293  8.040  7.763  7.463  7.146  6.808
 0.473 0.616 0.734 0.832 0.917 0.993 1.059 1.117 1.169 1.213 1.251 1.285 1.317 1.347 1.377 1.413
  6.829  7.854  8.422  8.727  8.885  8.944  8.916  8.820  8.663  8.454  8.205  7.917  7.596  7.247  6.875  6.487
 0.509 0.664 0.786 0.870 0.937 1.002 1.066 1.127 1.184 1.237 1.286 1.331 1.375 1.415 1.453 1.491
  7.010  8.059  8.625  8.939  9.118  9.186  9.158  9.054  8.880  8.654  8.380  8.064  7.713  7.331  6.934  6.527
 0.522 0.684 0.792 0.862 0.923 0.991 1.060 1.126 1.188 1.246 1.302 1.355 1.406 1.457 1.508 1.558
  6.429  7.522  8.191  8.605  8.838  8.936  8.930  8.841  8.687  8.478  8.225  7.933  7.605  7.245  6.858  6.450
 0.448 0.591 0.710 0.813 0.905 0.987 1.060 1.126 1.185 1.239 1.289 1.336 1.383 1.430 1.473 1.511
  6.505  7.567  8.253  8.688  8.939  9.040  9.028  8.931  8.767  8.551  8.295  8.009  7.701  7.378  7.043  6.695
 0.459 0.590 0.701 0.802 0.898 0.984 1.061 1.129 1.189 1.243 1.288 1.326 1.355 1.377 1.399 1.426
  6.608  7.555  8.173  8.575  8.813  8.921  8.930  8.857  8.718  8.525  8.283  8.005  7.701  7.389  7.086  6.793
 0.495 0.622 0.724 0.814 0.898 0.975 1.047 1.111 1.171 1.227 1.278 1.322 1.353 1.361 1.353 1.349
  6.632  7.607  8.230  8.614  8.826  8.910  8.896  8.807  8.657  8.456  8.211  7.929  7.619  7.286  6.934  6.563
 0.494 0.621 0.727 0.825 0.915 0.994 1.063 1.125 1.182 1.234 1.283 1.326 1.362 1.394 1.425 1.459
  6.916  7.784  8.317  8.667  8.867  8.947  8.928  8.832  8.671  8.453  8.190  7.884  7.542  7.168  6.765  6.339
 0.573 0.693 0.758 0.839 0.919 0.995 1.065 1.131 1.192 1.250 1.305 1.356 1.405 1.454 1.502 1.550
  6.696  7.708  8.342  8.725  8.933  9.006  8.972  8.855  8.667  8.423  8.132  7.802  7.438  7.048  6.644  6.235
 0.468 0.603 0.719 0.822 0.915 1.001 1.080 1.153 1.220 1.281 1.337 1.388 1.435 1.477 1.516 1.551
  7.032  8.146  8.743  9.062  9.227  9.270  9.213  9.077  8.879  8.630  8.342  8.022  7.680  7.316  6.938  6.553
 0.503 0.669 0.782 0.863 0.938 1.014 1.085 1.150 1.208 1.262 1.312 1.356 1.398 1.434 1.467 1.500
  6.668  7.669  8.291  8.658  8.852  8.921  8.898  8.809  8.664  8.471  8.245  7.994  7.724  7.438  7.136  6.822
 0.477 0.612 0.730 0.834 0.925 1.003 1.069 1.126 1.177 1.223 1.259 1.287 1.311 1.333 1.355 1.375
  6.987  7.922  8.455  8.744  8.871  8.879  8.796  8.642  8.429  8.167  7.866  7.531  7.171  6.798  6.426  6.062
 0.532 0.682 0.798 0.893 0.973 1.046 1.112 1.174 1.232 1.287 1.337 1.383 1.420 1.443 1.450 1.449
  6.349  7.348  8.021  8.520  8.893  9.118  9.202  9.170  9.044  8.848  8.601  8.319  8.016  7.696  7.365  7.021
 0.475 0.604 0.697 0.764 0.833 0.914 0.996 1.075 1.146 1.208 1.258 1.296 1.327 1.355 1.384 1.411
  6.833  7.867  8.476  8.818  8.974  8.996  8.916  8.756  8.539  8.277  7.984  7.669  7.335  6.986  6.640  6.315
 0.480 0.633 0.756 0.861 0.954 1.037 1.113 1.182 1.241 1.290 1.329 1.361 1.390 1.412 1.416 1.394
  6.296  7.240  7.880  8.349  8.686  8.895  8.989  8.986  8.897  8.740  8.523  8.257  7.948  7.602  7.224  6.824
 0.489 0.621 0.708 0.772 0.837 0.909 0.982 1.054 1.124 1.189 1.250 1.306 1.360 1.410 1.457 1.500
  6.390  7.372  8.005  8.420  8.692  8.852  8.918  8.907  8.825  8.685  8.494  8.256  7.977  7.660  7.308  6.927
 0.483 0.615 0.720 0.803 0.874 0.939 1.001 1.060 1.117 1.172 1.224 1.274 1.324 1.373 1.421 1.468
  6.333  7.683  8.281  8.576  8.760  8.861  8.874  8.806  8.664  8.463  8.210  7.914  7.585  7.224  6.838  6.435
 0.473 0.694 0.823 0.874 0.913 0.970 1.037 1.105 1.171 1.232 1.289 1.340 1.387 1.430 1.470 1.506
  6.753  7.848  8.518  8.905  9.087  9.120  9.044  8.890  8.680  8.427  8.142  7.829  7.492  7.131  6.749  6.345
 0.456 0.600 0.728 0.842 0.943 1.032 1.108 1.172 1.226 1.273 1.315 1.355 1.394 1.432 1.471 1.512
  6.028  7.361  8.124  8.562  8.831  8.961  8.982  8.913  8.768  8.563  8.305  8.008  7.681  7.331  6.973  6.614
 0.414 0.575 0.711 0.796 0.877 0.958 1.035 1.108 1.175 1.238 1.294 1.343 1.383 1.412 1.433 1.452
  6.490  7.554  8.239  8.648  8.864  8.939  8.910  8.804  8.635  8.416  8.156  7.862  7.537  7.190  6.839  6.498
 0.470 0.599 0.718 0.825 0.919 1.000 1.073 1.138 1.197 1.249 1.297 1.341 1.381 1.410 1.419 1.414
  6.900  7.955  8.436  8.689  8.848  8.922  8.907  8.814  8.656  8.443  8.185  7.895  7.581  7.250  6.909  6.565
 0.526 0.721 0.831 0.878 0.928 0.992 1.059 1.125 1.186 1.243 1.292 1.332 1.363 1.387 1.405 1.426
  6.905  8.026  8.665  9.001  9.140  9.144  9.057  8.909  8.720  8.496  8.245  7.964  7.655  7.319  6.956  6.570
 0.489 0.645 0.772 0.877 0.966 1.040 1.101 1.151 1.194 1.233 1.273 1.314 1.355 1.396 1.436 1.478
  6.724  7.702  8.307  8.669  8.862  8.931  8.901  8.797  8.630  8.407  8.136  7.823  7.476  7.100  6.702  6.284
 0.475 0.615 0.734 0.837 0.927 1.007 1.077 1.140 1.200 1.256 1.311 1.362 1.409 1.451 1.493 1.536
  6.706  7.697  8.339  8.738  8.960  9.049  9.031  8.931  8.762  8.537  8.267  7.958  7.617  7.252  6.870  6.477
 0.478 0.607 0.716 0.815 0.906 0.988 1.064 1.133 1.197 1.255 1.309 1.358 1.400 1.437 1.472 1.510
  6.423  7.503  8.178  8.599  8.838  8.941  8.939  8.850  8.692  8.478  8.217  7.916  7.581  7.218  6.836  6.444
 0.459 0.593 0.708 0.808 0.898 0.981 1.057 1.127 1.190 1.248 1.301 1.351 1.397 1.436 1.468 1.494
  6.979  7.837  8.317  8.618  8.798  8.876  8.870  8.797  8.667  8.486  8.261  7.997  7.696  7.364  7.003  6.621
 0.577 0.725 0.814 0.870 0.929 0.990 1.049 1.105 1.158 1.209 1.258 1.305 1.350 1.394 1.435 1.471
  4.872  6.098  7.335  8.068  8.505  8.770  8.907  8.937  8.882  8.753  8.564  8.323  8.036  7.709  7.346  6.951
 0.547 0.505 0.610 0.729 0.813 0.883 0.954 1.025 1.094 1.158 1.219 1.276 1.332 1.385 1.437 1.486
  6.077  7.254  8.015  8.504  8.798  8.952  8.995  8.951  8.835  8.657  8.426  8.151  7.835  7.485  7.109  6.718
 0.424 0.557 0.670 0.771 0.863 0.945 1.018 1.086 1.149 1.209 1.266 1.319 1.369 1.417 1.460 1.491
  6.825  7.912  8.610  9.031  9.248  9.312  9.259  9.117  8.906  8.639  8.329  7.979  7.600  7.196  6.776  6.350
 0.464 0.595 0.711 0.819 0.918 1.007 1.087 1.159 1.224 1.284 1.340 1.392 1.443 1.493 1.542 1.592
  6.636  7.645  8.297  8.714  8.952  9.047  9.030  8.925  8.750  8.520  8.242  7.928  7.581  7.209  6.817  6.413
 0.472 0.603 0.712 0.810 0.902 0.987 1.066 1.137 1.201 1.260 1.314 1.363 1.408 1.448 1.487 1.523
  6.437  7.484  8.181  8.621  8.864  8.955  8.932  8.823  8.649  8.422  8.149  7.835  7.483  7.101  6.697  6.277
 0.472 0.597 0.707 0.810 0.907 0.995 1.072 1.140 1.199 1.255 1.308 1.360 1.409 1.454 1.493 1.528
  6.658  7.731  8.393  8.789  8.989  9.041  8.984  8.846  8.645  8.397  8.108  7.783  7.427  7.043  6.639  6.223
 0.479 0.623 0.734 0.836 0.931 1.017 1.094 1.161 1.220 1.274 1.324 1.373 1.420 1.463 1.501 1.535
  6.628  7.658  8.303  8.700  8.917  8.997  8.971  8.858  8.675  8.434  8.146  7.820  7.459  7.071  6.666  6.255
 0.463 0.598 0.714 0.816 0.910 0.996 1.076 1.149 1.216 1.278 1.334 1.385 1.432 1.474 1.510 1.538
  7.288  8.266  8.759  9.023  9.145  9.156  9.062  8.887  8.648  8.358  8.030  7.674  7.300  6.913  6.516  6.111
 0.548 0.716 0.820 0.893 0.964 1.041 1.116 1.185 1.247 1.303 1.353 1.398 1.436 1.470 1.499 1.529
  7.227  8.467  9.245  9.710  9.958 10.045 10.012  9.889  9.694  9.438  9.128  8.770  8.378  7.959  7.520  7.072
 0.431 0.571 0.696 0.806 0.905 0.993 1.069 1.134 1.193 1.248 1.303 1.358 1.415 1.474 1.534 1.594
  6.932  8.125  8.849  9.257  9.449  9.485  9.403  9.236  9.005  8.725  8.409  8.066  7.707  7.331  6.940  6.534
 0.446 0.593 0.723 0.837 0.938 1.026 1.104 1.171 1.230 1.281 1.326 1.369 1.411 1.452 1.491 1.530
  6.688  7.711  8.347  8.726  8.932  9.007  8.979  8.872  8.699  8.473  8.200  7.888  7.543  7.175  6.803  6.438
 0.467 0.605 0.724 0.826 0.917 0.999 1.073 1.141 1.203 1.259 1.313 1.362 1.408 1.440 1.454 1.457
  6.293  7.423  8.138  8.593  8.858  8.981  8.994  8.916  8.765  8.554  8.294  7.997  7.668  7.314  6.943  6.564
 0.436 0.572 0.687 0.788 0.881 0.965 1.043 1.116 1.183 1.244 1.298 1.346 1.387 1.423 1.454 1.478
  6.838  7.859  8.433  8.761  8.939  9.004  8.977  8.871  8.696  8.465  8.185  7.862  7.503  7.114  6.715  6.312
 0.508 0.659 0.769 0.853 0.926 0.997 1.068 1.137 1.202 1.263 1.321 1.375 1.425 1.471 1.514 1.557
  5.842  7.162  7.964  8.454  8.745  8.900  8.957  8.931  8.835  8.681  8.471  8.215  7.916  7.578  7.208  6.811
 0.409 0.551 0.678 0.782 0.867 0.941 1.007 1.069 1.129 1.186 1.241 1.295 1.348 1.399 1.448 1.493
  6.652  7.745  8.392  8.763  8.961  9.036  9.017  8.931  8.793  8.621  8.420  8.180  7.899  7.577  7.220  6.835
 0.483 0.626 0.741 0.836 0.917 0.991 1.057 1.115 1.161 1.197 1.231 1.271 1.319 1.370 1.424 1.479
  6.813  7.872  8.468  8.768  8.905  8.962  8.959  8.897  8.775  8.591  8.355  8.072  7.746  7.385  6.994  6.590
 0.491 0.649 0.784 0.883 0.946 0.991 1.038 1.092 1.150 1.210 1.269 1.326 1.380 1.431 1.479 1.526
  6.554  7.609  8.268  8.665  8.881  8.970  8.968  8.895  8.772  8.605  8.399  8.159  7.880  7.571  7.232  6.864
 0.457 0.594 0.715 0.820 0.910 0.986 1.051 1.106 1.152 1.194 1.234 1.275 1.317 1.359 1.403 1.447
  7.032  7.845  8.380  8.715  8.894  8.953  8.918  8.812  8.652  8.448  8.208  7.934  7.625  7.284  6.916  6.521
 0.624 0.696 0.763 0.849 0.932 1.008 1.077 1.137 1.188 1.233 1.274 1.316 1.358 1.402 1.447 1.491
  6.455  7.516  8.193  8.617  8.859  8.959  8.951  8.856  8.691  8.468  8.197  7.887  7.545  7.179  6.803  6.426
 0.454 0.586 0.700 0.802 0.896 0.982 1.060 1.131 1.197 1.257 1.312 1.361 1.405 1.439 1.462 1.477
  6.675  7.692  8.320  8.702  8.914  8.996  8.978  8.879  8.711  8.486  8.212  7.898  7.550  7.179  6.793  6.400
 0.466 0.605 0.722 0.823 0.912 0.993 1.066 1.134 1.198 1.259 1.316 1.367 1.411 1.447 1.476 1.505
  6.097  7.286  8.026  8.467  8.758  8.915  8.966  8.931  8.817  8.639  8.404  8.120  7.798  7.444  7.067  6.669
 0.445 0.580 0.707 0.784 0.864 0.941 1.013 1.081 1.147 1.211 1.272 1.328 1.378 1.422 1.464 1.505
  6.553  7.582  8.229  8.624  8.843  8.928  8.911  8.813  8.651  8.437  8.180  7.884  7.555  7.196  6.814  6.411
 0.466 0.601 0.717 0.819 0.911 0.993 1.068 1.135 1.195 1.248 1.298 1.345 1.390 1.432 1.474 1.518
  6.143  7.333  8.103  8.587  8.875  9.012  9.033  8.962  8.814  8.605  8.345  8.040  7.704  7.346  6.981  6.613
 0.418 0.551 0.668 0.773 0.867 0.954 1.035 1.109 1.178 1.241 1.300 1.352 1.395 1.428 1.453 1.480
  7.445  8.050  8.450  8.730  8.884  8.934  8.893  8.777  8.595  8.357  8.075  7.754  7.402  7.025  6.630  6.220
 0.713 0.792 0.809 0.869 0.941 1.012 1.082 1.149 1.213 1.272 1.326 1.375 1.418 1.457 1.496 1.537
  6.501  7.520  8.183  8.609  8.861  8.979  8.987  8.908  8.756  8.542  8.277  7.970  7.626  7.253  6.859  6.453
 0.471 0.600 0.706 0.801 0.888 0.969 1.046 1.118 1.185 1.247 1.305 1.358 1.407 1.449 1.487 1.524
  6.516  7.506  8.148  8.573  8.836  8.971  9.002  8.953  8.833  8.654  8.425  8.148  7.833  7.483  7.102  6.707
 0.476 0.614 0.714 0.801 0.882 0.956 1.024 1.087 1.148 1.207 1.262 1.316 1.367 1.416 1.463 1.505
  6.398  7.336  7.942  8.340  8.600  8.762  8.842  8.848  8.784  8.657  8.472  8.237  7.959  7.644  7.300  6.931
 0.493 0.626 0.732 0.817 0.884 0.939 0.992 1.047 1.105 1.162 1.219 1.273 1.323 1.369 1.410 1.447
  7.009  7.984  8.556  8.857  8.968  8.944  8.821  8.627  8.392  8.171  8.014  7.891  7.737  7.522  7.244  6.911
 0.524 0.665 0.785 0.893 0.987 1.071 1.145 1.207 1.243 1.224 1.166 1.149 1.183 1.241 1.305 1.369
  6.921  8.055  8.735  9.113  9.283  9.307  9.228  9.070  8.851  8.587  8.285  7.954  7.597  7.216  6.815  6.397
 0.465 0.612 0.740 0.851 0.946 1.030 1.103 1.167 1.223 1.274 1.321 1.365 1.411 1.456 1.502 1.549
  6.617  7.606  8.237  8.629  8.859  8.961  8.964  8.888  8.744  8.546  8.302  8.019  7.706  7.365  7.004  6.626
 0.475 0.608 0.720 0.815 0.900 0.978 1.049 1.114 1.175 1.230 1.281 1.327 1.367 1.404 1.440 1.476
  6.768  7.811  8.406  8.738  8.904  8.958  8.923  8.814  8.641  8.413  8.139  7.823  7.471  7.089  6.685  6.272
 0.499 0.651 0.770 0.862 0.938 1.007 1.073 1.138 1.200 1.259 1.315 1.368 1.418 1.464 1.504 1.534
  6.108  7.166  7.883  8.412  8.780  8.985  9.057  9.028  8.919  8.748  8.528  8.262  7.958  7.619  7.248  6.849
 0.455 0.581 0.676 0.754 0.838 0.923 1.001 1.070 1.133 1.191 1.245 1.297 1.348 1.398 1.448 1.498
  6.553  7.608  8.266  8.670  8.890  8.974  8.954  8.848  8.672  8.440  8.158  7.835  7.477  7.088  6.676  6.254
 0.465 0.596 0.712 0.815 0.909 0.994 1.071 1.142 1.208 1.270 1.327 1.380 1.429 1.475 1.517 1.552
  6.643  7.596  8.193  8.566  8.785  8.891  8.914  8.876  8.788  8.657  8.484  8.272  8.022  7.739  7.425  7.082
 0.486 0.625 0.733 0.825 0.905 0.973 1.029 1.076 1.119 1.160 1.202 1.244 1.286 1.327 1.368 1.411
  7.093  7.951  8.435  8.701  8.843  8.901  8.886  8.802  8.659  8.460  8.212  7.924  7.599  7.245  6.877  6.509
 0.592 0.718 0.813 0.886 0.946 1.001 1.057 1.114 1.172 1.228 1.283 1.334 1.380 1.420 1.445 1.452
  6.724  7.809  8.409  8.758  8.959  9.056  9.064  8.997  8.870  8.687  8.456  8.180  7.864  7.512  7.140  6.757
 0.505 0.663 0.769 0.840 0.906 0.971 1.035 1.095 1.152 1.207 1.262 1.315 1.366 1.415 1.461 1.504
  6.263  7.386  8.102  8.538  8.790  8.916  8.945  8.895  8.778  8.601  8.371  8.095  7.778  7.426  7.044  6.637
 0.459 0.589 0.708 0.807 0.890 0.962 1.027 1.089 1.149 1.208 1.264 1.319 1.370 1.420 1.466 1.509
  5.477  7.029  7.907  8.417  8.717  8.882  8.948  8.933  8.846  8.693  8.484  8.224  7.919  7.577  7.199  6.797
 0.423 0.567 0.701 0.795 0.869 0.933 0.994 1.055 1.118 1.180 1.240 1.298 1.352 1.405 1.455 1.505
  7.143  8.044  8.431  8.686  8.865  8.942  8.921  8.823  8.661  8.446  8.188  7.894  7.573  7.227  6.860  6.475
 0.592 0.772 0.831 0.860 0.922 0.995 1.066 1.131 1.191 1.246 1.296 1.339 1.377 1.412 1.447 1.487
  7.565  8.122  8.411  8.670  8.851  8.929  8.915  8.826  8.673  8.464  8.211  7.920  7.597  7.248  6.880  6.501
 0.723 0.849 0.840 0.858 0.921 0.991 1.059 1.123 1.184 1.239 1.290 1.336 1.378 1.416 1.451 1.483
  6.552  7.585  8.222  8.616  8.837  8.930  8.920  8.823  8.659  8.434  8.159  7.842  7.488  7.105  6.700  6.283
 0.460 0.604 0.722 0.822 0.910 0.989 1.062 1.131 1.196 1.258 1.316 1.370 1.419 1.463 1.502 1.540
  6.520  7.815  8.708  9.272  9.594  9.736  9.736  9.628  9.434  9.172  8.856  8.497  8.110  7.712  7.309  6.900
 0.430 0.540 0.654 0.766 0.870 0.965 1.050 1.127 1.196 1.258 1.314 1.363 1.409 1.453 1.496 1.536
  6.488  7.514  8.183  8.617  8.880  9.004  9.018  8.946  8.802  8.601  8.353  8.063  7.740  7.389  7.017  6.629
 0.465 0.593 0.698 0.791 0.879 0.962 1.039 1.110 1.173 1.232 1.285 1.333 1.377 1.419 1.461 1.503
  6.282  7.304  7.933  8.337  8.604  8.777  8.869  8.885  8.839  8.738  8.590  8.400  8.169  7.900  7.594  7.253
 0.461 0.603 0.720 0.809 0.875 0.931 0.985 1.036 1.085 1.131 1.175 1.220 1.266 1.312 1.359 1.407
  6.950  7.988  8.559  8.873  9.031  9.071  9.020  8.893  8.707  8.480  8.236  8.003  7.786  7.571  7.341  7.083
 0.519 0.674 0.787 0.871 0.943 1.014 1.082 1.146 1.203 1.246 1.264 1.255 1.242 1.246 1.270 1.305
  6.833  7.788  8.380  8.745  8.940  9.013  8.989  8.888  8.723  8.501  8.232  7.923  7.580  7.209  6.822  6.426
 0.543 0.672 0.765 0.849 0.926 0.996 1.062 1.126 1.187 1.245 1.301 1.352 1.401 1.444 1.480 1.510
  6.622  7.630  8.218  8.557  8.751  8.854  8.889  8.868  8.788  8.651  8.465  8.233  7.963  7.659  7.323  6.958
 0.514 0.663 0.770 0.852 0.916 0.969 1.017 1.065 1.115 1.166 1.215 1.263 1.309 1.354 1.398 1.443
  6.752  7.727  8.323  8.676  8.863  8.928  8.896  8.789  8.619  8.396  8.128  7.823  7.485  7.121  6.735  6.337
 0.481 0.620 0.740 0.841 0.930 1.008 1.079 1.144 1.203 1.259 1.311 1.358 1.401 1.440 1.475 1.501
  6.794  7.749  8.362  8.727  8.912  8.968  8.925  8.804  8.621  8.384  8.106  7.795  7.458  7.101  6.733  6.371
 0.519 0.626 0.734 0.840 0.932 1.013 1.086 1.153 1.214 1.269 1.318 1.361 1.397 1.427 1.447 1.452
  6.494  7.550  8.217  8.634  8.872  8.977  8.981  8.905  8.769  8.586  8.363  8.106  7.818  7.503  7.167  6.817
 0.461 0.595 0.709 0.808 0.896 0.976 1.047 1.110 1.164 1.211 1.254 1.294 1.333 1.369 1.401 1.430
  6.748  7.765  8.381  8.741  8.929  8.987  8.943  8.816  8.623  8.376  8.086  7.760  7.410  7.048  6.684  6.318
 0.469 0.615 0.735 0.837 0.928 1.011 1.089 1.160 1.226 1.285 1.337 1.382 1.415 1.435 1.447 1.463
  6.922  7.855  8.385  8.695  8.866  8.930  8.904  8.810  8.663  8.471  8.239  7.967  7.665  7.342  7.006  6.663
 0.549 0.696 0.796 0.870 0.935 1.001 1.066 1.124 1.173 1.219 1.264 1.306 1.342 1.369 1.388 1.408
  6.931  7.859  8.397  8.714  8.884  8.945  8.912  8.800  8.622  8.389  8.115  7.809  7.480  7.135  6.782  6.417
 0.524 0.667 0.772 0.858 0.936 1.008 1.078 1.144 1.207 1.263 1.312 1.352 1.383 1.407 1.431 1.461
  6.897  7.839  8.380  8.697  8.872  8.934  8.902  8.792  8.619  8.397  8.136  7.844  7.527  7.188  6.830  6.460
 0.523 0.672 0.779 0.860 0.933 1.005 1.075 1.141 1.201 1.253 1.298 1.336 1.371 1.403 1.435 1.463
  7.015  7.968  8.444  8.715  8.860  8.901  8.857  8.741  8.568  8.346  8.084  7.787  7.459  7.104  6.733  6.375
 0.562 0.725 0.812 0.877 0.948 1.019 1.085 1.147 1.204 1.255 1.302 1.346 1.388 1.426 1.448 1.432
  6.342  7.380  8.064  8.509  8.780  8.914  8.954  8.927  8.847  8.722  8.551  8.334  8.077  7.781  7.452  7.094
 0.465 0.587 0.690 0.785 0.874 0.952 1.017 1.068 1.112 1.156 1.202 1.250 1.298 1.346 1.394 1.441
  6.320  7.393  8.126  8.616  8.918  9.060  9.087  9.024  8.885  8.688  8.441  8.154  7.835  7.488  7.122  6.740
 0.456 0.577 0.677 0.774 0.868 0.953 1.030 1.099 1.163 1.222 1.276 1.323 1.367 1.407 1.446 1.488
  6.799  7.813  8.406  8.743  8.915  8.965  8.918  8.795  8.609  8.374  8.103  7.809  7.504  7.194  6.876  6.546
 0.482 0.630 0.751 0.851 0.937 1.015 1.088 1.155 1.216 1.268 1.310 1.338 1.353 1.363 1.379 1.404
  7.104  8.141  8.633  8.876  8.987  9.003  8.936  8.804  8.617  8.382  8.110  7.810  7.490  7.150  6.791  6.414
 0.545 0.725 0.837 0.905 0.964 1.027 1.089 1.149 1.206 1.259 1.306 1.343 1.374 1.403 1.434 1.470
  5.828  7.014  7.804  8.322  8.655  8.849  8.939  8.945  8.875  8.741  8.549  8.306  8.019  7.694  7.342  6.974
 0.432 0.558 0.665 0.761 0.844 0.918 0.984 1.046 1.107 1.166 1.224 1.280 1.333 1.380 1.419 1.451
  7.060  8.037  8.546  8.824  8.957  8.981  8.917  8.782  8.588  8.346  8.064  7.750  7.408  7.039  6.647  6.232
 0.542 0.698 0.801 0.881 0.956 1.029 1.097 1.162 1.222 1.276 1.325 1.368 1.407 1.446 1.487 1.533
  6.724  7.869  8.550  8.916  9.085  9.129  9.088  8.984  8.818  8.601  8.338  8.032  7.694  7.325  6.946  6.565
 0.457 0.607 0.741 0.852 0.938 1.006 1.066 1.124 1.183 1.240 1.296 1.347 1.396 1.442 1.486 1.526
  6.613  7.597  8.211  8.595  8.825  8.946  8.979  8.943  8.847  8.691  8.488  8.241  7.955  7.642  7.302  6.946
 0.475 0.613 0.726 0.818 0.896 0.961 1.020 1.074 1.127 1.180 1.231 1.280 1.324 1.363 1.400 1.438
  7.057  7.964  8.463  8.743  8.882  8.908  8.846  8.716  8.528  8.296  8.025  7.723  7.395  7.044  6.669  6.269
 0.546 0.699 0.803 0.883 0.958 1.030 1.097 1.158 1.214 1.265 1.311 1.350 1.386 1.422 1.461 1.505
  6.442  7.377  7.998  8.432  8.731  8.915  8.998  8.997  8.917  8.773  8.577  8.330  8.044  7.722  7.374  7.020
 0.496 0.626 0.718 0.790 0.854 0.918 0.984 1.048 1.110 1.169 1.225 1.278 1.327 1.374 1.419 1.464
  6.767  7.742  8.354  8.717  8.902  8.958  8.916  8.800  8.623  8.398  8.133  7.832  7.497  7.133  6.742  6.330
 0.495 0.628 0.741 0.842 0.931 1.012 1.084 1.149 1.206 1.258 1.306 1.351 1.396 1.440 1.485 1.533
  7.241  8.228  8.769  9.055  9.183  9.189  9.105  8.955  8.756  8.523  8.253  7.955  7.628  7.270  6.885  6.490
 0.544 0.694 0.802 0.888 0.966 1.039 1.101 1.154 1.199 1.242 1.285 1.329 1.375 1.422 1.468 1.515
  6.994  8.051  8.620  8.922  9.069  9.099  9.047  8.928  8.752  8.534  8.276  7.986  7.670  7.326  6.963  6.585
 0.528 0.686 0.796 0.877 0.949 1.017 1.078 1.136 1.190 1.240 1.287 1.328 1.367 1.406 1.445 1.487
  6.484  7.434  8.021  8.389  8.630  8.780  8.853  8.856  8.796  8.679  8.513  8.304  8.055  7.771  7.453  7.103
 0.489 0.629 0.740 0.827 0.892 0.946 0.997 1.049 1.099 1.148 1.196 1.241 1.286 1.331 1.375 1.420
  6.941  7.923  8.483  8.778  8.906  8.918  8.843  8.700  8.499  8.249  7.958  7.630  7.274  6.893  6.493  6.080
 0.501 0.654 0.782 0.885 0.969 1.041 1.107 1.168 1.227 1.282 1.334 1.381 1.424 1.462 1.498 1.533
  6.830  7.955  8.628  9.003  9.176  9.198  9.108  8.933  8.692  8.401  8.072  7.712  7.330  6.930  6.517  6.097
 0.465 0.616 0.745 0.854 0.949 1.035 1.113 1.183 1.248 1.306 1.359 1.407 1.450 1.487 1.522 1.558
  6.640  7.654  8.294  8.683  8.897  8.980  8.967  8.876  8.720  8.514  8.268  7.997  7.708  7.401  7.079  6.736
 0.465 0.600 0.717 0.821 0.911 0.990 1.061 1.127 1.186 1.238 1.280 1.311 1.335 1.358 1.387 1.423
  6.889  7.879  8.483  8.827  8.990  9.018  8.944  8.790  8.573  8.305  7.994  7.649  7.275  6.878  6.467  6.048
 0.481 0.619 0.741 0.851 0.948 1.035 1.114 1.185 1.249 1.307 1.360 1.408 1.450 1.489 1.523 1.555
  6.996  7.957  8.487  8.757  8.862  8.858  8.773  8.624  8.422  8.176  7.893  7.572  7.223  6.844  6.442  6.029
 0.515 0.675 0.804 0.906 0.987 1.052 1.110 1.164 1.216 1.266 1.314 1.361 1.406 1.450 1.496 1.546
  6.517  7.535  8.193  8.609  8.843  8.952  8.960  8.883  8.738  8.534  8.279  7.983  7.650  7.285  6.895  6.489
 0.471 0.605 0.716 0.816 0.899 0.975 1.046 1.114 1.177 1.236 1.291 1.343 1.392 1.437 1.477 1.511
  7.120  8.286  9.024  9.451  9.658  9.697  9.605  9.413  9.140  8.802  8.414  7.989  7.556  7.116  6.673  6.227
 0.449 0.584 0.710 0.826 0.932 1.028 1.116 1.195 1.268 1.334 1.394 1.450 1.506 1.561 1.616 1.671
  7.046  8.173  8.558  8.795  8.969  9.032  8.999  8.886  8.708  8.477  8.198  7.880  7.530  7.151  6.754  6.349
 0.536 0.772 0.848 0.861 0.925 1.001 1.072 1.139 1.202 1.262 1.317 1.368 1.416 1.458 1.496 1.535
  6.361  7.423  8.092  8.512  8.764  8.891  8.923  8.878  8.763  8.583  8.348  8.064  7.742  7.391  7.022  6.647
 0.459 0.593 0.708 0.805 0.890 0.964 1.030 1.091 1.152 1.211 1.268 1.321 1.369 1.408 1.436 1.450
  7.029  7.961  8.478  8.755  8.893  8.939  8.905  8.799  8.625  8.394  8.117  7.803  7.464  7.106  6.735  6.349
 0.538 0.690 0.805 0.890 0.955 1.012 1.071 1.134 1.196 1.255 1.309 1.354 1.391 1.421 1.450 1.485
  6.626  7.626  8.257  8.647  8.870  8.967  8.963  8.879  8.726  8.515  8.257  7.956  7.619  7.253  6.859  6.457
 0.473 0.609 0.722 0.819 0.905 0.982 1.054 1.121 1.184 1.242 1.297 1.348 1.396 1.441 1.485 1.528
  6.526  7.580  8.234  8.651  8.900  9.010  9.016  8.939  8.791  8.589  8.341  8.051  7.731  7.383  7.014  6.627
 0.463 0.600 0.706 0.801 0.889 0.971 1.046 1.114 1.176 1.233 1.285 1.332 1.375 1.414 1.455 1.500
  6.707  7.702  8.302  8.654  8.839  8.902  8.875  8.771  8.606  8.388  8.121  7.814  7.470  7.097  6.711  6.322
 0.485 0.629 0.747 0.846 0.931 1.005 1.072 1.135 1.193 1.250 1.304 1.357 1.405 1.447 1.479 1.503
  6.982  7.858  8.364  8.664  8.831  8.896  8.878  8.795  8.657  8.473  8.249  7.984  7.687  7.358  7.000  6.615
 0.566 0.700 0.794 0.869 0.936 1.001 1.062 1.116 1.165 1.212 1.258 1.303 1.346 1.388 1.431 1.477
  6.832  7.809  8.388  8.715  8.870  8.903  8.848  8.731  8.572  8.383  8.174  7.945  7.694  7.421  7.125  6.812
 0.479 0.628 0.753 0.860 0.952 1.031 1.096 1.148 1.188 1.217 1.240 1.263 1.289 1.318 1.345 1.369
  7.381  8.079  8.488  8.757  8.918  8.976  8.946  8.844  8.679  8.460  8.196  7.894  7.563  7.212  6.852  6.486
 0.686 0.781 0.822 0.869 0.934 1.003 1.069 1.132 1.192 1.249 1.302 1.349 1.388 1.417 1.440 1.463
  6.786  7.740  8.325  8.674  8.858  8.916  8.880  8.768  8.593  8.367  8.096  7.788  7.447  7.076  6.680  6.263
 0.486 0.624 0.741 0.843 0.933 1.012 1.084 1.149 1.208 1.263 1.314 1.361 1.407 1.451 1.493 1.536
  6.666  7.741  8.294  8.634  8.853  8.967  8.980  8.905  8.758  8.548  8.286  7.981  7.637  7.260  6.863  6.457
 0.520 0.691 0.783 0.835 0.895 0.965 1.039 1.110 1.177 1.239 1.297 1.352 1.403 1.452 1.499 1.546
  6.947  7.887  8.444  8.764  8.926  8.968  8.916  8.789  8.596  8.352  8.065  7.739  7.384  6.999  6.596  6.180
 0.535 0.664 0.768 0.859 0.942 1.018 1.091 1.158 1.221 1.279 1.331 1.379 1.424 1.467 1.511 1.557
  6.694  7.775  8.400  8.751  8.932  8.999  8.978  8.884  8.725  8.511  8.252  7.955  7.627  7.276  6.916  6.554
 0.485 0.635 0.754 0.849 0.925 0.994 1.059 1.124 1.186 1.244 1.296 1.343 1.384 1.417 1.439 1.458
  6.899  7.898  8.475  8.798  8.957  8.994  8.938  8.808  8.614  8.372  8.091  7.782  7.451  7.100  6.731  6.344
 0.489 0.642 0.764 0.863 0.947 1.023 1.094 1.160 1.220 1.274 1.320 1.357 1.389 1.419 1.454 1.495
  6.620  7.793  8.494  8.890  9.095  9.165  9.127  9.002  8.810  8.564  8.278  7.956  7.608  7.237  6.849  6.447
 0.450 0.604 0.733 0.833 0.919 0.999 1.076 1.146 1.209 1.265 1.315 1.361 1.403 1.444 1.485 1.529
  7.415  8.102  8.471  8.729  8.866  8.890  8.821  8.682  8.487  8.246  7.970  7.668  7.350  7.018  6.671  6.304
 0.670 0.797 0.830 0.883 0.959 1.034 1.104 1.166 1.222 1.271 1.315 1.348 1.372 1.392 1.419 1.456
  6.611  7.787  8.439  8.771  8.936  8.993  8.965  8.866  8.711  8.510  8.273  8.002  7.699  7.368  7.007  6.622
 0.457 0.625 0.765 0.861 0.934 1.002 1.068 1.127 1.180 1.227 1.269 1.310 1.351 1.392 1.435 1.479
  7.600  8.001  8.217  8.572  8.806  8.914  8.921  8.844  8.700  8.503  8.263  7.991  7.689  7.357  6.998  6.615
 0.787 0.931 0.810 0.828 0.904 0.976 1.045 1.111 1.170 1.222 1.267 1.309 1.348 1.389 1.432 1.476
  6.579  7.592  8.217  8.602  8.824  8.921  8.925  8.856  8.724  8.537  8.302  8.024  7.711  7.369  7.007  6.627
 0.466 0.606 0.723 0.822 0.908 0.983 1.048 1.107 1.163 1.219 1.272 1.321 1.366 1.405 1.440 1.473
  6.278  7.310  8.025  8.490  8.768  8.911  8.954  8.920  8.817  8.651  8.431  8.163  7.852  7.507  7.131  6.734
 0.487 0.599 0.697 0.795 0.881 0.952 1.016 1.075 1.135 1.193 1.251 1.307 1.360 1.409 1.453 1.494
  6.234  7.478  8.250  8.691  8.916  8.990  8.954  8.839  8.664  8.437  8.169  7.861  7.520  7.148  6.752  6.342
 0.435 0.575 0.707 0.822 0.918 1.001 1.073 1.136 1.193 1.247 1.299 1.349 1.398 1.445 1.487 1.526
  6.261  7.288  7.980  8.446  8.742  8.908  8.975  8.965  8.895  8.776  8.615  8.411  8.167  7.887  7.569  7.219
 0.471 0.589 0.688 0.776 0.859 0.933 0.998 1.054 1.103 1.146 1.189 1.233 1.278 1.325 1.372 1.421
  6.777  7.778  8.407  8.790  8.991  9.052  9.002  8.871  8.676  8.429  8.143  7.821  7.471  7.100  6.715  6.319
 0.476 0.615 0.727 0.829 0.925 1.013 1.092 1.161 1.223 1.278 1.328 1.373 1.413 1.447 1.476 1.505
  6.770  7.740  8.344  8.709  8.911  8.987  8.962  8.858  8.687  8.461  8.189  7.878  7.538  7.172  6.787  6.386
 0.479 0.616 0.731 0.830 0.918 0.998 1.071 1.140 1.203 1.262 1.315 1.363 1.404 1.441 1.478 1.520
  6.903  8.059  8.651  8.939  9.063  9.075  9.001  8.855  8.651  8.401  8.112  7.788  7.435  7.052  6.648  6.229
 0.501 0.674 0.802 0.889 0.960 1.030 1.097 1.160 1.218 1.271 1.321 1.368 1.415 1.462 1.508 1.556
  6.429  7.479  8.158  8.597  8.852  8.968  8.971  8.883  8.721  8.497  8.222  7.905  7.557  7.186  6.799  6.401
 0.461 0.589 0.699 0.797 0.888 0.973 1.053 1.126 1.194 1.257 1.316 1.368 1.411 1.446 1.479 1.513
  6.456  7.517  8.182  8.590  8.826  8.936  8.951  8.896  8.782  8.617  8.404  8.147  7.851  7.522  7.167  6.792
 0.453 0.591 0.708 0.810 0.897 0.973 1.038 1.093 1.144 1.194 1.244 1.294 1.342 1.386 1.426 1.462
  6.827  7.824  8.439  8.798  8.976  9.025  8.972  8.845  8.660  8.426  8.153  7.845  7.504  7.136  6.746  6.341
 0.476 0.617 0.738 0.843 0.936 1.018 1.091 1.155 1.211 1.262 1.310 1.356 1.399 1.442 1.485 1.529
  6.593  7.652  8.318  8.719  8.933  9.005  8.972  8.859  8.683  8.456  8.192  7.894  7.567  7.217  6.846  6.456
 0.462 0.598 0.716 0.822 0.917 1.002 1.078 1.145 1.205 1.258 1.304 1.345 1.383 1.418 1.452 1.489
  6.863  8.056  8.786  9.200  9.399  9.437  9.358  9.192  8.960  8.679  8.361  8.014  7.648  7.263  6.865  6.462
 0.446 0.591 0.719 0.832 0.933 1.023 1.102 1.171 1.232 1.286 1.335 1.381 1.426 1.467 1.508 1.548
  6.727  7.797  8.421  8.762  8.925  8.970  8.924  8.804  8.618  8.378  8.089  7.761  7.400  7.013  6.609  6.196
 0.486 0.639 0.765 0.865 0.944 1.013 1.080 1.147 1.211 1.273 1.330 1.383 1.431 1.471 1.503 1.533
  6.695  7.714  8.347  8.719  8.914  8.980  8.954  8.855  8.692  8.477  8.216  7.914  7.580  7.218  6.835  6.436
 0.470 0.606 0.727 0.834 0.924 1.001 1.070 1.133 1.191 1.247 1.300 1.349 1.394 1.436 1.477 1.518
  6.712  7.742  8.370  8.745  8.945  9.010  8.971  8.852  8.668  8.433  8.162  7.870  7.567  7.254  6.931  6.591
 0.466 0.608 0.725 0.828 0.922 1.007 1.084 1.153 1.215 1.269 1.309 1.336 1.352 1.366 1.388 1.418
  6.774  7.704  8.273  8.614  8.794  8.855  8.834  8.750  8.620  8.455  8.259  8.034  7.780  7.494  7.178  6.833
 0.543 0.673 0.773 0.858 0.935 1.002 1.062 1.115 1.158 1.193 1.224 1.257 1.292 1.331 1.372 1.416
  6.791  7.780  8.387  8.749  8.937  8.995  8.953  8.833  8.651  8.418  8.141  7.829  7.486  7.118  6.735  6.336
 0.478 0.617 0.734 0.836 0.929 1.012 1.086 1.153 1.213 1.268 1.318 1.365 1.406 1.441 1.474 1.509
  6.764  7.766  8.376  8.745  8.939  8.998  8.953  8.826  8.629  8.377  8.078  7.741  7.373  6.980  6.570  6.146
 0.481 0.620 0.726 0.830 0.926 1.012 1.091 1.163 1.230 1.291 1.347 1.397 1.442 1.482 1.519 1.559
  7.089  8.163  8.770  9.092  9.224  9.223  9.131  8.978  8.782  8.553  8.294  8.007  7.697  7.372  7.043  6.718
 0.514 0.658 0.777 0.879 0.968 1.043 1.104 1.154 1.196 1.236 1.278 1.319 1.356 1.380 1.389 1.391
  6.861  7.818  8.382  8.726  8.920  8.995  8.974  8.875  8.707  8.483  8.212  7.900  7.552  7.173  6.776  6.370
 0.496 0.645 0.751 0.839 0.919 0.995 1.067 1.134 1.198 1.256 1.312 1.364 1.413 1.458 1.500 1.540
  6.534  7.569  8.242  8.648  8.875  8.966  8.952  8.860  8.702  8.493  8.246  7.974  7.701  7.450  7.221  6.989
 0.470 0.595 0.709 0.812 0.904 0.987 1.061 1.128 1.188 1.240 1.283 1.310 1.309 1.284 1.268 1.281
  7.098  8.116  8.689  8.978  9.082  9.070  9.000  8.900  8.772  8.607  8.397  8.145  7.852  7.523  7.164  6.776
 0.519 0.668 0.795 0.902 0.987 1.044 1.076 1.103 1.138 1.182 1.233 1.286 1.337 1.386 1.431 1.473
  6.446  7.513  8.181  8.599  8.849  8.971  8.995  8.935  8.807  8.621  8.383  8.105  7.794  7.459  7.111  6.754
 0.451 0.588 0.704 0.802 0.887 0.963 1.033 1.098 1.160 1.218 1.272 1.321 1.362 1.393 1.418 1.440
  7.123  8.180  8.768  9.073  9.193  9.180  9.058  8.854  8.588  8.269  7.913  7.529  7.128  6.710  6.277  5.829
 0.508 0.663 0.786 0.887 0.976 1.059 1.136 1.206 1.270 1.328 1.380 1.427 1.473 1.519 1.565 1.613
  7.056  7.939  8.458  8.756  8.900  8.926  8.857  8.712  8.505  8.247  7.947  7.611  7.244  6.850  6.436  6.013
 0.515 0.659 0.771 0.869 0.957 1.037 1.111 1.179 1.242 1.299 1.351 1.398 1.443 1.484 1.524 1.551
  6.628  7.669  8.324  8.713  8.919  8.989  8.961  8.859  8.696  8.489  8.245  7.967  7.656  7.313  6.941  6.548
 0.465 0.599 0.719 0.825 0.917 0.999 1.072 1.136 1.190 1.237 1.280 1.321 1.364 1.409 1.456 1.506
  6.437  7.492  8.141  8.534  8.752  8.851  8.873  8.848  8.784  8.678  8.527  8.329  8.084  7.797  7.474  7.118
 0.452 0.593 0.713 0.818 0.908 0.979 1.030 1.066 1.099 1.138 1.183 1.232 1.283 1.334 1.383 1.429
  6.909  7.853  8.412  8.736  8.903  8.948  8.897  8.769  8.574  8.328  8.041  7.720  7.376  7.020  6.680  6.380
 0.525 0.669 0.776 0.866 0.944 1.018 1.087 1.153 1.215 1.272 1.322 1.365 1.399 1.416 1.406 1.373
  7.389  8.119  8.513  8.753  8.864  8.867  8.786  8.635  8.426  8.169  7.874  7.548  7.200  6.838  6.469  6.092
 0.659 0.785 0.838 0.900 0.972 1.044 1.113 1.179 1.240 1.294 1.342 1.382 1.414 1.435 1.452 1.474
  7.112  8.103  8.608  8.856  8.953  8.953  8.880  8.749  8.565  8.335  8.065  7.757  7.416  7.048  6.664  6.274
 0.538 0.700 0.815 0.902 0.975 1.039 1.098 1.154 1.209 1.261 1.311 1.359 1.404 1.444 1.474 1.492
  6.585  7.634  8.286  8.686  8.911  9.003  8.986  8.883  8.708  8.474  8.193  7.876  7.537  7.194  6.863  6.547
 0.463 0.600 0.714 0.814 0.903 0.987 1.065 1.139 1.207 1.269 1.324 1.369 1.398 1.405 1.396 1.392
  6.975  8.047  8.644  8.942  9.067  9.081  9.015  8.889  8.718  8.513  8.280  8.020  7.735  7.423  7.089  6.731
 0.505 0.664 0.793 0.889 0.961 1.026 1.085 1.136 1.181 1.220 1.257 1.292 1.327 1.364 1.405 1.450
  6.794  7.703  8.406  8.871  9.125  9.214  9.176  9.042  8.834  8.569  8.260  7.917  7.550  7.166  6.771  6.369
 0.582 0.623 0.697 0.803 0.904 0.996 1.080 1.156 1.223 1.283 1.336 1.382 1.423 1.458 1.487 1.514
  6.765  7.723  8.304  8.665  8.872  8.953  8.934  8.830  8.656  8.426  8.149  7.838  7.503  7.153  6.800  6.446
 0.530 0.661 0.755 0.836 0.914 0.991 1.066 1.138 1.204 1.265 1.317 1.361 1.394 1.416 1.431 1.446
  6.551  7.564  8.195  8.587  8.812  8.911  8.917  8.849  8.726  8.559  8.354  8.118  7.848  7.547  7.212  6.847
 0.472 0.607 0.722 0.819 0.906 0.981 1.047 1.105 1.154 1.196 1.234 1.271 1.310 1.351 1.396 1.443
  6.016  7.059  7.790  8.392  8.622  8.800  8.977  9.083  9.091  9.005  8.832  8.590  8.293  7.953  7.583  7.195
 0.455 0.582 0.681 0.823 0.895 0.895 0.924 0.978 1.045 1.117 1.189 1.255 1.317 1.371 1.417 1.455
  5.997  7.223  8.008  8.520  8.832  9.001  9.055  9.016  8.900  8.716  8.476  8.188  7.858  7.494  7.101  6.690
 0.413 0.546 0.660 0.761 0.851 0.933 1.009 1.081 1.149 1.213 1.274 1.332 1.386 1.436 1.483 1.527
  6.281  7.348  8.024  8.453  8.728  8.885  8.945  8.923  8.825  8.665  8.449  8.184  7.878  7.534  7.161  6.770
 0.460 0.597 0.713 0.802 0.874 0.941 1.005 1.068 1.131 1.191 1.249 1.305 1.358 1.407 1.450 1.481
  6.754  7.752  8.334  8.674  8.874  8.978  9.006  8.964  8.852  8.674  8.439  8.154  7.830  7.473  7.094  6.705
 0.488 0.640 0.756 0.845 0.915 0.974 1.028 1.083 1.142 1.201 1.259 1.314 1.365 1.409 1.447 1.476
  6.603  7.643  8.306  8.717  8.949  9.044  9.036  8.944  8.778  8.556  8.284  7.969  7.618  7.236  6.842  6.443
 0.464 0.593 0.706 0.807 0.897 0.980 1.056 1.127 1.192 1.254 1.312 1.365 1.415 1.463 1.510 1.554
  6.574  7.679  8.316  8.679  8.874  8.955  8.958  8.895  8.771  8.595  8.372  8.105  7.802  7.466  7.108  6.745
 0.493 0.645 0.759 0.850 0.922 0.984 1.040 1.096 1.150 1.204 1.256 1.306 1.353 1.396 1.429 1.441
  7.083  8.053  8.605  8.906  9.041  9.055  8.978  8.829  8.622  8.368  8.077  7.754  7.408  7.046  6.675  6.307
 0.509 0.662 0.780 0.876 0.960 1.036 1.106 1.170 1.228 1.282 1.330 1.373 1.408 1.434 1.453 1.466
  6.386  7.451  8.147  8.593  8.868  9.006  9.035  8.976  8.841  8.643  8.393  8.095  7.758  7.386  6.991  6.581
 0.456 0.583 0.689 0.785 0.872 0.952 1.028 1.099 1.166 1.228 1.288 1.344 1.397 1.448 1.497 1.546
  7.009  8.002  8.512  8.778  8.918  8.967  8.945  8.857  8.709  8.508  8.259  7.967  7.637  7.272  6.883  6.471
 0.535 0.697 0.809 0.883 0.943 1.001 1.059 1.117 1.174 1.230 1.284 1.337 1.388 1.436 1.484 1.530
  6.749  7.850  8.516  8.895  9.073  9.100  9.023  8.868  8.651  8.390  8.090  7.758  7.397  7.009  6.608  6.194
 0.461 0.606 0.733 0.845 0.942 1.028 1.103 1.168 1.228 1.282 1.332 1.381 1.428 1.473 1.518 1.565
  7.155  8.161  8.636  8.896  9.040  9.078  9.024  8.895  8.706  8.469  8.191  7.879  7.541  7.178  6.795  6.395
 0.555 0.732 0.828 0.882 0.946 1.017 1.085 1.147 1.205 1.260 1.311 1.357 1.397 1.434 1.471 1.511
  6.136  7.091  7.730  8.208  8.561  8.793  8.912  8.937  8.881  8.759  8.580  8.348  8.074  7.760  7.414  7.040
 0.483 0.616 0.709 0.775 0.838 0.904 0.969 1.030 1.090 1.148 1.205 1.260 1.313 1.363 1.409 1.450
  6.732  7.868  8.536  8.907  9.086  9.130  9.077  8.952  8.770  8.542  8.273  7.967  7.625  7.251  6.855  6.446
 0.466 0.616 0.741 0.846 0.935 1.013 1.082 1.143 1.199 1.251 1.302 1.351 1.401 1.451 1.500 1.548
  6.696  7.753  8.403  8.787  8.991  9.061  9.027  8.913  8.735  8.505  8.237  7.937  7.613  7.270  6.914  6.542
 0.456 0.599 0.721 0.827 0.920 1.002 1.076 1.144 1.205 1.259 1.305 1.344 1.377 1.406 1.434 1.467
  6.514  7.576  8.248  8.660  8.895  8.996  8.990  8.904  8.752  8.545  8.291  7.994  7.662  7.297  6.912  6.515
 0.451 0.589 0.704 0.806 0.898 0.980 1.055 1.122 1.182 1.238 1.292 1.343 1.391 1.437 1.480 1.516
  6.429  7.471  8.139  8.560  8.812  8.936  8.959  8.904  8.783  8.605  8.377  8.104  7.791  7.444  7.067  6.672
 0.465 0.594 0.706 0.803 0.889 0.964 1.033 1.095 1.153 1.209 1.263 1.315 1.364 1.412 1.456 1.495
  6.742  7.801  8.488  8.978  9.302  9.461  9.479  9.380  9.187  8.919  8.591  8.218  7.815  7.411  7.023  6.656
 0.497 0.638 0.720 0.786 0.865 0.953 1.041 1.124 1.201 1.270 1.333 1.387 1.429 1.454 1.463 1.465
  6.502  7.499  8.130  8.523  8.758  8.878  8.908  8.860  8.745  8.572  8.348  8.082  7.781  7.451  7.098  6.723
 0.476 0.610 0.724 0.819 0.898 0.967 1.029 1.090 1.150 1.207 1.260 1.308 1.351 1.390 1.426 1.459
  6.617  7.589  8.195  8.561  8.772  8.886  8.918  8.874  8.771  8.622  8.428  8.189  7.909  7.592  7.243  6.866
 0.480 0.615 0.732 0.832 0.913 0.975 1.032 1.083 1.128 1.172 1.220 1.269 1.318 1.365 1.411 1.456
  6.755  7.728  8.339  8.705  8.893  8.947  8.896  8.762  8.564  8.316  8.026  7.703  7.350  6.972  6.578  6.183
 0.487 0.618 0.732 0.835 0.930 1.018 1.097 1.169 1.232 1.288 1.337 1.381 1.423 1.461 1.490 1.502
  6.831  7.872  8.467  8.763  8.880  8.885  8.812  8.673  8.476  8.233  7.948  7.625  7.269  6.881  6.470  6.045
 0.506 0.659 0.792 0.895 0.973 1.038 1.100 1.160 1.217 1.271 1.322 1.372 1.420 1.468 1.514 1.552
  6.558  7.631  8.250  8.646  8.885  8.992  8.993  8.913  8.767  8.577  8.358  8.117  7.859  7.579  7.280  6.960
 0.468 0.633 0.722 0.807 0.892 0.973 1.049 1.116 1.174 1.218 1.249 1.273 1.296 1.323 1.355 1.389
  6.430  7.482  8.161  8.592  8.860  8.998  9.037  9.000  8.891  8.720  8.498  8.228  7.918  7.573  7.201  6.814
 0.459 0.586 0.695 0.791 0.875 0.948 1.015 1.077 1.138 1.197 1.253 1.307 1.359 1.407 1.455 1.502
  7.245  8.054  8.476  8.737  8.892  8.948  8.919  8.813  8.644  8.420  8.149  7.837  7.490  7.111  6.707  6.287
 0.602 0.747 0.821 0.874 0.937 1.005 1.073 1.138 1.199 1.257 1.312 1.363 1.412 1.459 1.506 1.553
  6.433  7.536  8.258  8.769  9.141  9.370  9.462  9.429  9.294  9.077  8.791  8.452  8.070  7.658  7.233  6.803
 0.442 0.572 0.680 0.759 0.830 0.910 0.994 1.077 1.155 1.227 1.293 1.352 1.405 1.452 1.498 1.544
  6.862  8.022  8.688  9.044  9.203  9.225  9.153  9.016  8.825  8.592  8.323  8.023  7.696  7.348  6.987  6.617
 0.457 0.614 0.747 0.858 0.950 1.027 1.092 1.149 1.201 1.249 1.294 1.337 1.377 1.411 1.443 1.473
  6.704  7.820  8.461  8.807  8.969  9.009  8.961  8.843  8.663  8.429  8.149  7.827  7.469  7.077  6.664  6.247
 0.463 0.621 0.753 0.858 0.943 1.014 1.079 1.142 1.203 1.263 1.320 1.374 1.425 1.475 1.522 1.565
  6.965  8.141  8.826  9.190  9.343  9.345  9.238  9.051  8.803  8.509  8.181  7.828  7.461  7.081  6.692  6.298
 0.454 0.610 0.745 0.860 0.960 1.046 1.122 1.189 1.249 1.302 1.349 1.389 1.426 1.459 1.488 1.513
  6.613  7.721  8.360  8.720  8.914  8.987  8.976  8.905  8.783  8.620  8.415  8.168  7.884  7.562  7.207  6.825
 0.462 0.618 0.744 0.840 0.923 0.994 1.052 1.100 1.145 1.189 1.234 1.280 1.328 1.376 1.425 1.471
  6.440  7.441  8.088  8.512  8.775  8.906  8.932  8.872  8.742  8.556  8.320  8.043  7.729  7.383  7.011  6.617
 0.475 0.608 0.712 0.801 0.884 0.961 1.034 1.102 1.163 1.220 1.272 1.322 1.368 1.412 1.453 1.494
  6.644  7.619  8.229  8.607  8.825  8.932  8.971  8.961  8.892  8.751  8.536  8.255  7.920  7.544  7.141  6.725
 0.479 0.616 0.729 0.824 0.907 0.972 1.019 1.060 1.111 1.172 1.238 1.303 1.362 1.413 1.453 1.485
  6.415  7.494  8.194  8.622  8.866  8.969  8.960  8.863  8.695  8.467  8.190  7.874  7.528  7.159  6.776  6.381
 0.452 0.583 0.700 0.803 0.896 0.982 1.062 1.135 1.202 1.264 1.321 1.370 1.411 1.444 1.472 1.502
  6.670  7.640  8.266  8.661  8.887  8.980  8.967  8.867  8.696  8.467  8.190  7.876  7.534  7.170  6.796  6.419
 0.483 0.611 0.719 0.814 0.903 0.986 1.064 1.136 1.203 1.265 1.320 1.367 1.405 1.437 1.464 1.485
  7.034  8.004  8.550  8.831  8.931  8.897  8.760  8.541  8.258  7.928  7.564  7.178  6.778  6.362  5.925  5.468
 0.518 0.671 0.798 0.905 0.999 1.082 1.158 1.227 1.289 1.342 1.384 1.416 1.444 1.477 1.516 1.561
  7.268  8.195  8.617  8.801  8.878  8.881  8.826  8.721  8.578  8.405  8.204  7.978  7.730  7.456  7.158  6.834
 0.562 0.740 0.855 0.924 0.979 1.034 1.085 1.130 1.167 1.200 1.230 1.257 1.284 1.314 1.348 1.387
  6.281  7.331  8.029  8.490  8.768  8.906  8.938  8.889  8.776  8.610  8.397  8.142  7.848  7.517  7.154  6.763
 0.477 0.601 0.699 0.791 0.877 0.956 1.026 1.089 1.145 1.197 1.246 1.294 1.342 1.390 1.438 1.487
  6.668  7.682  8.295  8.668  8.876  8.959  8.946  8.850  8.689  8.473  8.210  7.908  7.570  7.203  6.816  6.412
 0.474 0.617 0.732 0.828 0.913 0.992 1.064 1.131 1.192 1.248 1.301 1.351 1.398 1.440 1.478 1.516
  6.777  7.834  8.429  8.748  8.896  8.929  8.877  8.763  8.591  8.366  8.096  7.784  7.438  7.062  6.672  6.273
 0.499 0.654 0.779 0.878 0.956 1.020 1.078 1.135 1.191 1.248 1.303 1.356 1.405 1.450 1.492 1.536
  7.035  8.047  8.506  8.759  8.926  9.006  9.004  8.922  8.776  8.573  8.319  8.026  7.699  7.345  6.970  6.586
 0.554 0.737 0.835 0.875 0.921 0.982 1.046 1.109 1.171 1.231 1.286 1.337 1.382 1.421 1.458 1.495
  6.004  7.267  8.097  8.626  8.939  9.082  9.101  9.027  8.879  8.671  8.414  8.113  7.778  7.411  7.020  6.615
 0.431 0.561 0.678 0.775 0.869 0.955 1.033 1.103 1.168 1.228 1.285 1.338 1.387 1.433 1.478 1.524
  6.533  7.565  8.215  8.626  8.874  8.989  8.995  8.915  8.764  8.552  8.292  7.987  7.645  7.271  6.868  6.448
 0.461 0.598 0.711 0.807 0.893 0.973 1.048 1.117 1.181 1.241 1.298 1.352 1.403 1.452 1.500 1.548
  6.750  7.735  8.336  8.697  8.896  8.966  8.940  8.836  8.664  8.440  8.169  7.859  7.519  7.152  6.771  6.384
 0.477 0.618 0.733 0.832 0.920 1.000 1.073 1.140 1.202 1.260 1.313 1.361 1.404 1.442 1.474 1.501
  6.559  7.640  8.301  8.692  8.903  8.981  8.961  8.866  8.709  8.502  8.251  7.962  7.637  7.281  6.898  6.490
 0.453 0.597 0.718 0.823 0.916 0.997 1.067 1.130 1.187 1.239 1.289 1.336 1.382 1.427 1.471 1.517
  6.357  7.320  7.926  8.333  8.616  8.799  8.894  8.909  8.852  8.731  8.552  8.322  8.050  7.741  7.402  7.038
 0.483 0.622 0.728 0.804 0.865 0.923 0.981 1.039 1.097 1.155 1.211 1.265 1.315 1.361 1.403 1.442
  6.635  7.683  8.387  8.864  9.144  9.261  9.245  9.126  8.927  8.666  8.355  8.005  7.626  7.226  6.810  6.384
 0.474 0.605 0.703 0.795 0.888 0.979 1.064 1.141 1.211 1.273 1.330 1.381 1.429 1.475 1.521 1.567
  6.570  7.573  8.213  8.613  8.847  8.952  8.955  8.881  8.740  8.545  8.305  8.025  7.712  7.369  7.000  6.612
 0.471 0.604 0.714 0.811 0.899 0.977 1.049 1.113 1.172 1.227 1.277 1.323 1.366 1.409 1.451 1.490
  6.550  7.574  8.286  8.749  9.010  9.114  9.096  8.989  8.818  8.596  8.332  8.029  7.690  7.321  6.929  6.520
 0.479 0.596 0.698 0.800 0.897 0.984 1.063 1.131 1.189 1.241 1.291 1.340 1.389 1.434 1.475 1.516
  6.669  7.745  8.346  8.662  8.831  8.886  8.854  8.760  8.616  8.426  8.188  7.903  7.575  7.210  6.818  6.404
 0.489 0.646 0.782 0.864 0.943 1.013 1.073 1.123 1.170 1.217 1.267 1.319 1.371 1.419 1.463 1.505
  6.432  7.516  8.196  8.614  8.851  8.955  8.961  8.888  8.749  8.553  8.306  8.015  7.684  7.320  6.931  6.522
 0.450 0.586 0.704 0.807 0.898 0.977 1.048 1.111 1.171 1.229 1.285 1.339 1.390 1.437 1.480 1.520
  6.796  7.843  8.437  8.782  8.961  9.009  8.959  8.831  8.641  8.402  8.122  7.807  7.463  7.094  6.708  6.308
 0.489 0.647 0.758 0.850 0.936 1.016 1.090 1.155 1.214 1.268 1.317 1.363 1.404 1.443 1.481 1.520
  6.718  7.764  8.335  8.660  8.842  8.921  8.914  8.831  8.682  8.475  8.217  7.916  7.577  7.206  6.808  6.394
 0.490 0.656 0.773 0.857 0.926 0.990 1.054 1.117 1.179 1.238 1.295 1.349 1.399 1.446 1.492 1.539
  6.477  7.521  8.192  8.620  8.870  8.987  9.002  8.935  8.799  8.604  8.359  8.074  7.758  7.423  7.075  6.719
 0.459 0.590 0.701 0.800 0.888 0.967 1.039 1.105 1.167 1.226 1.280 1.328 1.367 1.395 1.417 1.441
  6.793  7.757  8.346  8.693  8.871  8.929  8.895  8.796  8.647  8.457  8.230  7.970  7.678  7.363  7.034  6.693
 0.484 0.624 0.742 0.844 0.934 1.011 1.078 1.133 1.180 1.222 1.262 1.303 1.340 1.370 1.392 1.413
  6.856  7.800  8.378  8.718  8.895  8.950  8.918  8.825  8.688  8.514  8.303  8.055  7.770  7.447  7.093  6.710
 0.487 0.625 0.742 0.845 0.935 1.012 1.075 1.125 1.165 1.203 1.242 1.285 1.331 1.379 1.426 1.473
  6.349  7.392  8.086  8.537  8.805  8.936  8.955  8.883  8.739  8.538  8.291  8.006  7.688  7.341  6.970  6.580
 0.472 0.593 0.698 0.795 0.883 0.965 1.041 1.112 1.176 1.232 1.282 1.328 1.371 1.412 1.448 1.483
  6.413  7.474  8.161  8.606  8.874  9.010  9.040  8.982  8.861  8.687  8.472  8.221  7.940  7.629  7.295  6.943
 0.456 0.585 0.693 0.787 0.873 0.953 1.026 1.093 1.151 1.200 1.244 1.285 1.323 1.360 1.398 1.439
  6.682  7.685  8.310  8.695  8.911  8.995  8.975  8.875  8.710  8.496  8.244  7.959  7.644  7.302  6.937  6.552
 0.473 0.612 0.721 0.819 0.908 0.991 1.067 1.135 1.194 1.245 1.289 1.329 1.367 1.407 1.451 1.499
  6.264  7.213  7.806  8.183  8.464  8.678  8.833  8.915  8.913  8.838  8.701  8.516  8.290  8.026  7.730  7.406
 0.482 0.619 0.733 0.816 0.867 0.898 0.936 0.991 1.052 1.111 1.165 1.214 1.258 1.301 1.343 1.382
  6.748  7.731  8.356  8.739  8.947  9.021  8.992  8.884  8.711  8.485  8.215  7.908  7.570  7.209  6.832  6.449
 0.479 0.613 0.726 0.826 0.917 1.000 1.074 1.141 1.202 1.258 1.310 1.357 1.398 1.434 1.465 1.488
  6.960  7.935  8.495  8.798  8.927  8.931  8.840  8.673  8.447  8.170  7.853  7.501  7.118  6.709  6.283  5.846
 0.514 0.663 0.784 0.885 0.972 1.049 1.119 1.184 1.244 1.299 1.351 1.400 1.447 1.492 1.538 1.587
  5.276  6.330  7.299  8.035  8.525  8.820  8.967  9.000  8.942  8.815  8.629  8.394  8.117  7.800  7.446  7.065
 0.499 0.560 0.587 0.673 0.770 0.863 0.949 1.027 1.097 1.160 1.217 1.270 1.321 1.372 1.422 1.473
  5.927  7.008  7.696  8.155  8.490  8.730  8.880  8.940  8.915  8.813  8.644  8.419  8.143  7.826  7.473  7.089
 0.456 0.584 0.697 0.782 0.840 0.890 0.945 1.006 1.070 1.136 1.199 1.260 1.318 1.371 1.421 1.468
  6.722  7.869  8.539  8.908  9.088  9.139  9.097  8.980  8.799  8.562  8.279  7.960  7.614  7.254  6.887  6.515
 0.469 0.623 0.751 0.854 0.937 1.008 1.073 1.135 1.196 1.255 1.310 1.359 1.397 1.424 1.442 1.461
  6.601  7.652  8.272  8.630  8.824  8.904  8.892  8.803  8.649  8.441  8.188  7.899  7.581  7.239  6.877  6.497
 0.471 0.621 0.746 0.842 0.921 0.994 1.062 1.126 1.186 1.242 1.292 1.336 1.373 1.407 1.438 1.472
  6.691  7.769  8.427  8.805  8.992  9.042  8.996  8.878  8.703  8.482  8.220  7.924  7.600  7.260  6.917  6.581
 0.470 0.612 0.736 0.843 0.935 1.014 1.083 1.143 1.196 1.247 1.295 1.340 1.378 1.402 1.407 1.403
  6.344  7.332  7.965  8.381  8.654  8.816  8.891  8.893  8.833  8.716  8.547  8.330  8.071  7.774  7.447  7.091
 0.474 0.610 0.717 0.804 0.876 0.939 0.995 1.048 1.099 1.149 1.199 1.249 1.296 1.341 1.383 1.423
  7.116  7.931  8.400  8.712  8.915  9.011  9.002  8.904  8.737  8.511  8.244  7.948  7.631  7.301  6.961  6.608
 0.611 0.744 0.807 0.850 0.907 0.980 1.056 1.128 1.194 1.252 1.300 1.337 1.363 1.384 1.408 1.442
  6.503  7.469  8.103  8.519  8.780  8.915  8.947  8.894  8.768  8.583  8.346  8.063  7.743  7.391  7.014  6.617
 0.483 0.613 0.715 0.802 0.883 0.958 1.029 1.096 1.159 1.219 1.275 1.327 1.376 1.420 1.460 1.496
  7.016  7.947  8.449  8.738  8.904  8.971  8.955  8.863  8.706  8.496  8.238  7.938  7.602  7.234  6.843  6.440
 0.578 0.712 0.800 0.865 0.929 0.995 1.060 1.124 1.184 1.241 1.295 1.346 1.395 1.441 1.483 1.523
  6.504  7.497  8.123  8.530  8.801  8.954  8.993  8.935  8.803  8.610  8.371  8.095  7.786  7.447  7.083  6.693
 0.472 0.608 0.716 0.803 0.876 0.950 1.025 1.094 1.157 1.214 1.265 1.311 1.354 1.397 1.441 1.488
  7.248  7.867  8.148  8.404  8.653  8.827  8.909  8.900  8.812  8.655  8.438  8.171  7.860  7.516  7.143  6.744
 0.698 0.848 0.877 0.850 0.869 0.925 0.992 1.059 1.126 1.190 1.250 1.307 1.359 1.406 1.450 1.493
  6.777  7.766  8.365  8.719  8.904  8.962  8.921  8.805  8.629  8.404  8.139  7.836  7.500  7.138  6.758  6.370
 0.483 0.625 0.740 0.840 0.930 1.012 1.086 1.150 1.207 1.259 1.307 1.353 1.397 1.436 1.467 1.490
  6.763  7.749  8.337  8.696  8.893  8.969  8.945  8.840  8.670  8.444  8.169  7.853  7.499  7.113  6.703  6.274
 0.507 0.643 0.745 0.835 0.919 0.999 1.071 1.139 1.202 1.261 1.318 1.371 1.422 1.471 1.518 1.562
  6.440  7.482  8.166  8.606  8.877  9.018  9.045  8.989  8.859  8.664  8.421  8.132  7.804  7.445  7.077  6.707
 0.466 0.592 0.696 0.787 0.871 0.949 1.024 1.094 1.159 1.220 1.277 1.331 1.381 1.426 1.470 1.514
  6.391  7.402  8.071  8.518  8.792  8.925  8.946  8.876  8.732  8.525  8.267  7.966  7.630  7.265  6.876  6.475
 0.479 0.608 0.706 0.795 0.880 0.961 1.037 1.109 1.176 1.238 1.296 1.349 1.396 1.438 1.476 1.510
  6.685  7.656  8.267  8.646  8.869  8.967  8.967  8.892  8.755  8.570  8.347  8.086  7.793  7.470  7.124  6.758
 0.486 0.620 0.728 0.820 0.902 0.979 1.049 1.112 1.166 1.213 1.257 1.298 1.340 1.381 1.422 1.462
  6.552  7.535  8.172  8.578  8.832  8.971  9.007  8.967  8.860  8.689  8.468  8.197  7.884  7.535  7.167  6.786
 0.477 0.608 0.712 0.802 0.880 0.950 1.016 1.078 1.139 1.197 1.255 1.310 1.362 1.412 1.459 1.503
  6.572  7.599  8.242  8.642  8.874  8.975  8.977  8.900  8.756  8.560  8.324  8.054  7.760  7.451  7.141  6.841
 0.466 0.600 0.713 0.811 0.899 0.978 1.050 1.116 1.175 1.226 1.271 1.308 1.340 1.358 1.360 1.354
  6.767  7.798  8.424  8.778  8.949  8.991  8.937  8.810  8.620  8.381  8.100  7.782  7.435  7.062  6.670  6.268
 0.483 0.621 0.743 0.850 0.941 1.020 1.092 1.157 1.218 1.274 1.325 1.371 1.414 1.453 1.488 1.514
  6.926  7.921  8.483  8.792  8.948  8.991  8.947  8.834  8.659  8.433  8.163  7.856  7.517  7.155  6.780  6.396
 0.503 0.655 0.772 0.863 0.942 1.013 1.080 1.143 1.202 1.258 1.309 1.356 1.398 1.433 1.463 1.492
  6.805  7.933  8.585  8.947  9.117  9.159  9.106  8.981  8.798  8.566  8.292  7.983  7.644  7.280  6.895  6.497
 0.476 0.627 0.752 0.854 0.940 1.014 1.080 1.142 1.199 1.253 1.304 1.352 1.396 1.437 1.475 1.514
  6.779  7.830  8.420  8.779  8.992  9.083  9.083  9.003  8.854  8.653  8.403  8.113  7.792  7.440  7.082  6.730
 0.520 0.669 0.764 0.836 0.905 0.975 1.042 1.106 1.168 1.225 1.279 1.328 1.375 1.418 1.453 1.470
  6.741  7.724  8.344  8.725  8.941  9.025  9.007  8.905  8.734  8.507  8.232  7.917  7.567  7.187  6.787  6.377
 0.484 0.615 0.724 0.820 0.909 0.990 1.065 1.136 1.200 1.260 1.316 1.367 1.415 1.460 1.503 1.546
  6.740  7.732  8.346  8.711  8.900  8.955  8.907  8.778  8.584  8.336  8.042  7.709  7.342  6.945  6.524  6.084
 0.472 0.611 0.730 0.835 0.930 1.016 1.094 1.165 1.229 1.288 1.343 1.395 1.444 1.490 1.535 1.580
  6.623  7.651  8.263  8.609  8.790  8.864  8.865  8.816  8.727  8.606  8.446  8.247  8.004  7.717  7.392  7.031
 0.476 0.624 0.750 0.850 0.931 0.995 1.047 1.086 1.118 1.149 1.186 1.230 1.279 1.332 1.384 1.436
  6.696  7.784  8.430  8.794  8.967  9.012  8.968  8.860  8.702  8.497  8.251  7.971  7.663  7.342  7.012  6.673
 0.472 0.621 0.747 0.853 0.941 1.013 1.072 1.125 1.176 1.226 1.275 1.320 1.354 1.376 1.393 1.416
  6.843  7.938  8.561  8.886  9.019  9.030  8.959  8.822  8.631  8.392  8.108  7.786  7.427  7.037  6.622  6.190
 0.477 0.634 0.768 0.877 0.964 1.035 1.096 1.154 1.211 1.267 1.323 1.377 1.429 1.477 1.522 1.560
  6.714  7.741  8.354  8.710  8.890  8.938  8.883  8.748  8.552  8.306  8.019  7.697  7.344  6.963  6.564  6.161
 0.473 0.622 0.743 0.846 0.937 1.020 1.096 1.164 1.225 1.280 1.330 1.377 1.421 1.463 1.498 1.515
  6.638  7.649  8.286  8.678  8.895  8.980  8.961  8.865  8.707  8.503  8.267  8.008  7.732  7.440  7.131  6.799
 0.467 0.601 0.715 0.816 0.909 0.992 1.067 1.132 1.188 1.234 1.269 1.296 1.317 1.339 1.367 1.402
  7.014  7.990  8.564  8.876  9.013  9.031  8.962  8.826  8.634  8.398  8.122  7.815  7.481  7.123  6.747  6.358
 0.518 0.651 0.769 0.873 0.961 1.035 1.100 1.160 1.216 1.267 1.314 1.356 1.394 1.429 1.460 1.489
  6.302  7.437  8.168  8.620  8.882  8.999  9.000  8.911  8.748  8.523  8.249  7.937  7.594  7.225  6.837  6.434
 0.441 0.567 0.684 0.789 0.884 0.971 1.052 1.127 1.197 1.260 1.316 1.365 1.407 1.445 1.482 1.521
  6.376  7.423  8.105  8.548  8.806  8.919  8.926  8.850  8.711  8.524  8.297  8.034  7.738  7.413  7.059  6.682
 0.474 0.605 0.710 0.804 0.894 0.976 1.049 1.112 1.166 1.215 1.259 1.301 1.342 1.382 1.422 1.460
  7.206  7.981  8.389  8.661  8.835  8.909  8.894  8.802  8.644  8.430  8.170  7.870  7.537  7.172  6.780  6.367
 0.632 0.760 0.818 0.864 0.927 0.995 1.063 1.128 1.189 1.247 1.299 1.348 1.394 1.439 1.485 1.532
  6.626  7.643  8.266  8.639  8.845  8.924  8.905  8.807  8.646  8.435  8.180  7.887  7.563  7.212  6.843  6.465
 0.475 0.614 0.732 0.831 0.918 0.997 1.069 1.134 1.193 1.246 1.295 1.341 1.383 1.419 1.447 1.466
  6.783  7.831  8.439  8.781  8.949  9.002  8.976  8.883  8.730  8.519  8.256  7.953  7.618  7.263  6.894  6.517
 0.494 0.643 0.761 0.859 0.940 1.007 1.065 1.121 1.178 1.235 1.290 1.338 1.376 1.407 1.435 1.464
  6.255  7.409  8.127  8.572  8.829  8.953  8.973  8.910  8.780  8.592  8.355  8.077  7.763  7.419  7.052  6.665
 0.432 0.575 0.694 0.795 0.884 0.964 1.036 1.102 1.163 1.220 1.273 1.322 1.368 1.409 1.447 1.486
  6.491  7.590  8.263  8.675  8.902  8.995  8.981  8.882  8.715  8.490  8.218  7.908  7.562  7.189  6.795  6.390
 0.439 0.584 0.705 0.809 0.902 0.986 1.063 1.134 1.199 1.259 1.313 1.363 1.409 1.453 1.495 1.532
  6.370  7.461  8.149  8.569  8.806  8.904  8.898  8.810  8.655  8.445  8.191  7.901  7.584  7.248  6.898  6.536
 0.452 0.582 0.699 0.805 0.899 0.983 1.057 1.125 1.187 1.243 1.292 1.335 1.370 1.396 1.420 1.448
  6.696  7.682  8.263  8.626  8.859  8.979  8.993  8.914  8.757  8.541  8.278  7.977  7.648  7.302  6.949  6.595
 0.487 0.637 0.752 0.834 0.902 0.972 1.044 1.114 1.180 1.239 1.292 1.339 1.378 1.405 1.421 1.429
  6.926  8.099  8.757  9.098  9.239  9.242  9.148  8.980  8.756  8.485  8.178  7.839  7.474  7.084  6.678  6.262
 0.462 0.626 0.760 0.870 0.962 1.041 1.110 1.172 1.229 1.281 1.331 1.378 1.426 1.472 1.517 1.564
  7.535  8.142  8.473  8.727  8.875  8.920  8.881  8.772  8.602  8.380  8.113  7.806  7.470  7.108  6.728  6.334
 0.719 0.826 0.831 0.876 0.946 1.014 1.078 1.139 1.198 1.254 1.307 1.355 1.396 1.433 1.469 1.507
  5.698  6.711  7.364  7.752  8.001  8.268  8.554  8.782  8.915  8.955  8.914  8.807  8.644  8.434  8.182  7.894
 0.489 0.611 0.730 0.837 0.884 0.862 0.854 0.891 0.951 1.016 1.078 1.135 1.189 1.239 1.286 1.332
  7.654  7.979  8.212  8.552  8.796  8.929  8.965  8.924  8.820  8.654  8.441  8.182  7.881  7.544  7.177  6.798
 0.821 0.922 0.803 0.816 0.885 0.953 1.018 1.078 1.135 1.190 1.243 1.296 1.346 1.395 1.443 1.491
  6.686  7.750  8.339  8.679  8.879  8.973  8.975  8.903  8.759  8.555  8.303  8.005  7.675  7.321  6.953  6.583
 0.485 0.655 0.767 0.845 0.912 0.977 1.043 1.108 1.171 1.231 1.287 1.338 1.382 1.416 1.446 1.479
  6.506  7.525  8.171  8.575  8.810  8.922  8.944  8.896  8.787  8.627  8.418  8.167  7.882  7.565  7.220  6.848
 0.466 0.599 0.713 0.812 0.898 0.971 1.033 1.088 1.141 1.192 1.242 1.288 1.330 1.370 1.410 1.452
  6.880  7.850  8.412  8.736  8.905  8.959  8.933  8.847  8.721  8.571  8.397  8.200  7.974  7.713  7.418  7.091
 0.505 0.655 0.765 0.855 0.935 1.006 1.067 1.115 1.150 1.175 1.198 1.226 1.260 1.300 1.345 1.391
  6.477  7.547  8.219  8.640  8.885  8.991  8.992  8.908  8.757  8.548  8.290  7.989  7.654  7.290  6.912  6.527
 0.450 0.588 0.703 0.803 0.894 0.977 1.052 1.119 1.181 1.240 1.296 1.349 1.395 1.435 1.467 1.498
  6.613  7.654  8.302  8.685  8.890  8.961  8.930  8.820  8.644  8.414  8.140  7.827  7.481  7.106  6.706  6.284
 0.460 0.598 0.718 0.825 0.920 1.003 1.078 1.146 1.208 1.265 1.318 1.366 1.412 1.456 1.500 1.546
  6.917  7.897  8.464  8.760  8.881  8.884  8.798  8.645  8.437  8.184  7.893  7.571  7.219  6.841  6.446  6.031
 0.511 0.661 0.786 0.889 0.974 1.047 1.114 1.175 1.232 1.284 1.331 1.375 1.417 1.457 1.498 1.544
  6.704  7.698  8.294  8.650  8.846  8.919  8.898  8.798  8.636  8.420  8.157  7.854  7.515  7.145  6.749  6.335
 0.482 0.627 0.743 0.838 0.923 1.000 1.071 1.136 1.196 1.252 1.304 1.354 1.402 1.448 1.490 1.530
  4.866  5.806  6.701  7.541  8.164  8.578  8.829  8.954  8.975  8.913  8.782  8.594  8.360  8.091  7.792  7.469
 0.495 0.603 0.589 0.632 0.717 0.804 0.886 0.963 1.035 1.102 1.164 1.219 1.268 1.310 1.347 1.379
  6.706  7.666  8.285  8.676  8.909  9.019  9.023  8.946  8.798  8.587  8.327  8.021  7.677  7.302  6.915  6.534
 0.484 0.616 0.720 0.811 0.894 0.970 1.043 1.112 1.177 1.239 1.298 1.352 1.403 1.452 1.496 1.530
  6.683  7.724  8.355  8.717  8.902  8.960  8.925  8.819  8.653  8.436  8.174  7.874  7.538  7.172  6.781  6.376
 0.484 0.626 0.747 0.848 0.934 1.006 1.071 1.132 1.189 1.244 1.297 1.346 1.393 1.439 1.485 1.531
  6.519  7.541  8.202  8.631  8.893  9.020  9.043  8.978  8.840  8.645  8.401  8.118  7.799  7.451  7.083  6.700
 0.468 0.598 0.703 0.796 0.881 0.959 1.032 1.101 1.164 1.222 1.275 1.324 1.369 1.412 1.456 1.500
  6.329  7.356  8.009  8.416  8.665  8.805  8.871  8.880  8.832  8.727  8.569  8.361  8.108  7.815  7.487  7.126
 0.462 0.595 0.708 0.806 0.887 0.949 0.997 1.042 1.089 1.139 1.190 1.242 1.292 1.342 1.390 1.437
  5.858  7.101  7.991  8.584  8.938  9.124  9.186  9.150  9.034  8.848  8.606  8.316  7.988  7.632  7.257  6.871
 0.443 0.547 0.655 0.761 0.854 0.932 1.003 1.071 1.137 1.199 1.259 1.314 1.364 1.406 1.441 1.471
  6.628  7.670  8.307  8.691  8.903  8.981  8.958  8.855  8.686  8.466  8.203  7.904  7.575  7.221  6.848  6.462
 0.460 0.601 0.720 0.823 0.914 0.996 1.071 1.139 1.200 1.254 1.303 1.347 1.388 1.423 1.454 1.487
  7.287  8.113  8.511  8.772  8.928  8.988  8.959  8.855  8.687  8.465  8.196  7.888  7.545  7.170  6.773  6.357
 0.624 0.775 0.828 0.873 0.934 1.001 1.069 1.134 1.195 1.253 1.307 1.358 1.407 1.452 1.497 1.543
  6.823  7.779  8.366  8.720  8.912  8.979  8.948  8.841  8.672  8.451  8.186  7.886  7.552  7.193  6.812  6.411
 0.486 0.627 0.740 0.837 0.924 1.004 1.076 1.141 1.200 1.254 1.304 1.350 1.391 1.430 1.470 1.512
  6.081  7.015  7.688  8.201  8.574  8.815  8.942  8.976  8.927  8.812  8.636  8.410  8.140  7.826  7.477  7.098
 0.493 0.618 0.692 0.754 0.821 0.891 0.959 1.025 1.088 1.148 1.204 1.258 1.311 1.363 1.413 1.459
  7.469  8.081  8.349  8.645  8.845  8.925  8.901  8.794  8.621  8.392  8.116  7.802  7.452  7.073  6.675  6.263
 0.712 0.865 0.819 0.840 0.917 0.997 1.072 1.141 1.204 1.263 1.317 1.368 1.416 1.459 1.499 1.535
  6.798  7.758  8.352  8.710  8.912  8.994  8.979  8.886  8.724  8.501  8.228  7.911  7.557  7.171  6.768  6.360
 0.483 0.621 0.736 0.832 0.916 0.991 1.062 1.129 1.194 1.256 1.315 1.370 1.422 1.469 1.511 1.541
  6.461  7.503  8.144  8.560  8.815  8.939  8.955  8.885  8.742  8.540  8.288  7.995  7.672  7.330  6.979  6.626
 0.481 0.624 0.721 0.804 0.886 0.966 1.040 1.110 1.175 1.235 1.290 1.339 1.377 1.404 1.421 1.435
  6.649  7.653  8.283  8.684  8.912  9.007  8.999  8.912  8.754  8.540  8.279  7.979  7.645  7.282  6.892  6.480
 0.519 0.655 0.754 0.840 0.919 0.989 1.052 1.112 1.170 1.226 1.279 1.329 1.377 1.424 1.470 1.514
  6.584  7.598  8.249  8.658  8.899  9.009  9.016  8.941  8.793  8.586  8.328  8.024  7.683  7.311  6.919  6.515
 0.468 0.597 0.706 0.803 0.891 0.970 1.044 1.113 1.178 1.239 1.298 1.352 1.403 1.450 1.494 1.534
  6.461  7.503  8.196  8.652  8.927  9.058  9.079  9.010  8.870  8.671  8.421  8.128  7.799  7.436  7.057  6.677
 0.468 0.594 0.694 0.788 0.876 0.958 1.032 1.101 1.164 1.223 1.279 1.332 1.382 1.429 1.476 1.523
  6.657  7.636  8.236  8.600  8.806  8.897  8.895  8.818  8.677  8.481  8.239  7.957  7.638  7.289  6.911  6.509
 0.477 0.620 0.737 0.834 0.916 0.988 1.054 1.116 1.174 1.229 1.280 1.328 1.374 1.418 1.461 1.506
  7.526  8.246  8.532  8.744  8.890  8.946  8.920  8.826  8.669  8.461  8.207  7.913  7.585  7.225  6.843  6.440
 0.665 0.828 0.860 0.881 0.939 1.004 1.067 1.127 1.185 1.240 1.292 1.341 1.387 1.432 1.477 1.522
  6.987  8.113  8.789  9.169  9.342  9.363  9.275  9.101  8.864  8.581  8.262  7.920  7.564  7.203  6.841  6.478
 0.468 0.613 0.740 0.850 0.948 1.034 1.111 1.179 1.238 1.290 1.335 1.375 1.407 1.430 1.444 1.456
  6.738  7.706  8.321  8.705  8.930  9.023  9.009  8.912  8.755  8.556  8.326  8.070  7.789  7.477  7.139  6.775
 0.478 0.613 0.724 0.820 0.907 0.989 1.064 1.129 1.181 1.221 1.255 1.286 1.320 1.358 1.399 1.443
  6.677  7.842  8.512  8.866  9.016  9.034  8.971  8.863  8.722  8.543  8.325  8.065  7.768  7.439  7.084  6.705
 0.469 0.623 0.756 0.867 0.958 1.028 1.078 1.116 1.153 1.196 1.245 1.295 1.343 1.388 1.432 1.476
  6.636  7.652  8.277  8.661  8.873  8.954  8.935  8.836  8.673  8.458  8.196  7.894  7.559  7.196  6.817  6.429
 0.464 0.606 0.724 0.824 0.914 0.994 1.068 1.134 1.194 1.249 1.302 1.351 1.396 1.435 1.466 1.496
  6.897  7.860  8.400  8.711  8.895  8.982  8.981  8.907  8.764  8.565  8.318  8.027  7.697  7.331  6.943  6.537
 0.549 0.690 0.784 0.853 0.915 0.979 1.044 1.109 1.171 1.228 1.283 1.335 1.386 1.436 1.486 1.537
  6.950  7.882  8.414  8.734  8.918  8.988  8.960  8.849  8.667  8.429  8.145  7.824  7.474  7.103  6.716  6.317
 0.528 0.677 0.783 0.859 0.928 1.000 1.072 1.142 1.208 1.268 1.323 1.371 1.412 1.445 1.475 1.506
  6.584  7.609  8.252  8.650  8.865  8.944  8.915  8.799  8.615  8.376  8.094  7.788  7.476  7.173  6.884  6.595
 0.477 0.607 0.718 0.820 0.914 1.000 1.080 1.153 1.219 1.278 1.326 1.356 1.362 1.351 1.339 1.344
  6.085  7.242  8.003  8.497  8.800  8.958  8.998  8.943  8.809  8.610  8.359  8.066  7.738  7.384  7.010  6.622
 0.440 0.561 0.671 0.769 0.860 0.944 1.024 1.098 1.168 1.232 1.290 1.341 1.386 1.424 1.456 1.487
  7.494  7.957  8.235  8.561  8.764  8.850  8.847  8.771  8.634  8.446  8.212  7.938  7.628  7.287  6.921  6.535
 0.766 0.885 0.791 0.839 0.919 0.991 1.056 1.115 1.169 1.221 1.270 1.318 1.363 1.406 1.443 1.476
  6.708  7.707  8.328  8.710  8.923  9.008  8.987  8.885  8.714  8.485  8.210  7.896  7.553  7.191  6.820  6.441
 0.477 0.617 0.724 0.820 0.909 0.991 1.067 1.138 1.203 1.263 1.318 1.366 1.406 1.435 1.460 1.488
  6.410  7.474  8.164  8.604  8.873  9.008  9.041  8.991  8.868  8.685  8.451  8.175  7.863  7.523  7.167  6.802
 0.453 0.580 0.688 0.786 0.873 0.951 1.023 1.090 1.153 1.212 1.268 1.318 1.363 1.402 1.438 1.462
  6.698  7.717  8.329  8.668  8.824  8.864  8.825  8.725  8.580  8.408  8.212  7.996  7.755  7.483  7.184  6.856
 0.518 0.660 0.776 0.874 0.951 1.015 1.072 1.123 1.166 1.197 1.222 1.247 1.279 1.314 1.352 1.390
  6.678  7.654  8.277  8.664  8.890  8.992  8.993  8.910  8.755  8.540  8.276  7.969  7.627  7.255  6.860  6.453
 0.479 0.613 0.725 0.822 0.905 0.980 1.051 1.119 1.184 1.244 1.300 1.352 1.400 1.445 1.489 1.532
  6.955  8.095  8.718  9.030  9.161  9.170  9.082  8.919  8.691  8.410  8.087  7.729  7.344  6.938  6.518  6.088
 0.475 0.643 0.777 0.878 0.961 1.037 1.109 1.178 1.243 1.304 1.360 1.412 1.458 1.502 1.545 1.590
  6.658  7.663  8.298  8.682  8.891  8.971  8.952  8.856  8.697  8.486  8.228  7.930  7.594  7.226  6.835  6.426
 0.475 0.608 0.723 0.825 0.915 0.996 1.067 1.131 1.190 1.244 1.297 1.348 1.397 1.443 1.485 1.522
  6.671  7.648  8.262  8.640  8.862  8.966  8.983  8.928  8.811  8.638  8.417  8.153  7.853  7.528  7.190  6.843
 0.476 0.612 0.725 0.821 0.902 0.972 1.034 1.093 1.148 1.202 1.255 1.305 1.348 1.382 1.406 1.427
  7.365  8.130  8.412  8.554  8.704  8.825  8.866  8.821  8.701  8.516  8.275  7.988  7.660  7.296  6.904  6.490
 0.654 0.833 0.921 0.919 0.911 0.952 1.016 1.086 1.153 1.217 1.277 1.333 1.386 1.436 1.483 1.529
  6.493  7.580  8.267  8.677  8.897  8.979  8.958  8.860  8.696  8.479  8.215  7.909  7.568  7.193  6.792  6.371
 0.458 0.593 0.714 0.820 0.912 0.993 1.065 1.131 1.192 1.249 1.303 1.356 1.406 1.453 1.500 1.547
  6.825  7.766  8.316  8.652  8.845  8.922  8.904  8.807  8.648  8.437  8.186  7.902  7.590  7.257  6.922  6.604
 0.534 0.672 0.766 0.845 0.921 0.996 1.067 1.132 1.191 1.243 1.289 1.329 1.366 1.392 1.397 1.378
  6.713  7.713  8.334  8.709  8.919  9.000  8.983  8.890  8.733  8.527  8.276  7.988  7.671  7.329  6.969  6.593
 0.476 0.611 0.725 0.824 0.912 0.992 1.064 1.128 1.186 1.238 1.287 1.330 1.369 1.403 1.437 1.476
  6.835  7.942  8.610  8.993  9.181  9.223  9.152  9.001  8.792  8.538  8.251  7.934  7.592  7.226  6.837  6.428
 0.489 0.634 0.749 0.847 0.937 1.020 1.095 1.159 1.215 1.264 1.309 1.352 1.395 1.438 1.483 1.529
  6.461  7.579  8.232  8.648  8.896  9.008  9.014  8.939  8.804  8.626  8.409  8.160  7.875  7.557  7.208  6.827
 0.472 0.632 0.738 0.820 0.899 0.974 1.043 1.104 1.154 1.198 1.240 1.281 1.325 1.370 1.418 1.467
  6.723  7.736  8.336  8.701  8.901  8.973  8.949  8.848  8.685  8.471  8.213  7.917  7.588  7.232  6.856  6.463
 0.486 0.630 0.737 0.832 0.919 0.999 1.070 1.135 1.193 1.247 1.297 1.344 1.387 1.427 1.464 1.499
  6.676  7.713  8.361  8.751  8.960  9.033  9.002  8.887  8.702  8.462  8.174  7.848  7.490  7.105  6.704  6.289
 0.463 0.598 0.716 0.821 0.915 0.999 1.077 1.148 1.215 1.275 1.331 1.381 1.427 1.469 1.510 1.553
  6.835  7.826  8.419  8.770  8.949  8.999  8.949  8.820  8.625  8.377  8.080  7.743  7.372  6.970  6.549  6.118
 0.495 0.639 0.751 0.847 0.935 1.015 1.089 1.157 1.221 1.282 1.340 1.394 1.446 1.494 1.539 1.583
  6.156  7.287  8.037  8.528  8.825  8.980  9.019  8.962  8.830  8.631  8.380  8.087  7.758  7.399  7.019  6.624
 0.437 0.561 0.670 0.769 0.860 0.944 1.022 1.097 1.166 1.230 1.288 1.339 1.385 1.428 1.471 1.515
  6.362  7.565  8.360  8.846  9.106  9.194  9.160  9.039  8.859  8.640  8.393  8.123  7.829  7.508  7.166  6.812
 0.439 0.561 0.682 0.796 0.901 0.994 1.074 1.140 1.192 1.233 1.267 1.300 1.336 1.375 1.409 1.430
  6.668  7.695  8.372  8.793  9.019  9.094  9.052  8.923  8.727  8.480  8.194  7.876  7.531  7.164  6.779  6.379
 0.475 0.604 0.714 0.817 0.914 1.003 1.083 1.155 1.218 1.273 1.321 1.363 1.403 1.440 1.477 1.515
  6.508  7.669  8.453  8.939  9.207  9.305  9.277  9.152  8.951  8.693  8.391  8.054  7.693  7.312  6.921  6.522
 0.452 0.565 0.680 0.790 0.893 0.987 1.071 1.147 1.214 1.273 1.326 1.372 1.413 1.451 1.487 1.523
  6.528  7.594  8.251  8.649  8.872  8.968  8.961  8.871  8.714  8.498  8.235  7.934  7.603  7.250  6.884  6.509
 0.448 0.591 0.712 0.816 0.905 0.985 1.059 1.127 1.191 1.250 1.304 1.351 1.391 1.422 1.447 1.470
  6.686  7.700  8.342  8.735  8.950  9.028  9.003  8.897  8.724  8.496  8.220  7.901  7.546  7.159  6.747  6.319
 0.470 0.603 0.719 0.822 0.914 0.997 1.071 1.139 1.202 1.261 1.318 1.372 1.423 1.472 1.518 1.561
  6.916  7.833  8.348  8.641  8.796  8.852  8.827  8.736  8.590  8.400  8.173  7.917  7.637  7.341  7.035  6.724
 0.533 0.683 0.793 0.876 0.945 1.009 1.069 1.125 1.176 1.222 1.261 1.295 1.322 1.342 1.357 1.366
  6.887  8.018  8.704  9.089  9.274  9.313  9.249  9.110  8.913  8.669  8.388  8.076  7.739  7.381  7.010  6.634
 0.468 0.612 0.736 0.845 0.938 1.018 1.087 1.147 1.201 1.252 1.299 1.344 1.385 1.424 1.461 1.499
  6.762  7.785  8.372  8.709  8.889  8.950  8.915  8.808  8.642  8.435  8.196  7.929  7.634  7.312  6.968  6.609
 0.485 0.641 0.760 0.852 0.932 1.006 1.075 1.138 1.191 1.234 1.270 1.305 1.341 1.378 1.414 1.444
  6.786  7.752  8.339  8.677  8.844  8.894  8.859  8.761  8.614  8.425  8.200  7.939  7.644  7.317  6.959  6.573
 0.482 0.623 0.745 0.851 0.943 1.018 1.080 1.132 1.178 1.219 1.260 1.300 1.343 1.387 1.431 1.475
  6.798  7.785  8.377  8.712  8.876  8.915  8.862  8.737  8.554  8.328  8.067  7.776  7.459  7.115  6.747  6.357
 0.481 0.626 0.749 0.854 0.944 1.024 1.095 1.158 1.213 1.260 1.301 1.337 1.373 1.411 1.451 1.490
  6.403  7.509  8.187  8.586  8.842  8.970  8.988  8.914  8.765  8.554  8.290  7.981  7.635  7.258  6.865  6.488
 0.475 0.617 0.742 0.812 0.884 0.962 1.038 1.110 1.178 1.242 1.301 1.358 1.410 1.453 1.479 1.475
  6.717  7.706  8.321  8.702  8.914  8.992  8.967  8.860  8.685  8.458  8.183  7.871  7.526  7.149  6.751  6.335
 0.481 0.616 0.727 0.824 0.913 0.996 1.072 1.142 1.205 1.262 1.315 1.364 1.410 1.455 1.499 1.543
  6.755  7.926  8.606  8.949  9.081  9.085  9.007  8.872  8.688  8.462  8.198  7.897  7.563  7.200  6.811  6.403
 0.464 0.619 0.761 0.876 0.965 1.035 1.095 1.149 1.200 1.249 1.297 1.345 1.392 1.437 1.479 1.520
  7.522  8.162  8.567  8.846  9.000  9.047  9.004  8.882  8.692  8.444  8.147  7.808  7.433  7.028  6.600  6.157
 0.719 0.802 0.818 0.874 0.941 1.009 1.079 1.148 1.214 1.277 1.336 1.392 1.445 1.496 1.547 1.597
  6.960  8.059  8.704  9.052  9.200  9.210  9.117  8.950  8.727  8.458  8.151  7.811  7.444  7.050  6.635  6.209
 0.472 0.624 0.753 0.864 0.958 1.040 1.112 1.175 1.234 1.288 1.340 1.388 1.434 1.479 1.526 1.574
  6.476  7.500  8.129  8.524  8.763  8.891  8.927  8.883  8.772  8.601  8.381  8.121  7.828  7.507  7.164  6.803
 0.467 0.612 0.728 0.818 0.894 0.960 1.024 1.086 1.146 1.202 1.254 1.300 1.340 1.376 1.409 1.439
  6.030  7.172  7.924  8.420  8.727  8.904  8.976  8.967  8.901  8.792  8.650  8.473  8.256  8.000  7.707  7.380
 0.432 0.555 0.664 0.763 0.849 0.925 0.994 1.053 1.100 1.137 1.170 1.207 1.248 1.293 1.341 1.389
  6.536  7.579  8.227  8.624  8.851  8.957  8.974  8.917  8.799  8.626  8.406  8.147  7.856  7.547  7.231  6.919
 0.477 0.616 0.729 0.822 0.902 0.971 1.033 1.092 1.148 1.202 1.252 1.298 1.336 1.360 1.369 1.373
  7.194  8.115  8.624  8.887  8.991  8.982  8.886  8.722  8.499  8.226  7.909  7.555  7.172  6.768  6.357  5.946
 0.570 0.704 0.806 0.897 0.977 1.051 1.120 1.186 1.249 1.308 1.365 1.417 1.462 1.498 1.527 1.553
  6.924  8.086  8.789  9.175  9.344  9.358  9.262  9.087  8.856  8.586  8.288  7.972  7.647  7.316  6.981  6.637
 0.453 0.603 0.736 0.852 0.952 1.040 1.114 1.176 1.229 1.273 1.312 1.346 1.373 1.389 1.401 1.419
  5.901  7.088  7.869  8.374  8.680  8.846  8.911  8.890  8.801  8.652  8.448  8.199  7.909  7.586  7.237  6.875
 0.437 0.559 0.671 0.773 0.862 0.938 1.004 1.066 1.125 1.182 1.236 1.288 1.337 1.380 1.416 1.445
  6.556  7.716  8.333  8.701  8.919  9.016  9.011  8.920  8.758  8.537  8.265  7.950  7.597  7.213  6.805  6.383
 0.473 0.648 0.755 0.829 0.902 0.979 1.054 1.124 1.191 1.253 1.312 1.367 1.419 1.467 1.513 1.557
  6.539  7.582  8.247  8.661  8.897  8.993  8.982  8.887  8.722  8.502  8.234  7.928  7.588  7.222  6.841  6.453
 0.462 0.593 0.705 0.806 0.899 0.984 1.061 1.132 1.196 1.254 1.308 1.357 1.402 1.441 1.474 1.504
  7.026  8.124  8.504  8.759  8.933  8.996  8.963  8.850  8.669  8.432  8.148  7.825  7.471  7.093  6.697  6.291
 0.560 0.789 0.847 0.864 0.928 1.002 1.073 1.141 1.206 1.267 1.323 1.374 1.418 1.455 1.487 1.517
  6.552  7.556  8.179  8.571  8.809  8.933  8.973  8.941  8.849  8.701  8.500  8.253  7.961  7.630  7.266  6.871
 0.477 0.617 0.729 0.820 0.897 0.960 1.017 1.071 1.123 1.176 1.230 1.283 1.336 1.387 1.437 1.485
  6.934  7.863  8.375  8.705  8.894  8.967  8.948  8.854  8.698  8.489  8.231  7.932  7.597  7.230  6.839  6.431
 0.565 0.710 0.778 0.846 0.923 0.996 1.063 1.125 1.185 1.241 1.295 1.347 1.396 1.441 1.485 1.527
  6.847  7.878  8.496  8.849  9.027  9.075  9.025  8.897  8.701  8.452  8.158  7.824  7.458  7.062  6.646  6.221
 0.474 0.621 0.743 0.845 0.933 1.013 1.087 1.156 1.221 1.281 1.337 1.389 1.438 1.486 1.533 1.582
  6.643  7.645  8.271  8.661  8.882  8.973  8.966  8.886  8.743  8.550  8.310  8.026  7.704  7.345  6.956  6.546
 0.480 0.620 0.729 0.825 0.912 0.989 1.056 1.114 1.169 1.222 1.274 1.326 1.378 1.428 1.476 1.522
  7.745  8.395  8.577  8.812  8.977  9.028  8.987  8.879  8.719  8.518  8.281  8.012  7.712  7.383  7.029  6.651
 0.712 0.895 0.872 0.870 0.939 1.009 1.072 1.127 1.175 1.218 1.260 1.302 1.343 1.385 1.429 1.475
  6.919  7.942  8.635  9.128  9.439  9.606  9.634  9.557  9.390  9.148  8.847  8.490  8.109  7.723  7.335  6.946
 0.489 0.619 0.703 0.779 0.862 0.946 1.028 1.105 1.177 1.244 1.307 1.364 1.419 1.472 1.524 1.576
  6.641  7.672  8.334  8.740  8.955  9.024  8.981  8.853  8.657  8.406  8.111  7.777  7.415  7.030  6.632  6.225
 0.493 0.606 0.714 0.819 0.917 1.006 1.087 1.160 1.226 1.286 1.341 1.390 1.432 1.468 1.498 1.528
  6.534  7.594  8.265  8.677  8.913  9.015  9.008  8.918  8.756  8.535  8.267  7.957  7.612  7.237  6.839  6.431
 0.454 0.592 0.708 0.808 0.898 0.980 1.056 1.127 1.192 1.253 1.309 1.361 1.408 1.454 1.497 1.535
  6.771  7.748  8.302  8.650  8.859  8.950  8.945  8.861  8.715  8.517  8.276  8.002  7.701  7.377  7.035  6.675
 0.525 0.678 0.771 0.840 0.912 0.985 1.054 1.117 1.174 1.227 1.274 1.314 1.349 1.380 1.410 1.445
  7.788  8.293  8.593  8.799  8.918  8.945  8.887  8.756  8.562  8.315  8.027  7.701  7.345  6.962  6.563  6.156
 0.807 0.843 0.855 0.895 0.955 1.023 1.092 1.160 1.222 1.280 1.332 1.380 1.426 1.466 1.502 1.536
  6.803  7.797  8.418  8.783  8.971  9.027  8.984  8.865  8.682  8.446  8.164  7.843  7.488  7.102  6.697  6.283
 0.480 0.615 0.734 0.838 0.929 1.010 1.083 1.149 1.210 1.268 1.322 1.373 1.421 1.468 1.513 1.559
  6.611  7.565  8.172  8.567  8.815  8.944  8.972  8.911  8.774  8.574  8.321  8.024  7.690  7.324  6.932  6.519
 0.512 0.637 0.734 0.816 0.890 0.961 1.032 1.102 1.169 1.231 1.289 1.343 1.392 1.437 1.481 1.526
  7.318  8.079  8.521  8.790  8.929  8.959  8.904  8.782  8.604  8.382  8.119  7.820  7.489  7.135  6.770  6.407
 0.642 0.756 0.821 0.887 0.957 1.024 1.086 1.144 1.197 1.248 1.297 1.344 1.388 1.422 1.442 1.447
  6.712  7.702  8.319  8.701  8.920  9.018  9.021  8.949  8.812  8.616  8.372  8.084  7.759  7.403  7.023  6.627
 0.474 0.609 0.722 0.818 0.903 0.977 1.045 1.107 1.167 1.224 1.279 1.331 1.380 1.425 1.468 1.513
  6.553  7.601  8.271  8.687  8.918  9.005  8.987  8.886  8.717  8.492  8.219  7.903  7.552  7.172  6.773  6.366
 0.466 0.596 0.708 0.812 0.906 0.990 1.065 1.134 1.197 1.257 1.313 1.366 1.416 1.461 1.500 1.526
  5.865  7.411  8.340  8.876  9.163  9.285  9.290  9.211  9.067  8.874  8.641  8.371  8.072  7.743  7.387  7.007
 0.386 0.537 0.677 0.793 0.889 0.968 1.037 1.097 1.151 1.199 1.245 1.290 1.334 1.380 1.426 1.471
  6.742  7.716  8.341  8.732  8.958  9.051  9.044  8.955  8.793  8.574  8.305  7.990  7.642  7.261  6.870  6.481
 0.484 0.613 0.721 0.816 0.901 0.980 1.053 1.122 1.188 1.249 1.308 1.362 1.412 1.460 1.506 1.548
  6.884  7.885  8.429  8.720  8.869  8.916  8.875  8.760  8.580  8.345  8.065  7.745  7.391  7.013  6.627  6.249
 0.509 0.670 0.789 0.873 0.944 1.014 1.083 1.149 1.211 1.270 1.325 1.376 1.423 1.459 1.478 1.480
  7.432  8.255  8.658  8.872  8.973  8.976  8.898  8.750  8.543  8.290  7.998  7.674  7.322  6.948  6.557  6.152
 0.630 0.773 0.853 0.908 0.970 1.038 1.106 1.170 1.229 1.283 1.332 1.376 1.415 1.450 1.484 1.519
  6.416  7.378  8.007  8.438  8.718  8.871  8.922  8.889  8.786  8.625  8.417  8.165  7.876  7.551  7.193  6.805
 0.483 0.617 0.717 0.798 0.873 0.946 1.015 1.078 1.137 1.192 1.242 1.289 1.336 1.383 1.430 1.476
  6.143  7.367  8.091  8.512  8.740  8.837  8.855  8.817  8.732  8.602  8.427  8.213  7.968  7.695  7.393  7.064
 0.445 0.596 0.722 0.828 0.914 0.981 1.030 1.071 1.112 1.156 1.200 1.241 1.278 1.312 1.348 1.388
  6.424  7.410  8.065  8.504  8.782  8.930  8.973  8.930  8.815  8.642  8.420  8.159  7.864  7.542  7.198  6.836
 0.485 0.607 0.705 0.791 0.872 0.948 1.019 1.086 1.148 1.204 1.255 1.301 1.342 1.378 1.410 1.442
  6.512  7.563  8.239  8.659  8.903  9.010  9.011  8.930  8.778  8.570  8.312  8.011  7.673  7.307  6.922  6.526
 0.454 0.588 0.702 0.802 0.893 0.975 1.049 1.118 1.182 1.241 1.297 1.350 1.399 1.442 1.479 1.512
  7.245  8.073  8.489  8.757  8.918  8.977  8.941  8.826  8.644  8.405  8.119  7.793  7.433  7.045  6.642  6.233
 0.615 0.762 0.819 0.865 0.931 1.004 1.076 1.145 1.211 1.272 1.329 1.381 1.428 1.473 1.517 1.563
  5.986  7.063  7.830  8.390  8.730  8.907  8.973  8.954  8.858  8.695  8.480  8.215  7.908  7.567  7.195  6.806
 0.475 0.592 0.675 0.762 0.853 0.926 0.995 1.063 1.128 1.190 1.248 1.303 1.355 1.403 1.449 1.493
  7.728  8.065  8.382  8.671  8.828  8.875  8.838  8.734  8.577  8.377  8.140  7.870  7.570  7.240  6.883  6.502
 0.842 0.881 0.812 0.868 0.944 1.013 1.076 1.133 1.184 1.229 1.272 1.312 1.351 1.391 1.433 1.477
  6.182  7.340  8.076  8.531  8.801  8.940  8.974  8.928  8.815  8.642  8.425  8.168  7.875  7.556  7.208  6.842
 0.443 0.575 0.691 0.791 0.878 0.953 1.022 1.086 1.145 1.200 1.249 1.294 1.335 1.375 1.412 1.452
  5.886  6.745  7.488  8.143  8.586  8.838  8.941  8.926  8.819  8.649  8.435  8.196  7.938  7.660  7.360  7.038
 0.523 0.646 0.681 0.744 0.827 0.907 0.986 1.062 1.130 1.186 1.228 1.258 1.284 1.313 1.344 1.375
  7.039  8.225  8.973  9.412  9.636  9.696  9.628  9.462  9.215  8.904  8.543  8.143  7.728  7.306  6.878  6.442
 0.445 0.582 0.707 0.819 0.921 1.013 1.097 1.174 1.245 1.310 1.367 1.419 1.468 1.516 1.566 1.618
  6.892  7.864  8.436  8.764  8.935  8.987  8.946  8.830  8.650  8.419  8.148  7.846  7.518  7.167  6.794  6.402
 0.511 0.650 0.764 0.855 0.936 1.011 1.082 1.148 1.208 1.262 1.309 1.348 1.382 1.417 1.455 1.498
  8.038  8.121  8.318  8.689  8.909  9.001  8.992  8.904  8.748  8.535  8.272  7.968  7.628  7.259  6.872  6.474
 0.869 0.974 0.758 0.822 0.907 0.983 1.054 1.121 1.183 1.243 1.299 1.352 1.401 1.443 1.480 1.515
  6.952  7.925  8.489  8.797  8.933  8.944  8.863  8.712  8.507  8.256  7.966  7.639  7.280  6.891  6.483  6.062
 0.508 0.658 0.779 0.880 0.967 1.043 1.110 1.170 1.225 1.275 1.324 1.372 1.419 1.463 1.504 1.546
  6.843  7.779  8.329  8.689  8.916  9.036  9.062  9.005  8.879  8.694  8.458  8.183  7.876  7.546  7.199  6.839
 0.543 0.685 0.769 0.832 0.895 0.961 1.027 1.091 1.152 1.210 1.263 1.311 1.351 1.385 1.416 1.448
  6.664  7.657  8.278  8.651  8.857  8.940  8.929  8.842  8.690  8.484  8.234  7.948  7.633  7.293  6.931  6.547
 0.474 0.610 0.727 0.829 0.916 0.992 1.061 1.125 1.185 1.240 1.289 1.332 1.370 1.405 1.442 1.480
  7.017  7.928  8.443  8.751  8.918  8.973  8.938  8.828  8.651  8.420  8.144  7.830  7.485  7.115  6.729  6.331
 0.577 0.701 0.784 0.859 0.933 1.006 1.076 1.143 1.206 1.264 1.318 1.366 1.409 1.445 1.480 1.515
  6.743  7.752  8.388  8.774  8.973  9.029  8.976  8.838  8.635  8.382  8.092  7.773  7.432  7.071  6.692  6.298
 0.471 0.608 0.725 0.830 0.927 1.016 1.096 1.168 1.232 1.286 1.331 1.370 1.402 1.433 1.466 1.499
  7.177  8.282  8.960  9.340  9.516  9.540  9.446  9.260  9.000  8.679  8.310  7.905  7.486  7.064  6.647  6.238
 0.482 0.615 0.737 0.848 0.946 1.035 1.115 1.189 1.258 1.320 1.378 1.431 1.478 1.518 1.548 1.569
