 #  Total cross section table (last run of 'elscata').
 #
 #  Z =  30,   projectile: positron
 #
 #   Energy         ECS         TCS1         TCS2         ABSCS      error
 #    (eV)        (cm**2)      (cm**2)      (cm**2)      (cm**2)
 #--------------------------------------------------------------------------
   1.00000E+02  2.01411E-16  3.54549E-17  5.65107E-17  5.35464E-16  8.9E-06
   1.25000E+02  1.83052E-16  3.26894E-17  5.35650E-17  4.55833E-16  7.9E-05
   1.50000E+02  1.74835E-16  3.07783E-17  5.13633E-17  3.98321E-16  7.2E-06
   1.75000E+02  1.69080E-16  2.90059E-17  4.90128E-17  3.54619E-16  8.0E-06
   2.00000E+02  1.64453E-16  2.73909E-17  4.67102E-17  3.20198E-16  4.3E-06
   2.50000E+02  1.56907E-16  2.46429E-17  4.25917E-17  2.69104E-16  7.1E-06
   3.00000E+02  1.50568E-16  2.23845E-17  3.90878E-17  2.32891E-16  4.9E-05
   3.50000E+02  1.45002E-16  2.05059E-17  3.61249E-17  2.05757E-16  5.8E-06
   4.00000E+02  1.40031E-16  1.89198E-17  3.36012E-17  1.84594E-16  5.6E-06
   4.50000E+02  1.35538E-16  1.75606E-17  3.14244E-17  1.67592E-16  4.3E-05
   5.00000E+02  1.31447E-16  1.63794E-17  2.95244E-17  1.53608E-16  1.2E-05
   6.00000E+02  1.24260E-16  1.44263E-17  2.63637E-17  1.31906E-16  3.8E-06
   7.00000E+02  1.18123E-16  1.28713E-17  2.38262E-17  1.15795E-16  4.4E-06
   8.00000E+02  1.12809E-16  1.16030E-17  2.17382E-17  1.03318E-16  2.3E-05
   9.00000E+02  1.08151E-16  1.05477E-17  1.99846E-17  9.33474E-17  3.7E-06
   1.00000E+03  1.04021E-16  9.65557E-18  1.84872E-17  8.51828E-17  4.2E-05
   1.25000E+03  9.54574E-17  7.93571E-18  1.55495E-17  6.99903E-17  6.4E-03
   1.50000E+03  8.87045E-17  6.70661E-18  1.33943E-17  5.94367E-17  3.7E-03
   1.75000E+03  8.31856E-17  5.78887E-18  1.17434E-17  5.16520E-17  5.4E-03
   2.00000E+03  7.85363E-17  5.07645E-18  1.04320E-17  4.56703E-17  4.7E-03
   2.50000E+03  7.10058E-17  4.03630E-18  8.46396E-18  3.70932E-17  5.2E-03
   3.00000E+03  6.50720E-17  3.31309E-18  7.05439E-18  3.12467E-17  3.9E-03
   3.50000E+03  6.02242E-17  2.78431E-18  5.99999E-18  2.70068E-17  5.4E-03
   4.00000E+03  5.61627E-17  2.38290E-18  5.18544E-18  2.37918E-17  3.8E-03
   4.50000E+03  5.26963E-17  2.06945E-18  4.54048E-18  2.12696E-17  7.0E-03
   5.00000E+03  4.96939E-17  1.81888E-18  4.01913E-18  1.92380E-17  9.6E-03
   6.00000E+03  4.47327E-17  1.44580E-18  3.23287E-18  1.61660E-17  1.1E-02
   7.00000E+03  4.07820E-17  1.18356E-18  2.67251E-18  1.39529E-17  9.4E-03
   8.00000E+03  3.75481E-17  9.90846E-19  2.25616E-18  1.22822E-17  1.4E-02
   9.00000E+03  3.48437E-17  8.44318E-19  1.93664E-18  1.09758E-17  8.5E-03
   1.00000E+04  3.25433E-17  7.29865E-19  1.68502E-18  9.92615E-18  1.1E-02
   1.25000E+04  2.82369E-17  5.32108E-19  1.24513E-18  8.02587E-18  4.9E-07
   1.50000E+04  2.48771E-17  4.08030E-19  9.65008E-19  6.75137E-18  4.8E-07
   1.75000E+04  2.22964E-17  3.24374E-19  7.73882E-19  5.83737E-18  6.2E-07
   2.00000E+04  2.02457E-17  2.64971E-19  6.36822E-19  5.14993E-18  4.9E-07
   2.50000E+04  1.71819E-17  1.87684E-19  4.56444E-19  4.18487E-18  5.4E-07
   3.00000E+04  1.49950E-17  1.40793E-19  3.45591E-19  3.53991E-18  1.0E-07
   3.50000E+04  1.33519E-17  1.10032E-19  2.72136E-19  3.07850E-18  1.0E-07
   4.00000E+04  1.20703E-17  8.86783E-20  2.20725E-19  2.73207E-18  2.2E-07
   4.50000E+04  1.10420E-17  7.32035E-20  1.83213E-19  2.46246E-18  5.4E-07
   5.00000E+04  1.01982E-17  6.16029E-20  1.54928E-19  2.24671E-18  1.0E-07
   6.00000E+04  8.89512E-18  4.56221E-20  1.15687E-19  1.92291E-18  1.0E-07
   7.00000E+04  7.93529E-18  3.53476E-20  9.02513E-20  1.69163E-18  1.0E-07
   8.00000E+04  7.19878E-18  2.83229E-20  7.27430E-20  1.51825E-18  2.7E-06
   9.00000E+04  6.61581E-18  2.32915E-20  6.01312E-20  1.38349E-18  1.1E-06
   1.00000E+05  6.14299E-18  1.95545E-20  5.07166E-20  1.27578E-18  2.5E-06
   1.25000E+05  5.27761E-18  1.35138E-20  3.53920E-20  1.08229E-18  3.1E-06
   1.50000E+05  4.69102E-18  1.00092E-20  2.64213E-20  9.53756E-19  1.7E-05
   1.75000E+05  4.26793E-18  7.77887E-21  2.06702E-20  8.62378E-19  6.5E-05
   2.00000E+05  3.94890E-18  6.26281E-21  1.67362E-20  7.94101E-19  1.9E-04
   2.50000E+05  3.50111E-18  4.37626E-21  1.18035E-20  6.99155E-19  1.0E-03
   3.00000E+05  3.20326E-18  3.27804E-21  8.90604E-21  6.36194E-19  3.4E-03
   3.50000E+05  2.99195E-18  2.57484E-21  7.03697E-21  5.91080E-19  9.0E-03
   4.00000E+05  2.83499E-18  2.09320E-21  5.74866E-21  5.60842E-19  4.2E-06
   4.50000E+05  2.71433E-18  1.74632E-21  4.81578E-21  5.35988E-19  4.7E-06
   5.00000E+05  2.61904E-18  1.48664E-21  4.11405E-21  5.16457E-19  5.2E-06
   6.00000E+05  2.47903E-18  1.12745E-21  3.13774E-21  4.87757E-19  1.1E-07
   7.00000E+05  2.38202E-18  8.93712E-22  2.49814E-21  4.67994E-19  5.4E-07
   8.00000E+05  2.31153E-18  7.31277E-22  2.05120E-21  4.53677E-19  1.0E-07
   9.00000E+05  2.25845E-18  6.12797E-22  1.72373E-21  4.42898E-19  1.0E-07
   1.00000E+06  2.21733E-18  5.23123E-22  1.47494E-21  4.34559E-19  1.0E-07
   1.25000E+06  2.15050E-18  3.75991E-22  1.06475E-21  0.00000E+00  1.0E-05
   1.50000E+06  2.10598E-18  2.84872E-22  8.09252E-22  0.00000E+00  1.0E-05
   1.75000E+06  2.07653E-18  2.24809E-22  6.40139E-22  0.00000E+00  1.0E-05
   2.00000E+06  2.05588E-18  1.82763E-22  5.21380E-22  0.00000E+00  1.0E-05
   2.50000E+06  2.02961E-18  1.28711E-22  3.68200E-22  0.00000E+00  1.0E-05
   3.00000E+06  2.01410E-18  9.61970E-23  2.75739E-22  0.00000E+00  1.0E-05
   3.50000E+06  2.00391E-18  7.49467E-23  2.15158E-22  0.00000E+00  1.0E-05
   4.00000E+06  1.99738E-18  6.02185E-23  1.73091E-22  0.00000E+00  1.0E-05
   4.50000E+06  1.99107E-18  4.95495E-23  1.42571E-22  0.00000E+00  1.0E-05
   5.00000E+06  1.99298E-18  4.15741E-23  1.19731E-22  0.00000E+00  1.0E-05
   6.00000E+06  1.98433E-18  3.05519E-23  8.81133E-23  0.00000E+00  1.0E-05
   7.00000E+06  1.98092E-18  2.34791E-23  6.77927E-23  0.00000E+00  1.0E-05
   8.00000E+06  1.97940E-18  1.86511E-23  5.39044E-23  0.00000E+00  1.0E-05
   9.00000E+06  1.97833E-18  1.51997E-23  4.39655E-23  0.00000E+00  1.0E-05
   1.00000E+07  1.97731E-18  1.26418E-23  3.65928E-23  0.00000E+00  1.0E-05
   1.25000E+07  1.97641E-18  8.52812E-24  2.47226E-23  0.00000E+00  1.0E-05
   1.50000E+07  1.97572E-18  6.16225E-24  1.78859E-23  0.00000E+00  1.0E-05
   1.75000E+07  1.97518E-18  4.67181E-24  1.35742E-23  0.00000E+00  1.0E-05
   2.00000E+07  1.97480E-18  3.66991E-24  1.06733E-23  0.00000E+00  1.0E-05
   2.50000E+07  1.97439E-18  2.44427E-24  7.12082E-24  0.00000E+00  1.0E-05
   3.00000E+07  1.97449E-18  1.74878E-24  5.10267E-24  0.00000E+00  1.0E-05
   3.50000E+07  1.97377E-18  1.31498E-24  3.84265E-24  0.00000E+00  1.0E-05
   4.00000E+07  1.97337E-18  1.02567E-24  3.00161E-24  0.00000E+00  1.0E-05
   4.50000E+07  1.97389E-18  8.22772E-25  2.41131E-24  0.00000E+00  1.0E-05
   5.00000E+07  1.97196E-18  6.74775E-25  1.98038E-24  0.00000E+00  1.0E-05
   6.00000E+07  1.97186E-18  4.77631E-25  1.40565E-24  0.00000E+00  1.0E-05
   7.00000E+07  1.97302E-18  3.55715E-25  1.04956E-24  0.00000E+00  1.0E-05
   8.00000E+07  1.97306E-18  2.75022E-25  8.13381E-25  0.00000E+00  1.0E-05
   9.00000E+07  1.97313E-18  2.18874E-25  6.48665E-25  0.00000E+00  1.0E-05
   1.00000E+08  1.97363E-18  1.78259E-25  5.29237E-25  0.00000E+00  1.0E-05
   1.25000E+08  1.97394E-18  1.15103E-25  3.42849E-25  0.00000E+00  1.0E-05
   1.50000E+08  1.97407E-18  8.03562E-26  2.39837E-25  0.00000E+00  1.0E-05
   1.75000E+08  1.97402E-18  5.92415E-26  1.77046E-25  0.00000E+00  1.0E-05
   2.00000E+08  1.97401E-18  4.54663E-26  1.35996E-25  0.00000E+00  1.0E-05
   2.50000E+08  1.97403E-18  2.91892E-26  8.74006E-26  0.00000E+00  1.0E-05
   3.00000E+08  1.97392E-18  2.03097E-26  6.08481E-26  0.00000E+00  1.9E-04
   3.50000E+08  1.97348E-18  1.49411E-26  4.47794E-26  0.00000E+00  3.3E-04
   4.00000E+08  1.97297E-18  1.14505E-26  3.43257E-26  0.00000E+00  5.2E-04
   4.50000E+08  1.97305E-18  9.05416E-27  2.71464E-26  0.00000E+00  3.8E-04
   5.00000E+08  1.97109E-18  7.33805E-27  2.20036E-26  0.00000E+00  1.0E+00
   6.00000E+08  1.97001E-18  5.10055E-27  1.52965E-26  0.00000E+00  1.0E+00
   7.00000E+08  1.96989E-18  3.75024E-27  1.12480E-26  0.00000E+00  1.0E+00
   8.00000E+08  1.96779E-18  2.87299E-27  8.61737E-27  0.00000E+00  1.0E+00
   9.00000E+08  1.96516E-18  2.27128E-27  6.81284E-27  0.00000E+00  1.0E+00
   1.00000E+09  1.96205E-18  1.84079E-27  5.52170E-27  0.00000E+00  1.0E+00
