0.0002 3.3102
0.000225 3.4121
0.00025 3.5133
0.000275 3.613
0.0003 3.7109
0.000325 3.8071
0.00035 3.9027
0.000375 3.9972
0.0004 4.0923
0.00045 4.2824
0.0005 4.4729
0.00055 4.6643
0.0006 4.8545
0.00065 5.0439
0.0007 5.2328
0.0008 5.6045
0.0009 5.9692
0.001 6.3273
0.0011 6.6788
0.0012 7.0259
0.0013 7.3671
0.0014 7.704
0.0015 8.0352
0.0016 8.3626
0.0017 8.685
0.0018 9.0032
0.002 9.6236
0.00225 10.3746
0.0025 11.0831
0.00275 11.7634
0.003 12.3951
0.00325 12.998
0.0035 13.5517
0.00375 14.0762
0.004 14.5514
0.0045 15.413
0.005 16.1362
0.0055 16.7405
0.006 17.2556
0.0065 17.6814
0.007 18.0277
0.008 18.5617
0.009 18.9068
0.01 19.1229
0.011 19.2296
0.012 19.2568
0.013 19.2244
0.014 19.1523
0.015 19.0305
0.016 18.8888
0.017 18.7274
0.018 18.5461
0.02 18.1538
0.0225 17.6416
0.025 17.1197
0.0275 16.5981
0.03 16.0968
0.0325 15.6257
0.035 15.1647
0.0375 14.7339
0.04 14.3231
0.045 13.5618
0.05 13.0708
0.055 12.5499
0.06 11.9892
0.065 11.4886
0.07 11.038
0.08 10.2572
0.09 9.59145
0.1 9.01988
0.11 8.5214
0.12 8.082
0.13 7.68966
0.14 7.33936
0.15 7.02111
0.16 6.73288
0.17 6.46967
0.18 6.22749
0.2 5.79818
0.225 5.34486
0.25 4.9626
0.275 4.63539
0.3 4.35221
0.325 4.10506
0.35 3.88693
0.375 3.69381
0.4 3.52071
0.45 3.22354
0.5 2.9784
0.55 2.77128
0.6 2.59319
0.65 2.4371
0.7 2.29803
0.8 2.06191
0.9 1.87482
1.00 1.72175
1.10 1.59468
1.20 1.48763
1.30 1.39559
1.40 1.31555
1.50 1.24552
1.60 1.18449
1.70 1.12946
1.80 1.08044
2.00 0.995997
2.25 0.910556
2.50 0.841423
2.75 0.784196
3.00 0.736074
3.25 0.695054
3.50 0.659738
3.75 0.628823
4.00 0.60171
4.50 0.556189
5.00 0.519471
5.50 0.489257
6.00 0.464045
6.50 0.442634
7.00 0.424225
8.00 0.394411
9.00 0.3712
10.00 0.35269
11.00 0.337683
12.00 0.325276
13.00 0.314871
14.00 0.306066
15.00 0.298562
16.00 0.291958
17.00 0.286355
18.00 0.281352
20.00 0.273148
22.50 0.265343
25.00 0.259339
27.50 0.254735
30.00 0.251133
32.50 0.24823
35.00 0.246028
37.50 0.244226
40.00 0.242825
45.00 0.240722
50.00 0.23952
55.00 0.238819
60.00 0.238417
65.00 0.238316
70.00 0.238515
80.00 0.239113
90.00 0.240012
100.00 0.241211
