0.000325 5.898
0.00035 5.941
0.000375 5.994
0.0004 6.055
0.00045 6.197
0.0005 6.355
0.00055 6.525
0.0006 6.704
0.00065 6.889
0.0007 7.0771
0.0008 7.4592
0.0009 7.8387
0.001 8.21
0.0011 8.5707
0.0012 8.918
0.0013 9.2545
0.0014 9.5794
0.0015 9.8949
0.0016 10.2004
0.0017 10.4985
0.0018 10.7918
0.002 11.3537
0.00225 12.0342
0.0025 12.6913
0.00275 13.3335
0.003 13.9597
0.00325 14.569
0.0035 15.1708
0.00375 15.7647
0.004 16.3404
0.0045 17.4658
0.005 18.5255
0.0055 19.5385
0.006 20.4839
0.0065 21.3614
0.007 22.1804
0.008 23.652
0.009 24.9073
0.01 25.9853
0.011 26.8951
0.012 27.6765
0.013 28.3291
0.014 28.8827
0.015 29.347
0.016 29.7319
0.017 30.0474
0.018 30.3134
0.02 30.6764
0.0225 30.8992
0.025 30.9433
0.0275 30.8484
0.03 30.6643
0.0325 30.4008
0.035 30.0977
0.0375 29.755
0.04 29.3925
0.045 28.6385
0.05 27.8652
0.055 27.1024
0.06 26.3601
0.065 25.6581
0.07 24.9863
0.08 24.1935
0.09 23.1112
0.1 22.0993
0.11 21.1978
0.12 20.3865
0.13 19.6554
0.14 18.9744
0.15 18.3535
0.16 17.7828
0.17 17.2521
0.18 16.7615
0.2 15.8605
0.225 14.8895
0.25 14.0386
0.275 13.2879
0.3 12.6174
0.325 12.0268
0.35 11.4864
0.375 10.996
0.4 10.5457
0.45 9.76213
0.5 9.09367
0.55 8.51729
0.6 8.01597
0.65 7.57569
0.7 7.18545
0.8 6.52506
0.9 5.98676
1.00 5.53651
1.10 5.1533
1.20 4.82513
1.30 4.54098
1.40 4.29185
1.50 4.07374
1.60 3.87364
1.70 3.69255
1.80 3.52847
2.00 3.24734
2.25 2.9612
2.50 2.72809
2.75 2.535
3.00 2.37093
3.25 2.23186
3.50 2.11081
3.75 2.00476
4.00 1.91171
4.50 1.75464
5.00 1.62758
5.50 1.52253
6.00 1.43449
6.50 1.35846
7.00 1.29443
8.00 1.18838
9.00 1.10534
10.00 1.03931
11.00 0.984282
12.00 0.93876
13.00 0.900242
14.00 0.867326
15.00 0.838912
16.00 0.8141
17.00 0.792389
18.00 0.773079
20.00 0.740762
22.50 0.708846
25.00 0.683932
27.50 0.664021
30.00 0.647912
32.50 0.634604
35.00 0.623697
37.50 0.614491
40.00 0.606686
45.00 0.594577
50.00 0.58567
55.00 0.579164
60.00 0.574259
65.00 0.570654
70.00 0.567951
80.00 0.564745
90.00 0.56334
100.00 0.563036
110.00 0.563533
120.00 0.564531
130.00 0.565929
140.00 0.567527
150.00 0.569225
160.00 0.571024
170.00 0.572922
180.00 0.574821
200.00 0.578619
225.00 0.583317
250.00 0.587916
