1e-05 0.7057
1.1e-05 0.7157
1.2e-05 0.7259
1.3e-05 0.7363
1.4e-05 0.7468
1.5e-05 0.7557
1.6e-05 0.7647
1.7e-05 0.7736
1.8e-05 0.7827
2e-05 0.8012
2.25e-05 0.8243
2.5e-05 0.8474
2.75e-05 0.8704
3e-05 0.8933
3.25e-05 0.9161
3.5e-05 0.9386
3.75e-05 0.9608
4e-05 0.9828
4.5e-05 1.0259
5e-05 1.06791
5.5e-05 1.1093
6e-05 1.14892
6.5e-05 1.18721
7e-05 1.22404
8e-05 1.295
9e-05 1.36126
0.0001 1.42247
0.00011 1.48042
0.00012 1.53394
0.00013 1.5849
0.00014 1.63524
0.00015 1.68288
0.00016 1.73077
0.00017 1.77887
0.00018 1.82616
0.0002 1.92217
0.000225 2.04209
0.00025 2.16054
0.000275 2.2784
0.0003 2.39358
0.000325 2.506
0.00035 2.61462
0.000375 2.7194
0.0004 2.82032
0.00045 3.00847
0.0005 3.17996
0.00055 3.33469
0.0006 3.47361
0.00065 3.59668
0.0007 3.70487
0.0008 3.88352
0.0009 4.01845
0.001 4.11757
0.0011 4.18684
0.0012 4.23221
0.0013 4.25768
0.0014 4.26721
0.0015 4.2638
0.0016 4.24944
0.0017 4.22812
0.0018 4.19883
0.002 4.12733
0.00225 4.02182
0.0025 3.9064
0.00275 3.78806
0.003 3.67076
0.00325 3.55651
0.0035 3.4463
0.00375 3.34011
0.004 3.23994
0.0045 3.05365
0.005 2.88642
0.0055 2.73623
0.006 2.60106
0.0065 2.47992
0.007 2.3698
0.008 2.1786
0.009 2.01845
0.01 1.88232
0.011 1.76521
0.012 1.66312
0.013 1.57404
0.014 1.49498
0.015 1.43292
0.016 1.37187
0.017 1.30982
0.018 1.25178
0.02 1.15171
0.0225 1.04864
0.025 0.963984
0.0275 0.893237
0.03 0.833196
0.0325 0.781262
0.035 0.736132
0.0375 0.696306
0.04 0.660983
0.045 0.600845
0.05 0.551614
0.055 0.510488
0.06 0.475566
0.065 0.445448
0.07 0.419232
0.08 0.375805
0.09 0.341185
0.1 0.312868
0.11 0.289254
0.12 0.269342
0.13 0.252132
0.14 0.237224
0.15 0.224116
0.16 0.212609
0.17 0.202204
0.18 0.192998
0.2 0.176989
0.225 0.16078
0.25 0.147573
0.275 0.136567
0.3 0.127262
0.325 0.119357
0.35 0.112453
0.375 0.10635
0.4 0.101047
0.45 0.0920824
0.5 0.0847885
0.55 0.0787553
0.6 0.0736626
0.65 0.0693103
0.7 0.0655483
0.8 0.059365
0.9 0.0544924
1.00 0.0505603
1.10 0.0473086
1.20 0.0445772
1.30 0.042246
1.40 0.0402449
1.50 0.038494
1.60 0.0369632
1.70 0.0356124
1.80 0.0344018
2.00 0.0323407
2.25 0.0302696
2.50 0.0286187
2.75 0.027268
3.00 0.0261473
3.25 0.0252068
3.50 0.0243964
3.75 0.023706
4.00 0.0231056
4.50 0.022125
5.00 0.0213546
