0.00035 6.69
0.000375 6.748
0.0004 6.805
0.00045 6.916
0.0005 7.026
0.00055 7.136
0.0006 7.247
0.00065 7.363
0.0007 7.482
0.0008 7.733
0.0009 7.997
0.001 8.271
0.0011 8.5502
0.0012 8.832
0.0013 9.1154
0.0014 9.3983
0.0015 9.6806
0.0016 9.9617
0.0017 10.2411
0.0018 10.5192
0.002 11.0722
0.00225 11.7512
0.0025 12.4187
0.00275 13.0827
0.003 13.7318
0.00325 14.3748
0.0035 15.0112
0.00375 15.6302
0.004 16.2314
0.0045 17.4093
0.005 18.5328
0.0055 19.6004
0.006 20.6013
0.0065 21.5448
0.007 22.4303
0.008 24.0361
0.009 25.4467
0.01 26.6607
0.011 27.7373
0.012 28.6659
0.013 29.4861
0.014 30.2075
0.015 30.84
0.016 31.4033
0.017 31.8873
0.018 32.3119
0.02 33.0125
0.0225 33.643
0.025 34.0551
0.0275 34.2986
0.03 34.4131
0.0325 34.4283
0.035 34.3642
0.0375 34.2406
0.04 34.0673
0.045 33.6119
0.05 33.0774
0.055 32.4837
0.06 31.8606
0.065 31.2379
0.07 30.6056
0.08 29.5417
0.09 28.8086
0.1 27.7461
0.11 26.7441
0.12 25.8123
0.13 24.9608
0.14 24.1595
0.15 23.4184
0.16 22.7174
0.17 22.0665
0.18 21.4557
0.2 20.3343
0.225 19.1029
0.25 18.0217
0.275 17.0708
0.3 16.22
0.325 15.4593
0.35 14.7687
0.375 14.1382
0.4 13.5777
0.45 12.577
0.5 11.7363
0.55 11.0158
0.6 10.3954
0.65 9.84402
0.7 9.3607
0.8 8.54017
0.9 7.86475
1.00 7.29141
1.10 6.78913
1.20 6.3489
1.30 5.9777
1.40 5.65352
1.50 5.36737
1.60 5.11224
1.70 4.88312
1.80 4.67801
2.00 4.31583
2.25 3.93464
2.50 3.62449
2.75 3.36537
3.00 3.14726
3.25 2.96018
3.50 2.7981
3.75 2.65703
4.00 2.53097
4.50 2.32087
5.00 2.14979
5.50 2.00873
6.00 1.88967
6.50 1.78762
7.00 1.70058
8.00 1.55752
9.00 1.44546
10.00 1.35442
11.00 1.28039
12.00 1.21836
13.00 1.16633
14.00 1.12131
15.00 1.08229
16.00 1.04827
17.00 1.01826
18.00 0.992045
20.00 0.947323
22.50 0.9032
25.00 0.868481
27.50 0.840566
30.00 0.817853
32.50 0.799142
35.00 0.783433
37.50 0.770224
40.00 0.759017
45.00 0.741305
50.00 0.728095
55.00 0.718087
60.00 0.71048
65.00 0.704675
70.00 0.70017
80.00 0.694262
90.00 0.690955
100.00 0.68945
110.00 0.689146
120.00 0.689542
130.00 0.690539
140.00 0.691937
150.00 0.693534
160.00 0.695332
170.00 0.697231
180.00 0.699229
200.00 0.703426
225.00 0.708623
250.00 0.713821
