18.1 2 1.8761
18.1 4 3.3139
18.1 5 3.9766
18.1 6 4.6221
18.1 8 5.8755
18.1 10 7.1466
18.1 12 8.3546
18.1 14 9.5082
18.1 16 10.6143
18.1 18 11.6389
18.1 20 12.6383
18.1 22 13.6156
18.1 24 14.5731
18.1 26 15.5129
18.1 28 16.4366
18.1 30 17.3455
18.1 32 18.2408
18.1 36 20.0203
18.1 40 21.7480
18.1 44 23.4296
18.1 48 25.0698
18.1 52 26.6724
18.1 56 28.2406
18.1 60 29.7771
18.1 64 31.2845
18.1 68 32.7647
18.1 72 34.2195
18.1 76 35.6505
18.1 80 37.0592
18.1 90 40.4914
18.1 100 43.8086
18.1 110 47.0241
18.1 120 50.1485
18.1 130 53.1910
18.1 140 56.1587
18.1 150 59.0581
18.1 160 61.8945
18.1 170 64.6725
18.1 180 67.3964
18.1 190 70.0696
18.1 200 72.6955
18.1 210 75.2766
18.2 2 1.8753
18.2 4 3.3112
18.2 5 3.9732
18.2 6 4.6177
18.2 8 5.8691
18.2 10 7.1370
18.2 12 8.3421
18.2 14 9.4930
18.2 16 10.5965
18.2 18 11.6194
18.2 20 12.6170
18.2 22 13.5925
18.2 24 14.5482
18.2 26 15.4862
18.2 28 16.4080
18.2 30 17.3150
18.2 32 18.2084
18.2 36 19.9836
18.2 40 21.7070
18.2 44 23.3844
18.2 48 25.0204
18.2 52 26.6189
18.2 56 28.1831
18.2 60 29.7156
18.2 64 31.2190
18.2 68 32.6952
18.2 72 34.1462
18.2 76 35.5734
18.2 80 36.9783
18.2 90 40.4013
18.2 100 43.7094
18.2 110 46.9160
18.2 120 50.0319
18.2 130 53.0658
18.2 140 56.0252
18.2 150 58.9164
18.2 160 61.7448
18.2 170 64.5150
18.2 180 67.2311
18.2 190 69.8968
18.2 200 72.5151
18.2 210 75.0890
18.3 2 1.8747
18.3 4 3.3083
18.3 5 3.9694
18.3 6 4.6130
18.3 8 5.8623
18.3 10 7.1275
18.3 12 8.3299
18.3 14 9.4783
18.3 16 10.5795
18.3 18 11.6009
18.3 20 12.5971
18.3 22 13.5709
18.3 24 14.5250
18.3 26 15.4612
18.3 28 16.3812
18.3 30 17.2863
18.3 32 18.1778
18.3 36 19.9479
18.3 40 21.6664
18.3 44 23.3390
18.3 48 24.9703
18.3 52 26.5641
18.3 56 28.1238
18.3 60 29.6519
18.3 64 31.1510
18.3 68 32.6230
18.3 72 34.0697
18.3 76 35.4929
18.3 80 36.8938
18.3 90 40.3072
18.3 100 43.6061
18.3 110 46.8040
18.3 120 49.9115
18.3 130 52.9374
18.3 140 55.8891
18.3 150 58.7730
18.3 160 61.5942
18.3 170 64.3576
18.3 180 67.0672
18.3 190 69.7264
18.3 200 72.3387
18.3 210 74.9068
18.4 2 1.8748
18.4 4 3.3054
18.4 5 3.9656
18.4 6 4.6084
18.4 8 5.8560
18.4 10 7.1196
18.4 12 8.3205
18.4 14 9.4676
18.4 16 10.5675
18.4 18 11.5887
18.4 20 12.5843
18.4 22 13.5576
18.4 24 14.5108
18.4 26 15.4459
18.4 28 16.3647
18.4 30 17.2684
18.4 32 18.1584
18.4 36 19.9224
18.4 40 21.6351
18.4 44 23.3022
18.4 48 24.9281
18.4 52 26.5169
18.4 56 28.0716
18.4 60 29.5951
18.4 64 31.0897
18.4 68 32.5575
18.4 72 34.0002
18.4 76 35.4195
18.4 80 36.8168
18.4 90 40.2217
18.4 100 43.5132
18.4 110 46.7046
18.4 120 49.8064
18.4 130 52.8274
18.4 140 55.7751
18.4 150 58.6554
18.4 160 61.4739
18.4 170 64.2350
18.4 180 66.9428
18.4 190 69.6011
18.4 200 72.2125
18.4 210 74.7803
18.6 2 1.8747
18.6 4 3.3022
18.6 5 3.9614
18.6 6 4.6032
18.6 8 5.8489
18.6 10 7.1106
18.6 12 8.3097
18.6 14 9.4550
18.6 16 10.5533
18.6 18 11.5739
18.6 20 12.5687
18.6 22 13.5409
18.6 24 14.4929
18.6 26 15.4267
18.6 28 16.3439
18.6 30 17.2459
18.6 32 18.1340
18.6 36 19.8915
18.6 40 21.5979
18.6 44 23.2588
18.6 48 24.8789
18.6 52 26.4620
18.6 56 28.0113
18.6 60 29.5296
18.6 64 31.0192
18.6 68 32.4822
18.6 72 33.9203
18.6 76 35.3352
18.6 80 36.7283
18.6 90 40.1233
18.6 100 43.4059
18.6 110 46.5893
18.6 120 49.6840
18.6 130 52.6987
18.6 140 55.6406
18.6 150 58.5160
18.6 160 61.3300
18.6 170 64.0873
18.6 180 66.7920
18.6 190 69.4473
18.6 200 72.0566
18.6 210 74.6224
18.7 2 1.8746
18.7 4 3.2987
18.7 5 3.9568
18.7 6 4.5975
18.7 8 5.8410
18.7 10 7.1004
18.7 12 8.2973
18.7 14 9.4406
18.7 16 10.5369
18.7 18 11.5565
18.7 20 12.5502
18.7 22 13.5210
18.7 24 14.4715
18.7 26 15.4036
18.7 28 16.3189
18.7 30 17.2189
18.7 32 18.1048
18.7 36 19.8552
18.7 40 21.5548
18.7 44 23.2091
18.7 48 24.8228
18.7 52 26.3997
18.7 56 27.9430
18.7 60 29.4556
18.7 64 30.9396
18.7 68 32.3972
18.7 72 33.8302
18.7 76 35.2401
18.7 80 36.6283
18.7 90 40.0120
18.7 100 43.2843
18.7 110 46.4582
18.7 120 49.5443
18.7 130 52.5511
18.7 140 55.4858
18.7 150 58.3547
18.7 160 61.1627
18.7 170 63.9147
18.7 180 66.6144
18.7 190 69.2655
18.7 200 71.8708
18.7 210 74.4333
18.8 2 1.8743
18.8 4 3.2949
18.8 5 3.9518
18.8 6 4.5912
18.8 8 5.8323
18.8 10 7.0890
18.8 12 8.2835
18.8 14 9.4243
18.8 16 10.5184
18.8 18 11.5366
18.8 20 12.5288
18.8 22 13.4979
18.8 24 14.4465
18.8 26 15.3765
18.8 28 16.2896
18.8 30 17.1873
18.8 32 18.0707
18.8 36 19.8136
18.8 40 21.5057
18.8 44 23.1529
18.8 48 24.7597
18.8 52 26.3299
18.8 56 27.8668
18.8 60 29.3730
18.8 64 30.8510
18.8 68 32.3027
18.8 72 33.7299
18.8 76 35.1343
18.8 80 36.5171
18.8 90 39.8881
18.8 100 43.1486
18.8 110 46.3115
18.8 120 49.3874
18.8 130 52.3849
18.8 140 55.3109
18.8 150 58.1716
18.8 160 60.9722
18.8 170 63.7172
18.8 180 66.4106
18.8 190 69.0557
18.8 200 71.6556
18.8 210 74.2131
19.0 2 1.8739
19.0 4 3.2909
19.0 5 3.9464
19.0 6 4.5844
19.0 8 5.8227
19.0 10 7.0765
19.0 12 8.2681
19.0 14 9.4063
19.0 16 10.4977
19.0 18 11.5142
19.0 20 12.5045
19.0 22 13.4716
19.0 24 14.4179
19.0 26 15.3456
19.0 28 16.2562
19.0 30 17.1512
19.0 32 18.0318
19.0 36 19.7666
19.0 40 21.4509
19.0 44 23.0904
19.0 48 24.6897
19.0 52 26.2528
19.0 56 27.7826
19.0 60 29.2820
19.0 64 30.7533
19.0 68 32.1986
19.0 72 33.6195
19.0 76 35.0178
19.0 80 36.3947
19.0 90 39.7515
19.0 100 42.9988
19.0 110 46.1494
19.0 120 49.2137
19.0 130 52.2002
19.0 140 55.1159
19.0 150 57.9670
19.0 160 60.7586
19.0 170 63.4951
19.0 180 66.1806
19.0 190 68.8180
19.0 200 71.4111
19.0 210 73.9619
19.2 2 1.8733
19.2 4 3.2866
19.2 5 3.9406
19.2 6 4.5770
19.2 8 5.8122
19.2 10 7.0629
19.2 12 8.2513
19.2 14 9.3864
19.2 16 10.4749
19.2 18 11.4893
19.2 20 12.4774
19.2 22 13.4421
19.2 24 14.3858
19.2 26 15.3108
19.2 28 16.2185
19.2 30 17.1105
19.2 32 17.9880
19.2 36 19.7143
19.2 40 21.3902
19.2 44 23.0216
19.2 48 24.6130
19.2 52 26.1683
19.2 56 27.6906
19.2 60 29.1826
19.2 64 30.6468
19.2 68 32.0850
19.2 72 33.4992
19.2 76 34.8908
19.2 80 36.2612
19.2 90 39.6025
19.2 100 42.8350
19.2 110 45.9718
19.2 120 49.0231
19.2 130 51.9972
19.2 140 54.9012
19.2 150 57.7413
19.2 160 60.5222
19.2 170 63.2488
19.2 180 65.9246
19.2 190 68.5532
19.2 200 71.1374
19.2 210 73.6803
19.3 2 1.8727
19.3 4 3.2820
19.3 5 3.9343
19.3 6 4.5691
19.3 8 5.8010
19.3 10 7.0481
19.3 12 8.2331
19.3 14 9.3647
19.3 16 10.4499
19.3 18 11.4620
19.3 20 12.4474
19.3 22 13.4093
19.3 24 14.3502
19.3 26 15.2721
19.3 28 16.1767
19.3 30 17.0654
19.3 32 17.9395
19.3 36 19.6567
19.3 40 21.3238
19.3 44 22.9465
19.3 48 24.5295
19.3 52 26.0765
19.3 56 27.5907
19.3 60 29.0749
19.3 64 30.5314
19.3 68 31.9621
19.3 72 33.3689
19.3 76 34.7534
19.3 80 36.1167
19.3 90 39.4411
19.3 100 42.6577
19.3 110 45.7791
19.3 120 48.8159
19.3 130 51.7761
19.3 140 54.6669
19.3 150 57.4944
19.3 160 60.2633
19.3 170 62.9784
19.3 180 65.6432
19.3 190 68.2611
19.3 200 70.8352
19.3 210 73.3682
19.5 2 1.8719
19.5 4 3.2772
19.5 5 3.9277
19.5 6 4.5607
19.5 8 5.7889
19.5 10 7.0322
19.5 12 8.2134
19.5 14 9.3413
19.5 16 10.4228
19.5 18 11.4321
19.5 20 12.4146
19.5 22 13.3735
19.5 24 14.3111
19.5 26 15.2296
19.5 28 16.1307
19.5 30 17.0158
19.5 32 17.8862
19.5 36 19.5939
19.5 40 21.2517
19.5 44 22.8653
19.5 48 24.4393
19.5 52 25.9775
19.5 56 27.4832
19.5 60 28.9590
19.5 64 30.4073
19.5 68 31.8300
19.5 72 33.2289
19.5 76 34.6056
19.5 80 35.9615
19.5 90 39.2675
19.5 100 42.4666
19.5 110 45.5715
19.5 120 48.5923
19.5 130 51.5373
19.5 140 54.4134
19.5 150 57.2268
19.5 160 59.9822
19.5 170 62.6841
19.5 180 65.3364
19.5 190 67.9423
19.5 200 70.5047
19.5 210 73.0265
19.7 2 1.8710
19.7 4 3.2720
19.7 5 3.9207
19.7 6 4.5518
19.7 8 5.7760
19.7 10 7.0151
19.7 12 8.1922
19.7 14 9.3161
19.7 16 10.3937
19.7 18 11.3998
19.7 20 12.3790
19.7 22 13.3344
19.7 24 14.2685
19.7 26 15.1834
19.7 28 16.0807
19.7 30 16.9619
19.7 32 17.8282
19.7 36 19.5259
19.7 40 21.1739
19.7 44 22.7779
19.7 48 24.3425
19.7 52 25.8715
19.7 56 27.3681
19.7 60 28.8350
19.7 64 30.2746
19.7 68 31.6887
19.7 72 33.0793
19.7 76 34.4477
19.7 80 35.7955
19.7 90 39.0819
19.7 100 42.2623
19.7 110 45.3491
19.7 120 48.3525
19.7 130 51.2808
19.7 140 54.1408
19.7 150 56.9387
19.7 160 59.6791
19.7 170 62.3667
19.7 180 65.0048
19.7 190 67.5971
19.7 200 70.1464
19.7 210 72.6552
19.9 2 1.8700
19.9 4 3.2667
19.9 5 3.9133
19.9 6 4.5423
19.9 8 5.7623
19.9 10 6.9970
19.9 12 8.1696
19.9 14 9.2892
19.9 16 10.3624
19.9 18 11.3651
19.9 20 12.3407
19.9 22 13.2923
19.9 24 14.2225
19.9 26 15.1334
19.9 28 16.0266
19.9 30 16.9036
19.9 32 17.7656
19.9 36 19.4529
19.9 40 21.0905
19.9 44 22.6845
19.9 48 24.2391
19.9 52 25.7584
19.9 56 27.2455
19.9 60 28.7031
19.9 64 30.1334
19.9 68 31.5385
19.9 72 32.9201
19.9 76 34.2799
19.9 80 35.6190
19.9 90 38.8845
19.9 100 42.0448
19.9 110 45.1122
19.9 120 48.0969
19.9 130 51.0071
19.9 140 53.8496
19.9 150 56.6305
19.9 160 59.3546
19.9 170 62.0260
19.9 180 64.6486
19.9 190 67.2259
19.9 200 69.7605
19.9 210 72.2552
20.2 2 1.8689
20.2 4 3.2610
20.2 5 3.9055
20.2 6 4.5323
20.2 8 5.7478
20.2 10 6.9777
20.2 12 8.1456
20.2 14 9.2605
20.2 16 10.3291
20.2 18 11.3279
20.2 20 12.2996
20.2 22 13.2471
20.2 24 14.1731
20.2 26 15.0797
20.2 28 15.9684
20.2 30 16.8409
20.2 32 17.6984
20.2 36 19.3747
20.2 40 21.0017
20.2 44 22.5851
20.2 48 24.1294
20.2 52 25.6385
20.2 56 27.1156
20.2 60 28.5632
20.2 64 29.9839
20.2 68 31.3794
20.2 72 32.7517
20.2 76 34.1021
20.2 80 35.4322
20.2 90 38.6755
20.2 100 41.8142
20.2 110 44.8610
20.2 120 47.8256
20.2 130 50.7163
20.2 140 53.5400
20.2 150 56.3025
20.2 160 59.0087
20.2 170 61.6627
20.2 180 64.2685
20.2 190 66.8292
20.2 200 69.3476
20.2 210 71.8266
20.4 2 1.8677
20.4 4 3.2551
20.4 5 3.8973
20.4 6 4.5218
20.4 8 5.7325
20.4 10 6.9573
20.4 12 8.1202
20.4 14 9.2301
20.4 16 10.2938
20.4 18 11.2884
20.4 20 12.2557
20.4 22 13.1989
20.4 24 14.1204
20.4 26 15.0223
20.4 28 15.9063
20.4 30 16.7740
20.4 32 17.6266
20.4 36 19.2916
20.4 40 20.9074
20.4 44 22.4798
20.4 48 24.0133
20.4 52 25.5117
20.4 56 26.9783
20.4 60 28.4157
20.4 64 29.8261
20.4 68 31.2117
20.4 72 32.5740
20.4 76 33.9147
20.4 80 35.2351
20.4 90 38.4550
20.4 100 41.5711
20.4 110 44.5957
20.4 120 47.5389
20.4 130 50.4089
20.4 140 53.2123
20.4 150 55.9551
20.4 160 58.6420
20.4 170 61.2772
20.4 180 63.8647
20.4 190 66.4073
20.4 200 68.9084
20.4 210 71.3699
20.6 2 1.8663
20.6 4 3.2489
20.6 5 3.8887
20.6 6 4.5108
20.6 8 5.7164
20.6 10 6.9359
20.6 12 8.0934
20.6 14 9.1979
20.6 16 10.2564
20.6 18 11.2466
20.6 20 12.2092
20.6 22 13.1476
20.6 24 14.0643
20.6 26 14.9613
20.6 28 15.8403
20.6 30 16.7029
20.6 32 17.5504
20.6 36 19.2036
20.6 40 20.8078
20.6 44 22.3687
20.6 48 23.8909
20.6 52 25.3783
20.6 56 26.8339
20.6 60 28.2604
20.6 64 29.6603
20.6 68 31.0353
20.6 72 32.3873
20.6 76 33.7178
20.6 80 35.0281
20.6 90 38.2233
20.6 100 41.3153
20.6 110 44.3167
20.6 120 47.2372
20.6 130 50.0851
20.6 140 52.8669
20.6 150 55.5887
20.6 160 58.2549
20.6 170 60.8701
20.6 180 63.4377
20.6 190 65.9611
20.6 200 68.4430
20.6 210 70.8861
20.9 2 1.8648
20.9 4 3.2425
20.9 5 3.8798
20.9 6 4.4992
20.9 8 5.6996
20.9 10 6.9133
20.9 12 8.0652
20.9 14 9.1641
20.9 16 10.2171
20.9 18 11.2024
20.9 20 12.1601
20.9 22 13.0934
20.9 24 14.0049
20.9 26 14.8967
20.9 28 15.7704
20.9 30 16.6277
20.9 32 17.4697
20.9 36 19.1107
20.9 40 20.7028
20.9 44 22.2519
20.9 48 23.7624
20.9 52 25.2382
20.9 56 26.6824
20.9 60 28.0977
20.9 64 29.4865
20.9 68 30.8505
20.9 72 32.1917
20.9 76 33.5115
20.9 80 34.8112
20.9 90 37.9805
20.9 100 41.0474
20.9 110 44.0242
20.9 120 46.9208
20.9 130 49.7453
20.9 140 52.5042
20.9 150 55.2035
20.9 160 57.8479
20.9 170 60.4415
20.9 180 62.9881
20.9 190 65.4908
20.9 200 67.9525
20.9 210 70.3756
21.2 2 1.8632
21.2 4 3.2357
21.2 5 3.8704
21.2 6 4.4872
21.2 8 5.6819
21.2 10 6.8897
21.2 12 8.0356
21.2 14 9.1287
21.2 16 10.1758
21.2 18 11.1559
21.2 20 12.1083
21.2 22 13.0363
21.2 24 13.9423
21.2 26 14.8286
21.2 28 15.6967
21.2 30 16.5483
21.2 32 17.3846
21.2 36 19.0130
21.2 40 20.5927
21.2 44 22.1295
21.2 48 23.6279
21.2 52 25.0917
21.2 56 26.5241
21.2 60 27.9277
21.2 64 29.3049
21.2 68 30.6576
21.2 72 31.9874
21.2 76 33.2961
21.2 80 34.5848
21.2 90 37.7270
21.2 100 40.7675
21.2 110 43.7185
21.2 120 46.5899
21.2 130 49.3897
21.2 140 52.1246
21.2 150 54.8003
21.2 160 57.4214
21.2 170 59.9922
21.2 180 62.5164
21.2 190 64.9971
21.2 200 67.4370
21.2 210 69.8388
21.4 2 1.8615
21.4 4 3.2288
21.4 5 3.8607
21.4 6 4.4746
21.4 8 5.6635
21.4 10 6.8651
21.4 12 8.0047
21.4 14 9.0916
21.4 16 10.1326
21.4 18 11.1071
21.4 20 12.0539
21.4 22 12.9762
21.4 24 13.8765
21.4 26 14.7569
21.4 28 15.6193
21.4 30 16.4649
21.4 32 17.2953
21.4 36 18.9106
21.4 40 20.4775
21.4 44 22.0016
21.4 48 23.4874
21.4 52 24.9388
21.4 56 26.3589
21.4 60 27.7505
21.4 64 29.1157
21.4 68 30.4565
21.4 72 31.7746
21.4 76 33.0717
21.4 80 34.3489
21.4 90 37.4629
21.4 100 40.4758
21.4 110 43.3999
21.4 120 46.2450
21.4 130 49.0190
21.4 140 51.7284
21.4 150 54.3792
21.4 160 56.9759
21.4 170 59.5227
21.4 180 62.0232
21.4 190 64.4806
21.4 200 66.8975
21.4 210 69.2766
21.6 2 1.8712
21.6 4 3.2513
21.6 5 3.8793
21.6 6 4.4895
21.6 8 5.6722
21.6 10 6.8749
21.6 12 8.0131
21.6 14 9.0962
21.6 16 10.1314
21.6 18 11.0919
21.6 20 12.0252
21.6 22 12.9344
21.6 24 13.8222
21.6 26 14.6906
21.6 28 15.5415
21.6 30 16.3762
21.6 32 17.1962
21.6 36 18.8006
21.6 40 20.3556
21.6 44 21.8671
21.6 48 23.3396
21.6 52 24.7770
21.6 56 26.1825
21.6 60 27.5589
21.6 64 28.9083
21.6 68 30.2329
21.6 72 31.5343
21.6 76 32.8142
21.6 80 34.0738
21.6 90 37.1421
21.6 100 40.1071
21.6 110 42.9813
21.6 120 45.7747
21.6 130 48.4956
21.6 140 51.1505
21.6 150 53.7455
21.6 160 56.2851
21.6 170 58.7738
21.6 180 61.2153
21.6 190 63.6126
21.6 200 65.9689
21.6 210 68.2863
21.7 2 1.8708
21.7 4 3.2486
21.7 5 3.8757
21.7 6 4.4851
21.7 8 5.6658
21.7 10 6.8662
21.7 12 8.0021
21.7 14 9.0829
21.7 16 10.1157
21.7 18 11.0740
21.7 20 12.0051
21.7 22 12.9121
21.7 24 13.7978
21.7 26 14.6640
21.7 28 15.5127
21.7 30 16.3453
21.7 32 17.1631
21.7 36 18.7635
21.7 40 20.3144
21.7 44 21.8218
21.7 48 23.2902
21.7 52 24.7235
21.7 56 26.1249
21.7 60 27.4972
21.7 64 28.8425
21.7 68 30.1630
21.7 72 31.4603
21.7 76 32.7361
21.7 80 33.9916
21.7 90 37.0497
21.7 100 40.0045
21.7 110 42.8686
21.7 120 45.6519
21.7 130 48.3626
21.7 140 51.0075
21.7 150 53.5924
21.7 160 56.1220
21.7 170 58.6007
21.7 180 61.0322
21.7 190 63.4197
21.7 200 65.7659
21.7 210 68.0735
21.9 2 1.8702
21.9 4 3.2457
21.9 5 3.8720
21.9 6 4.4804
21.9 8 5.6590
21.9 10 6.8564
21.9 12 7.9893
21.9 14 9.0671
21.9 16 10.0970
21.9 18 11.0526
21.9 20 11.9809
21.9 22 12.8853
21.9 24 13.7682
21.9 26 14.6317
21.9 28 15.4777
21.9 30 16.3076
21.9 32 17.1226
21.9 36 18.7176
21.9 40 20.2633
21.9 44 21.7653
21.9 48 23.2283
21.9 52 24.6563
21.9 56 26.0524
21.9 60 27.4193
21.9 64 28.7593
21.9 68 30.0745
21.9 72 31.3665
21.9 76 32.6370
21.9 80 33.8872
21.9 90 36.9321
21.9 100 39.8738
21.9 110 42.7248
21.9 120 45.4951
21.9 130 48.1929
21.9 140 50.8248
21.9 150 53.3969
21.9 160 55.9138
21.9 170 58.3799
21.9 180 60.7987
21.9 190 63.1735
21.9 200 65.5072
21.9 210 67.8024
22.1 2 1.8695
22.1 4 3.2425
22.1 5 3.8681
22.1 6 4.4756
22.1 8 5.6517
22.1 10 6.8448
22.1 12 7.9734
22.1 14 9.0469
22.1 16 10.0726
22.1 18 11.0244
22.1 20 11.9491
22.1 22 12.8496
22.1 24 13.7287
22.1 26 14.5884
22.1 28 15.4305
22.1 30 16.2565
22.1 32 17.0676
22.1 36 18.6547
22.1 40 20.1923
22.1 44 21.6863
22.1 48 23.1414
22.1 52 24.5614
22.1 56 25.9495
22.1 60 27.3085
22.1 64 28.6406
22.1 68 29.9478
22.1 72 31.2320
22.1 76 32.4946
22.1 80 33.7371
22.1 90 36.7624
22.1 100 39.6849
22.1 110 42.5167
22.1 120 45.2679
22.1 130 47.9469
22.1 140 50.5601
22.1 150 53.1135
22.1 160 55.6119
22.1 170 58.0596
22.1 180 60.4602
22.1 190 62.8169
22.1 200 65.1326
22.1 210 67.4099
22.4 2 1.8687
22.4 4 3.2390
22.4 5 3.8639
22.4 6 4.4704
22.4 8 5.6437
22.4 10 6.8324
22.4 12 7.9565
22.4 14 9.0255
22.4 16 10.0468
22.4 18 10.9948
22.4 20 11.9155
22.4 22 12.8121
22.4 24 13.6872
22.4 26 14.5429
22.4 28 15.3809
22.4 30 16.2029
22.4 32 17.0100
22.4 36 18.5887
22.4 40 20.1180
22.4 44 21.6038
22.4 48 23.0506
22.4 52 24.4624
22.4 56 25.8423
22.4 60 27.1930
22.4 64 28.5169
22.4 68 29.8160
22.4 72 31.0921
22.4 76 32.3466
22.4 80 33.5809
22.4 90 36.5862
22.4 100 39.4887
22.4 110 42.3008
22.4 120 45.0324
22.4 130 47.6918
22.4 140 50.2858
22.4 150 52.8200
22.4 160 55.2994
22.4 170 57.7281
22.4 180 60.1100
22.4 190 62.4481
22.4 200 64.7454
22.4 210 67.0042
22.6 2 1.8678
22.6 4 3.2353
22.6 5 3.8593
22.6 6 4.4646
22.6 8 5.6349
22.6 10 6.8191
22.6 12 7.9385
22.6 14 9.0030
22.6 16 10.0197
22.6 18 10.9637
22.6 20 11.8803
22.6 22 12.7727
22.6 24 13.6436
22.6 26 14.4952
22.6 28 15.3290
22.6 30 16.1468
22.6 32 16.9496
22.6 36 18.5198
22.6 40 20.0406
22.6 44 21.5177
22.6 48 22.9560
22.6 52 24.3592
22.6 56 25.7307
22.6 60 27.0729
22.6 64 28.3884
22.6 68 29.6790
22.6 72 30.9467
22.6 76 32.1928
22.6 80 33.4189
22.6 90 36.4035
22.6 100 39.2854
22.6 110 42.0771
22.6 120 44.7886
22.6 130 47.4280
22.6 140 50.0021
22.6 150 52.5166
22.6 160 54.9765
22.6 170 57.3858
22.6 180 59.7483
22.6 190 62.0673
22.6 200 64.3454
22.6 210 66.5855
22.9 2 1.8669
22.9 4 3.2314
22.9 5 3.8544
22.9 6 4.4584
22.9 8 5.6255
22.9 10 6.8049
22.9 12 7.9196
22.9 14 8.9793
22.9 16 9.9914
22.9 18 10.9311
22.9 20 11.8434
22.9 22 12.7315
22.9 24 13.5981
22.9 26 14.4453
22.9 28 15.2748
22.9 30 16.0882
22.9 32 16.8867
22.9 36 18.4480
22.9 40 19.9599
22.9 44 21.4282
22.9 48 22.8577
22.9 52 24.2521
22.9 56 25.6148
22.9 60 26.9483
22.9 64 28.2551
22.9 68 29.5370
22.9 72 30.7960
22.9 76 32.0336
22.9 80 33.2510
22.9 90 36.2143
22.9 100 39.0752
22.9 110 41.8460
22.9 120 44.5367
22.9 130 47.1556
22.9 140 49.7093
22.9 150 52.2036
22.9 160 54.6434
22.9 170 57.0328
22.9 180 59.3757
22.9 190 61.6749
22.9 200 63.9336
22.9 210 66.1543
23.1 2 1.8659
23.1 4 3.2273
23.1 5 3.8491
23.1 6 4.4517
23.1 8 5.6154
23.1 10 6.7899
23.1 12 7.8997
23.1 14 8.9545
23.1 16 9.9617
23.1 18 10.8970
23.1 20 11.8049
23.1 22 12.6886
23.1 24 13.5507
23.1 26 14.3933
23.1 28 15.2183
23.1 30 16.0272
23.1 32 16.8211
23.1 36 18.3733
23.1 40 19.8760
23.1 44 21.3353
23.1 48 22.7556
23.1 52 24.1410
23.1 56 25.4946
23.1 60 26.8192
23.1 64 28.1170
23.1 68 29.3901
23.1 72 30.6402
23.1 76 31.8689
23.1 80 33.0775
23.1 90 36.0190
23.1 100 38.8581
23.1 110 41.6075
23.1 120 44.2770
23.1 130 46.8747
23.1 140 49.4074
23.1 150 51.8811
23.1 160 54.3002
23.1 170 56.6693
23.1 180 58.9918
23.1 190 61.2710
23.1 200 63.5097
23.1 210 65.7105
23.4 2 1.8648
23.4 4 3.2228
23.4 5 3.8434
23.4 6 4.4445
23.4 8 5.6046
23.4 10 6.7741
23.4 12 7.8788
23.4 14 8.9286
23.4 16 9.9308
23.4 18 10.8615
23.4 20 11.7647
23.4 22 12.6438
23.4 24 13.5012
23.4 26 14.3392
23.4 28 15.1596
23.4 30 15.9637
23.4 32 16.7530
23.4 36 18.2957
23.4 40 19.7890
23.4 44 21.2389
23.4 48 22.6499
23.4 52 24.0260
23.4 56 25.3703
23.4 60 26.6857
23.4 64 27.9743
23.4 68 29.2382
23.4 72 30.4792
23.4 76 31.6988
23.4 80 32.8984
23.4 90 35.8174
23.4 100 38.6343
23.4 110 41.3617
23.4 120 44.0094
23.4 130 46.5855
23.4 140 49.0969
23.4 150 51.5493
23.4 160 53.9474
23.4 170 56.2956
23.4 180 58.5974
23.4 190 60.8561
23.4 200 63.0744
23.4 210 65.2549
23.7 2 1.8636
23.7 4 3.2182
23.7 5 3.8373
23.7 6 4.4368
23.7 8 5.5931
23.7 10 6.7575
23.7 12 7.8570
23.7 14 8.9016
23.7 16 9.8987
23.7 18 10.8246
23.7 20 11.7230
23.7 22 12.5973
23.7 24 13.4499
23.7 26 14.2831
23.7 28 15.0986
23.7 30 15.8979
23.7 32 16.6824
23.7 36 18.2154
23.7 40 19.6990
23.7 44 21.1392
23.7 48 22.5407
23.7 52 23.9072
23.7 56 25.2420
23.7 60 26.5478
23.7 64 27.8270
23.7 68 29.0815
23.7 72 30.3132
23.7 76 31.5235
23.7 80 32.7138
23.7 90 35.6098
23.7 100 38.4040
23.7 110 41.1088
23.7 120 43.7342
23.7 130 46.2883
23.7 140 48.7778
23.7 150 51.2084
23.7 160 53.5850
23.7 170 55.9118
23.7 180 58.1925
23.7 190 60.4302
23.7 200 62.6277
23.7 210 64.7874
24.0 2 1.8623
24.0 4 3.2133
24.0 5 3.8309
24.0 6 4.4286
24.0 8 5.5809
24.0 10 6.7400
24.0 12 7.8342
24.0 14 8.8735
24.0 16 9.8653
24.0 18 10.7863
24.0 20 11.6798
24.0 22 12.5490
24.0 24 13.3967
24.0 26 14.2249
24.0 28 15.0354
24.0 30 15.8298
24.0 32 16.6093
24.0 36 18.1323
24.0 40 19.6060
24.0 44 21.0363
24.0 48 22.4279
24.0 52 23.7846
24.0 56 25.1097
24.0 60 26.4058
24.0 64 27.6753
24.0 68 28.9202
24.0 72 30.1423
24.0 76 31.3430
24.0 80 32.5239
24.0 90 35.3963
24.0 100 38.1672
24.0 110 40.8490
24.0 120 43.4516
24.0 130 45.9831
24.0 140 48.4502
24.0 150 50.8588
24.0 160 53.2134
24.0 170 55.5184
24.0 180 57.7775
24.0 190 59.9937
24.0 200 62.1700
24.0 210 64.3086
24.3 2 1.8610
24.3 4 3.2082
24.3 5 3.8241
24.3 6 4.4200
24.3 8 5.5681
24.3 10 6.7218
24.3 12 7.8105
24.3 14 8.8443
24.3 16 9.8307
24.3 18 10.7465
24.3 20 11.6349
24.3 22 12.4991
24.3 24 13.3416
24.3 26 14.1647
24.3 28 14.9701
24.3 30 15.7593
24.3 32 16.5337
24.3 36 18.0465
24.3 40 19.5100
24.3 44 20.9302
24.3 48 22.3116
24.3 52 23.6583
24.3 56 24.9733
24.3 60 26.2595
24.3 64 27.5191
24.3 68 28.7542
24.3 72 29.9665
24.3 76 31.1575
24.3 80 32.3286
24.3 90 35.1770
24.3 100 37.9241
24.3 110 40.5824
24.3 120 43.1617
24.3 130 45.6702
24.3 140 48.1145
24.3 150 50.5004
24.3 160 52.8327
24.3 170 55.1155
24.3 180 57.3526
24.3 190 59.5469
24.3 200 61.7015
24.3 210 63.8187
24.6 2 1.8596
24.6 4 3.2029
24.6 5 3.8170
24.6 6 4.4109
24.6 8 5.5545
24.6 10 6.7027
24.6 12 7.7858
24.6 14 8.8140
24.6 16 9.7948
24.6 18 10.7054
24.6 20 11.5885
24.6 22 12.4474
24.6 24 13.2847
24.6 26 14.1025
24.6 28 14.9026
24.6 30 15.6866
24.6 32 16.4557
24.6 36 17.9580
24.6 40 19.4111
24.6 44 20.8209
24.6 48 22.1920
24.6 52 23.5284
24.6 56 24.8332
24.6 60 26.1092
24.6 64 27.3587
24.6 68 28.5837
24.6 72 29.7860
24.6 76 30.9670
24.6 80 32.1283
24.6 90 34.9521
24.6 100 37.6749
24.6 110 40.3092
24.6 120 42.8648
24.6 130 45.3498
24.6 140 47.7709
24.6 150 50.1338
24.6 160 52.4432
24.6 170 54.7034
24.6 180 56.9180
24.6 190 59.0901
24.6 200 61.2227
24.6 210 63.3179
24.9 2 1.8581
24.9 4 3.1973
24.9 5 3.8095
24.9 6 4.4013
24.9 8 5.5403
24.9 10 6.6828
24.9 12 7.7602
24.9 14 8.7827
24.9 16 9.7578
24.9 18 10.6630
24.9 20 11.5407
24.9 22 12.3941
24.9 24 13.2260
24.9 26 14.0383
24.9 28 14.8331
24.9 30 15.6116
24.9 32 16.3753
24.9 36 17.8669
24.9 40 19.3093
24.9 44 20.7085
24.9 48 22.0691
24.9 52 23.3949
24.9 56 24.6893
24.9 60 25.9549
24.9 64 27.1941
24.9 68 28.4088
24.9 72 29.6009
24.9 76 30.7718
24.9 80 31.9229
24.9 90 34.7216
24.9 100 37.4197
24.9 110 40.0296
24.9 120 42.5610
24.9 130 45.0221
24.9 140 47.4195
24.9 150 49.7589
24.9 160 52.0451
24.9 170 54.2824
24.9 180 56.4742
24.9 190 58.6237
24.9 200 60.7337
24.9 210 62.8069
25.3 2 1.8565
25.3 4 3.1915
25.3 5 3.8017
25.3 6 4.3913
25.3 8 5.5255
25.3 10 6.6622
25.3 12 7.7337
25.3 14 8.7503
25.3 16 9.7196
25.3 18 10.6192
25.3 20 11.4913
25.3 22 12.3391
25.3 24 13.1654
25.3 26 13.9722
25.3 28 14.7614
25.3 30 15.5344
25.3 32 16.2926
25.3 36 17.7732
25.3 40 19.2047
25.3 44 20.5930
25.3 48 21.9428
25.3 52 23.2579
25.3 56 24.5416
25.3 60 25.7967
25.3 64 27.0253
25.3 68 28.2296
25.3 72 29.4112
25.3 76 30.5717
25.3 80 31.7125
25.3 90 34.4858
25.3 100 37.1587
25.3 110 39.7436
25.3 120 42.2504
25.3 130 44.6872
25.3 140 47.0605
25.3 150 49.3761
25.3 160 51.6388
25.3 170 53.8526
25.3 180 56.0212
25.3 190 58.1477
25.3 200 60.2350
25.3 210 62.2855
25.6 2 1.8549
25.6 4 3.1854
25.6 5 3.7935
25.6 6 4.3808
25.6 8 5.5099
25.6 10 6.6407
25.6 12 7.7063
25.6 14 8.7169
25.6 16 9.6802
25.6 18 10.5741
25.6 20 11.4404
25.6 22 12.2826
25.6 24 13.1031
25.6 26 13.9042
25.6 28 14.6877
25.6 30 15.4551
25.6 32 16.2076
25.6 36 17.6770
25.6 40 19.0973
25.6 44 20.4745
25.6 48 21.8133
25.6 52 23.1175
25.6 56 24.3904
25.6 60 25.6346
25.6 64 26.8525
25.6 68 28.0460
25.6 72 29.2171
25.6 76 30.3670
25.6 80 31.4974
25.6 90 34.2446
25.6 100 36.8919
25.6 110 39.4516
25.6 120 41.9334
25.6 130 44.3453
25.6 140 46.6942
25.6 150 48.9856
25.6 160 51.2243
25.6 170 53.4143
25.6 180 55.5595
25.6 190 57.6628
25.6 200 59.7269
25.6 210 61.7545
26.0 2 1.8532
26.0 4 3.1791
26.0 5 3.7850
26.0 6 4.3699
26.0 8 5.4938
26.0 10 6.6185
26.0 12 7.6780
26.0 14 8.6825
26.0 16 9.6397
26.0 18 10.5277
26.0 20 11.3881
26.0 22 12.2244
26.0 24 13.0391
26.0 26 13.8344
26.0 28 14.6120
26.0 30 15.3736
26.0 32 16.1204
26.0 36 17.5783
26.0 40 18.9873
26.0 44 20.3532
26.0 48 21.6807
26.0 52 22.9738
26.0 56 24.2356
26.0 60 25.4688
26.0 64 26.6758
26.0 68 27.8584
26.0 72 29.0187
26.0 76 30.1579
26.0 80 31.2775
26.0 90 33.9984
26.0 100 36.6197
26.0 110 39.1536
26.0 120 41.6100
26.0 130 43.9968
26.0 140 46.3208
26.0 150 48.5876
26.0 160 50.8020
26.0 170 52.9680
26.0 180 55.0893
26.0 190 57.1688
26.0 200 59.2096
26.0 210 61.2139
26.3 2 1.8514
26.3 4 3.1726
26.3 5 3.7761
26.3 6 4.3585
26.3 8 5.4769
26.3 10 6.5956
26.3 12 7.6488
26.3 14 8.6471
26.3 16 9.5980
26.3 18 10.4800
26.3 20 11.3344
26.3 22 12.1647
26.3 24 12.9734
26.3 26 13.7627
26.3 28 14.5344
26.3 30 15.2900
26.3 32 16.0309
26.3 36 17.4772
26.3 40 18.8745
26.3 44 20.2289
26.3 48 21.5451
26.3 52 22.8267
26.3 56 24.0773
26.3 60 25.2993
26.3 64 26.4951
26.3 68 27.6668
26.3 72 28.8160
26.3 76 29.9444
26.3 80 31.0531
26.3 90 33.7472
26.3 100 36.3419
26.3 110 38.8497
26.3 120 41.2803
26.3 130 43.6417
26.3 140 45.9405
26.3 150 48.1824
26.3 160 50.3721
26.3 170 52.5137
26.3 180 54.6107
26.3 190 56.6663
26.3 200 58.6833
26.3 210 60.6641
26.7 2 1.8495
26.7 4 3.1659
26.7 5 3.7669
26.7 6 4.3466
26.7 8 5.4595
26.7 10 6.5718
26.7 12 7.6187
26.7 14 8.6106
26.7 16 9.5553
26.7 18 10.4310
26.7 20 11.2793
26.7 22 12.1034
26.7 24 12.9060
26.7 26 13.6892
26.7 28 14.4548
26.7 30 15.2044
26.7 32 15.9393
26.7 36 17.3736
26.7 40 18.7592
26.7 44 20.1019
26.7 48 21.4064
26.7 52 22.6765
26.7 56 23.9155
26.7 60 25.1262
26.7 64 26.3107
26.7 68 27.4712
26.7 72 28.6092
26.7 76 29.7265
26.7 80 30.8243
26.7 90 33.4911
26.7 100 36.0590
26.7 110 38.5402
26.7 120 40.9447
26.7 130 43.2803
26.7 140 45.5535
26.7 150 47.7702
26.7 160 49.9349
26.7 170 52.0517
26.7 180 54.1243
26.7 190 56.1556
26.7 200 58.1485
26.7 210 60.1055
27.1 2 1.8476
27.1 4 3.1589
27.1 5 3.7573
27.1 6 4.3343
27.1 8 5.4414
27.1 10 6.5474
27.1 12 7.5878
27.1 14 8.5732
27.1 16 9.5114
27.1 18 10.3808
27.1 20 11.2228
27.1 22 12.0406
27.1 24 12.8369
27.1 26 13.6139
27.1 28 14.3734
27.1 30 15.1168
27.1 32 15.8455
27.1 36 17.2678
27.1 40 18.6413
27.1 44 19.9721
27.1 48 21.2648
27.1 52 22.5232
27.1 56 23.7506
27.1 60 24.9497
27.1 64 26.1227
27.1 68 27.2718
27.1 72 28.3985
27.1 76 29.5045
27.1 80 30.5911
27.1 90 33.2303
27.1 100 35.7710
27.1 110 38.2254
27.1 120 40.6034
27.1 130 42.9127
27.1 140 45.1602
27.1 150 47.3512
27.1 160 49.4906
27.1 170 51.5824
27.1 180 53.6302
27.1 190 55.6371
27.1 200 57.6056
27.1 210 59.5385
27.5 2 1.8456
27.5 4 3.1518
27.5 5 3.7474
27.5 6 4.3216
27.5 8 5.4227
27.5 10 6.5221
27.5 12 7.5560
27.5 14 8.5348
27.5 16 9.4664
27.5 18 10.3294
27.5 20 11.1649
27.5 22 11.9763
27.5 24 12.7662
27.5 26 13.5369
27.5 28 14.2900
27.5 30 15.0272
27.5 32 15.7497
27.5 36 17.1596
27.5 40 18.5210
27.5 44 19.8396
27.5 48 21.1203
27.5 52 22.3668
27.5 56 23.5824
27.5 60 24.7697
27.5 64 25.9311
27.5 68 27.0686
27.5 72 28.1839
27.5 76 29.2785
27.5 80 30.3537
27.5 90 32.9649
27.5 100 35.4780
27.5 110 37.9052
27.5 120 40.2563
27.5 130 42.5392
27.5 140 44.7605
27.5 150 46.9257
27.5 160 49.0395
27.5 170 51.1060
27.5 180 53.1288
27.5 190 55.1107
27.5 200 57.0548
27.5 210 58.9633
27.9 2 1.8435
27.9 4 3.1444
27.9 5 3.7372
27.9 6 4.3084
27.9 8 5.4033
27.9 10 6.4962
27.9 12 7.5234
27.9 14 8.4955
27.9 16 9.4204
27.9 18 10.2767
27.9 20 11.1057
27.9 22 11.9106
27.9 24 12.6940
27.9 26 13.4582
27.9 28 14.2049
27.9 30 14.9357
27.9 32 15.6518
27.9 36 17.0492
27.9 40 18.3981
27.9 44 19.7045
27.9 48 20.9730
27.9 52 22.2074
27.9 56 23.4110
27.9 60 24.5865
27.9 64 25.7361
27.9 68 26.8618
27.9 72 27.9655
27.9 76 29.0485
27.9 80 30.1123
27.9 90 32.6951
27.9 100 35.1803
27.9 110 37.5800
27.9 120 39.9039
27.9 130 42.1601
27.9 140 44.3548
27.9 150 46.4939
27.9 160 48.5819
27.9 170 50.6228
27.9 180 52.6202
27.9 190 54.5771
27.9 200 56.4964
27.9 210 58.3802
28.3 2 1.8410
28.3 4 3.1365
28.3 5 3.7261
28.3 6 4.2941
28.3 8 5.3826
28.3 10 6.4689
28.3 12 7.4894
28.3 14 8.4548
28.3 16 9.3729
28.3 18 10.2225
28.3 20 11.0448
28.3 22 11.8430
28.3 24 12.6199
28.3 26 13.3775
28.3 28 14.1177
28.3 30 14.8420
28.3 32 15.5517
28.3 36 16.9366
28.3 40 18.2732
28.3 44 19.5673
28.3 48 20.8235
28.3 52 22.0458
28.3 56 23.2374
28.3 60 24.4008
28.3 64 25.5385
28.3 68 26.6525
28.3 72 27.7444
28.3 76 28.8158
28.3 80 29.8679
28.3 90 32.4220
28.3 100 34.8788
28.3 110 37.2505
28.3 120 39.5468
28.3 130 41.7756
28.3 140 43.9433
28.3 150 46.0556
28.3 160 48.1170
28.3 170 50.1317
28.3 180 52.1030
28.3 190 54.0342
28.3 200 55.9278
28.3 210 57.7864
28.7 2 1.8377
28.7 4 3.1276
28.7 5 3.7133
28.7 6 4.2774
28.7 8 5.3586
28.7 10 6.4386
28.7 12 7.4528
28.7 14 8.4118
28.7 16 9.3234
28.7 18 10.1662
28.7 20 10.9816
28.7 22 11.7731
28.7 24 12.5433
28.7 26 13.2944
28.7 28 14.0281
28.7 30 14.7459
28.7 32 15.4492
28.7 36 16.8222
28.7 40 18.1468
28.7 44 19.4290
28.7 48 20.6734
28.7 52 21.8838
28.7 56 23.0635
28.7 60 24.2152
28.7 64 25.3411
28.7 68 26.4432
28.7 72 27.5234
28.7 76 28.5830
28.7 80 29.6236
28.7 90 32.1485
28.7 100 34.5764
28.7 110 36.9193
28.7 120 39.1870
28.7 130 41.3872
28.7 140 43.5266
28.7 150 45.6106
28.7 160 47.6440
28.7 170 49.6307
28.7 180 51.5743
28.7 190 53.4777
28.7 200 55.3438
28.7 210 57.1749
29.1 2 1.8344
29.1 4 3.1186
29.1 5 3.7004
29.1 6 4.2606
29.1 8 5.3343
29.1 10 6.4080
29.1 12 7.4157
29.1 14 8.3681
29.1 16 9.2731
29.1 18 10.1088
29.1 20 10.9173
29.1 22 11.7020
29.1 24 12.4654
29.1 26 13.2098
29.1 28 13.9368
29.1 30 14.6481
29.1 32 15.3449
29.1 36 16.7057
29.1 40 18.0181
29.1 44 19.2881
29.1 48 20.5203
29.1 52 21.7187
29.1 56 22.8863
29.1 60 24.0260
29.1 64 25.1399
29.1 68 26.2302
29.1 72 27.2984
29.1 76 28.3462
29.1 80 29.3749
29.1 90 31.8705
29.1 100 34.2691
29.1 110 36.5831
29.1 120 38.8219
29.1 130 40.9935
29.1 140 43.1045
29.1 150 45.1603
29.1 160 47.1656
29.1 170 49.1243
29.1 180 51.0401
29.1 190 52.9160
29.1 200 54.7546
29.1 210 56.5583
29.5 2 1.8311
29.5 4 3.1095
29.5 5 3.6873
29.5 6 4.2437
29.5 8 5.3099
29.5 10 6.3771
29.5 12 7.3781
29.5 14 8.3237
29.5 16 9.2219
29.5 18 10.0505
29.5 20 10.8520
29.5 22 11.6297
29.5 24 12.3862
29.5 26 13.1237
29.5 28 13.8441
29.5 30 14.5487
29.5 32 15.2389
29.5 36 16.5871
29.5 40 17.8870
29.5 44 19.1446
29.5 48 20.3645
29.5 52 21.5505
29.5 56 22.7059
29.5 60 23.8334
29.5 64 24.9352
29.5 68 26.0134
29.5 72 27.0696
29.5 76 28.1054
29.5 80 29.1221
29.5 90 31.5879
29.5 100 33.9572
29.5 110 36.2420
29.5 120 38.4519
29.5 130 40.5949
29.5 140 42.6773
29.5 150 44.7049
29.5 160 46.6821
29.5 170 48.6129
29.5 180 50.5011
29.5 190 52.3494
29.5 200 54.1606
29.5 210 55.9373
29.9 2 1.8279
29.9 4 3.1004
29.9 5 3.6742
29.9 6 4.2267
29.9 8 5.2853
29.9 10 6.3458
29.9 12 7.3399
29.9 14 8.2786
29.9 16 9.1699
29.9 18 9.9912
29.9 20 10.7856
29.9 22 11.5562
29.9 24 12.3057
29.9 26 13.0363
29.9 28 13.7498
29.9 30 14.4476
29.9 32 15.1311
29.9 36 16.4665
29.9 40 17.7537
29.9 44 18.9986
29.9 48 20.2060
29.9 52 21.3795
29.9 56 22.5224
29.9 60 23.6376
29.9 64 24.7271
29.9 68 25.7930
29.9 72 26.8370
29.9 76 27.8607
29.9 80 28.8653
29.9 90 31.3012
29.9 100 33.6409
29.9 110 35.8963
29.9 120 38.0771
29.9 130 40.1913
29.9 140 42.2453
29.9 150 44.2445
29.9 160 46.1937
29.9 170 48.0968
29.9 180 49.9573
29.9 190 51.7781
29.9 200 53.5622
29.9 210 55.3117
30.4 2 1.8247
30.4 4 3.0911
30.4 5 3.6609
30.4 6 4.2095
30.4 8 5.2606
30.4 10 6.3141
30.4 12 7.3013
30.4 14 8.2329
30.4 16 9.1171
30.4 18 9.9311
30.4 20 10.7182
30.4 22 11.4816
30.4 24 12.2240
30.4 26 12.9475
30.4 28 13.6540
30.4 30 14.3450
30.4 32 15.0216
30.4 36 16.3440
30.4 40 17.6182
30.4 44 18.8503
30.4 48 20.0448
30.4 52 21.2056
30.4 56 22.3360
30.4 60 23.4385
30.4 64 24.5156
30.4 68 25.5691
30.4 72 26.6008
30.4 76 27.6122
30.4 80 28.6047
30.4 90 31.0104
30.4 100 33.3202
30.4 110 35.5462
30.4 120 37.6979
30.4 130 39.7832
30.4 140 41.8086
30.4 150 43.7795
30.4 160 45.7007
30.4 170 47.5760
30.4 180 49.4090
30.4 190 51.2025
30.4 200 52.9594
30.4 210 54.6821
30.9 2 1.8216
30.9 4 3.0817
30.9 5 3.6476
30.9 6 4.1922
30.9 8 5.2356
30.9 10 6.2821
30.9 12 7.2622
30.9 14 8.1866
30.9 16 9.0635
30.9 18 9.8701
30.9 20 10.6497
30.9 22 11.4059
30.9 24 12.1410
30.9 26 12.8575
30.9 28 13.5569
30.9 30 14.2408
30.9 32 14.9105
30.9 36 16.2195
30.9 40 17.4806
30.9 44 18.6995
30.9 48 19.8811
30.9 52 21.0290
30.9 56 22.1466
30.9 60 23.2364
30.9 64 24.3008
30.9 68 25.3418
30.9 72 26.3611
30.9 76 27.3601
30.9 80 28.3403
30.9 90 30.7156
30.9 100 32.9954
30.9 110 35.1918
30.9 120 37.3143
30.9 130 39.3707
30.9 140 41.3675
30.9 150 43.3103
30.9 160 45.2034
30.9 170 47.0510
30.9 180 48.8564
30.9 190 50.6228
30.9 200 52.3528
30.9 210 54.0487
31.4 2 1.8186
31.4 4 3.0723
31.4 5 3.6341
31.4 6 4.1748
31.4 8 5.2105
31.4 10 6.2498
31.4 12 7.2226
31.4 14 8.1396
31.4 16 9.0091
31.4 18 9.8082
31.4 20 10.5804
31.4 22 11.3291
31.4 24 12.0569
31.4 26 12.7661
31.4 28 13.4583
31.4 30 14.1351
31.4 32 14.7978
31.4 36 16.0933
31.4 40 17.3409
31.4 44 18.5465
31.4 48 19.7149
31.4 52 20.8498
31.4 56 21.9544
31.4 60 23.0313
31.4 64 24.0830
31.4 68 25.1113
31.4 72 26.1180
31.4 76 27.1046
31.4 80 28.0724
31.4 90 30.4170
31.4 100 32.6667
31.4 110 34.8334
31.4 120 36.9266
31.4 130 38.9541
31.4 140 40.9223
31.4 150 42.8368
31.4 160 44.7020
31.4 170 46.5220
31.4 180 48.3001
31.4 190 50.0395
31.4 200 51.7426
31.4 210 53.4120
31.9 2 1.8155
31.9 4 3.0627
31.9 5 3.6206
31.9 6 4.1574
31.9 8 5.1852
31.9 10 6.2172
31.9 12 7.1825
31.9 14 8.0921
31.9 16 8.9541
31.9 18 9.7454
31.9 20 10.5100
31.9 22 11.2512
31.9 24 11.9717
31.9 26 12.6735
31.9 28 13.3584
31.9 30 14.0280
31.9 32 14.6836
31.9 36 15.9652
31.9 40 17.1992
31.9 44 18.3914
31.9 48 19.5463
31.9 52 20.6680
31.9 56 21.7594
31.9 60 22.8234
31.9 64 23.8622
31.9 68 24.8778
31.9 72 25.8718
31.9 76 26.8458
31.9 80 27.8011
31.9 90 30.1149
31.9 100 32.3343
31.9 110 34.4711
31.9 120 36.5350
31.9 130 38.5335
31.9 140 40.4732
31.9 150 42.3594
31.9 160 44.1968
31.9 170 45.9892
31.9 180 47.7402
31.9 190 49.4525
31.9 200 51.1290
31.9 210 52.7720
32.4 2 1.8126
32.4 4 3.0530
32.4 5 3.6069
32.4 6 4.1397
32.4 8 5.1597
32.4 10 6.1842
32.4 12 7.1419
32.4 14 8.0439
32.4 16 8.8982
32.4 18 9.6818
32.4 20 10.4388
32.4 22 11.1724
32.4 24 11.8853
32.4 26 12.5796
32.4 28 13.2572
32.4 30 13.9195
32.4 32 14.5679
32.4 36 15.8355
32.4 40 17.0556
32.4 44 18.2340
32.4 48 19.3754
32.4 52 20.4837
32.4 56 21.5619
32.4 60 22.6128
32.4 64 23.6385
32.4 68 24.6412
32.4 72 25.6224
32.4 76 26.5837
32.4 80 27.5265
32.4 90 29.8093
32.4 100 31.9983
32.4 110 34.1052
32.4 120 36.1396
32.4 130 38.1092
32.4 140 40.0203
32.4 150 41.8785
32.4 160 43.6880
32.4 170 45.4530
32.4 180 47.1769
32.4 190 48.8624
32.4 200 50.5124
32.4 210 52.1291
33.0 2 1.8097
33.0 4 3.0433
33.0 5 3.5932
33.0 6 4.1220
33.0 8 5.1340
33.0 10 6.1509
33.0 12 7.1009
33.0 14 7.9951
33.0 16 8.8417
33.0 18 9.6174
33.0 20 10.3666
33.0 22 11.0925
33.0 24 11.7978
33.0 26 12.4846
33.0 28 13.1548
33.0 30 13.8097
33.0 32 14.4507
33.0 36 15.7041
33.0 40 16.9101
33.0 44 18.0747
33.0 48 19.2024
33.0 52 20.2971
33.0 56 21.3619
33.0 60 22.3995
33.0 64 23.4121
33.0 68 24.4018
33.0 72 25.3701
33.0 76 26.3187
33.0 80 27.2488
33.0 90 29.5005
33.0 100 31.6589
33.0 110 33.7359
33.0 120 35.7408
33.0 130 37.6814
33.0 140 39.5641
33.0 150 41.3941
33.0 160 43.1759
33.0 170 44.9137
33.0 180 46.6105
33.0 190 48.2694
33.0 200 49.8930
33.0 210 51.4837
33.5 2 1.8068
33.5 4 3.0335
33.5 5 3.5794
33.5 6 4.1042
33.5 8 5.1082
33.5 10 6.1173
33.5 12 7.0595
33.5 14 7.9458
33.5 16 8.7845
33.5 18 9.5523
33.5 20 10.2935
33.5 22 11.0117
33.5 24 11.7093
33.5 26 12.3885
33.5 28 13.0511
33.5 30 13.6985
33.5 32 14.3321
33.5 36 15.5711
33.5 40 16.7628
33.5 44 17.9133
33.5 48 19.0272
33.5 52 20.1082
33.5 56 21.1594
33.5 60 22.1836
33.5 64 23.1830
33.5 68 24.1596
33.5 72 25.1150
33.5 76 26.0507
33.5 80 26.9681
33.5 90 29.1885
33.5 100 31.3163
33.5 110 33.3633
33.5 120 35.3388
33.5 130 37.2504
33.5 140 39.1046
33.5 150 40.9066
33.5 160 42.6608
33.5 170 44.3713
33.5 180 46.0412
33.5 190 47.6737
33.5 200 49.2712
33.5 210 50.8360
34.1 2 1.8040
34.1 4 3.0236
34.1 5 3.5655
34.1 6 4.0863
34.1 8 5.0822
34.1 10 6.0834
34.1 12 7.0176
34.1 14 7.8959
34.1 16 8.7266
34.1 18 9.4863
34.1 20 10.2197
34.1 22 10.9299
34.1 24 11.6197
34.1 26 12.2912
34.1 28 12.9462
34.1 30 13.5861
34.1 32 14.2122
34.1 36 15.4365
34.1 40 16.6139
34.1 44 17.7501
34.1 48 18.8500
34.1 52 19.9171
34.1 56 20.9547
34.1 60 21.9654
34.1 64 22.9515
34.1 68 23.9148
34.1 72 24.8572
34.1 76 25.7800
34.1 80 26.6846
34.1 90 28.8736
34.1 100 30.9707
34.1 110 32.9876
34.1 120 34.9336
34.1 130 36.8164
34.1 140 38.6421
34.1 150 40.4161
34.1 160 42.1429
34.1 170 43.8262
34.1 180 45.4695
34.1 190 47.0756
34.1 200 48.6470
34.1 210 50.1862
34.7 2 1.8012
34.7 4 3.0136
34.7 5 3.5515
34.7 6 4.0682
34.7 8 5.0561
34.7 10 6.0493
34.7 12 6.9753
34.7 14 7.8455
34.7 16 8.6681
34.7 18 9.4196
34.7 20 10.1449
34.7 22 10.8473
34.7 24 11.5292
34.7 26 12.1929
34.7 28 12.8402
34.7 30 13.4725
34.7 32 14.0911
34.7 36 15.3005
34.7 40 16.4632
34.7 44 17.5851
34.7 48 18.6708
34.7 52 19.7240
34.7 56 20.7478
34.7 60 21.7449
34.7 64 22.7175
34.7 68 23.6676
34.7 72 24.5968
34.7 76 25.5067
34.7 80 26.3984
34.7 90 28.5559
34.7 100 30.6223
34.7 110 32.6091
34.7 120 34.5256
34.7 130 36.3795
34.7 140 38.1769
34.7 150 39.9230
34.7 160 41.6225
34.7 170 43.2788
34.7 180 44.8955
34.7 190 46.4754
34.7 200 48.0211
34.7 210 49.5348
35.4 2 1.7985
35.4 4 3.0035
35.4 5 3.5374
35.4 6 4.0501
35.4 8 5.0298
35.4 10 6.0148
35.4 12 6.9326
35.4 14 7.7945
35.4 16 8.6089
35.4 18 9.3523
35.4 20 10.0694
35.4 22 10.7637
35.4 24 11.4377
35.4 26 12.0936
35.4 28 12.7331
35.4 30 13.3577
35.4 32 13.9686
35.4 36 15.1630
35.4 40 16.3110
35.4 44 17.4184
35.4 48 18.4898
35.4 52 19.5288
35.4 56 20.5388
35.4 60 21.5222
35.4 64 22.4813
35.4 68 23.4180
35.4 72 24.3341
35.4 76 25.2309
35.4 80 26.1098
35.4 90 28.2356
35.4 100 30.2712
35.4 110 32.2279
35.4 120 34.1150
35.4 130 35.9401
35.4 140 37.7092
35.4 150 39.4276
35.4 160 41.0997
35.4 170 42.7293
35.4 180 44.3196
35.4 190 45.8735
35.4 200 47.3936
35.4 210 48.8820
36.0 2 1.7958
36.0 4 2.9933
36.0 5 3.5232
36.0 6 4.0319
36.0 8 5.0034
36.0 10 5.9800
36.0 12 6.8895
36.0 14 7.7430
36.0 16 8.5491
36.0 18 9.2842
36.0 20 9.9932
36.0 22 10.6794
36.0 24 11.3454
36.0 26 11.9933
36.0 28 12.6249
36.0 30 13.2418
36.0 32 13.8450
36.0 36 15.0242
36.0 40 16.1573
36.0 44 17.2500
36.0 48 18.3069
36.0 52 19.3318
36.0 56 20.3277
36.0 60 21.2974
36.0 64 22.2429
36.0 68 23.1662
36.0 72 24.0690
36.0 76 24.9528
36.0 80 25.8187
36.0 90 27.9129
36.0 100 29.9176
36.0 110 31.8442
36.0 120 33.7020
36.0 130 35.4982
36.0 140 37.2391
36.0 150 38.9299
36.0 160 40.5748
36.0 170 42.1777
36.0 180 43.7418
36.0 190 45.2700
36.0 200 46.7646
36.0 210 48.2281
36.7 2 1.7932
36.7 4 2.9830
36.7 5 3.5089
36.7 6 4.0135
36.7 8 4.9768
36.7 10 5.9450
36.7 12 6.8460
36.7 14 7.6911
36.7 16 8.4887
36.7 18 9.2154
36.7 20 9.9161
36.7 22 10.5942
36.7 24 11.2521
36.7 26 11.8920
36.7 28 12.5158
36.7 30 13.1248
36.7 32 13.7203
36.7 36 14.8841
36.7 40 16.0021
36.7 44 17.0800
36.7 48 18.1224
36.7 52 19.1330
36.7 56 20.1149
36.7 60 21.0706
36.7 64 22.0025
36.7 68 22.9124
36.7 72 23.8019
36.7 76 24.6725
36.7 80 25.5255
36.7 90 27.5879
36.7 100 29.5617
36.7 110 31.4583
36.7 120 33.2866
36.7 130 35.0542
36.7 140 36.7670
36.7 150 38.4303
36.7 160 40.0483
36.7 170 41.6246
36.7 180 43.1627
36.7 190 44.6652
36.7 200 46.1346
36.7 210 47.5732
37.4 2 1.7906
37.4 4 2.9727
37.4 5 3.4946
37.4 6 3.9951
37.4 8 4.9501
37.4 10 5.9098
37.4 12 6.8021
37.4 14 7.6386
37.4 16 8.4277
37.4 18 9.1460
37.4 20 9.8384
37.4 22 10.5082
37.4 24 11.1580
37.4 26 11.7899
37.4 28 12.4056
37.4 30 13.0067
37.4 32 13.5944
37.4 36 14.7428
37.4 40 15.8456
37.4 44 16.9086
37.4 48 17.9363
37.4 52 18.9325
37.4 56 19.9002
37.4 60 20.8420
37.4 64 21.7602
37.4 68 22.6565
37.4 72 23.5327
37.4 76 24.3901
37.4 80 25.2301
37.4 90 27.2608
37.4 100 29.2038
37.4 110 31.0703
37.4 120 32.8693
37.4 130 34.6083
37.4 140 36.2931
37.4 150 37.9290
37.4 160 39.5201
37.4 170 41.0701
37.4 180 42.5823
37.4 190 44.0593
37.4 200 45.5038
37.4 210 46.9177
38.2 2 1.7880
38.2 4 2.9623
38.2 5 3.4801
38.2 6 3.9766
38.2 8 4.9233
38.2 10 5.8742
38.2 12 6.7579
38.2 14 7.5857
38.2 16 8.3662
38.2 18 9.0760
38.2 20 9.7600
38.2 22 10.4215
38.2 24 11.0630
38.2 26 11.6868
38.2 28 12.2946
38.2 30 12.8877
38.2 32 13.4676
38.2 36 14.6002
38.2 40 15.6877
38.2 44 16.7357
38.2 48 17.7487
38.2 52 18.7304
38.2 56 19.6839
38.2 60 20.6117
38.2 64 21.5161
38.2 68 22.3988
38.2 72 23.2616
38.2 76 24.1059
38.2 80 24.9329
38.2 90 26.9318
38.2 100 28.8439
38.2 110 30.6804
38.2 120 32.4502
38.2 130 34.1607
38.2 140 35.8176
38.2 150 37.4262
38.2 160 38.9906
38.2 170 40.5145
38.2 180 42.0009
38.2 190 43.4528
38.2 200 44.8724
38.2 210 46.2620
38.9 2 1.7855
38.9 4 2.9517
38.9 5 3.4656
38.9 6 3.9580
38.9 8 4.8963
38.9 10 5.8385
38.9 12 6.7133
38.9 14 7.5323
38.9 16 8.3041
38.9 18 9.0053
38.9 20 9.6809
38.9 22 10.3340
38.9 24 10.9673
38.9 26 11.5829
38.9 28 12.1826
38.9 30 12.7678
38.9 32 13.3397
38.9 36 14.4566
38.9 40 15.5286
38.9 44 16.5615
38.9 48 17.5597
38.9 52 18.5268
38.9 56 19.4660
38.9 60 20.3798
38.9 64 21.2703
38.9 68 22.1395
38.9 72 22.9889
38.9 76 23.8199
38.9 80 24.6339
38.9 90 26.6010
38.9 100 28.4822
38.9 110 30.2888
38.9 120 32.0295
38.9 130 33.7115
38.9 140 35.3408
38.9 150 36.9222
38.9 160 38.4600
38.9 170 39.9579
38.9 180 41.4189
38.9 190 42.8457
38.9 200 44.2407
38.9 210 45.6062
39.8 2 1.7832
39.8 4 2.9408
39.8 5 3.4505
39.8 6 3.9387
39.8 8 4.8681
39.8 10 5.8009
39.8 12 6.6662
39.8 14 7.4758
39.8 16 8.2383
39.8 18 8.9303
39.8 20 9.5968
39.8 22 10.2410
39.8 24 10.8654
39.8 26 11.4723
39.8 28 12.0633
39.8 30 12.6399
39.8 32 13.2033
39.8 36 14.3031
39.8 40 15.3585
39.8 44 16.3751
39.8 48 17.3573
39.8 52 18.3088
39.8 56 19.2327
39.8 60 20.1315
39.8 64 21.0073
39.8 68 21.8619
39.8 72 22.6970
39.8 76 23.5140
39.8 80 24.3142
39.8 90 26.2476
39.8 100 28.0963
39.8 110 29.8714
39.8 120 31.5815
39.8 130 33.2338
39.8 140 34.8340
39.8 150 36.3873
39.8 160 37.8975
39.8 170 39.3685
39.8 180 40.8031
39.8 190 42.2040
39.8 200 43.5737
39.8 210 44.9143
40.8 2 1.7814
40.8 4 2.9281
40.8 5 3.4334
40.8 6 3.9167
40.8 8 4.8360
40.8 10 5.7573
40.8 12 6.6112
40.8 14 7.4095
40.8 16 8.1606
40.8 18 8.8415
40.8 20 9.4970
40.8 22 10.1303
40.8 24 10.7440
40.8 26 11.3402
40.8 28 11.9207
40.8 30 12.4868
40.8 32 13.0399
40.8 36 14.1186
40.8 40 15.1535
40.8 44 16.1500
40.8 48 17.1128
40.8 52 18.0453
40.8 56 18.9506
40.8 60 19.8312
40.8 64 20.6892
40.8 68 21.5264
40.8 72 22.3444
40.8 76 23.1446
40.8 80 23.9283
40.8 90 25.8218
40.8 100 27.6322
40.8 110 29.3703
40.8 120 31.0449
40.8 130 32.6627
40.8 140 34.2297
40.8 150 35.7505
40.8 160 37.2294
40.8 170 38.6697
40.8 180 40.0745
40.8 190 41.4464
40.8 200 42.7878
40.8 210 44.1006
41.9 2 1.7795
41.9 4 2.9157
41.9 5 3.4164
41.9 6 3.8950
41.9 8 4.8043
41.9 10 5.7145
41.9 12 6.5572
41.9 14 7.3442
41.9 16 8.0842
41.9 18 8.7543
41.9 20 9.3991
41.9 22 10.0217
41.9 24 10.6249
41.9 26 11.2108
41.9 28 11.7809
41.9 30 12.3369
41.9 32 12.8799
41.9 36 13.9382
41.9 40 14.9531
41.9 44 15.9302
41.9 48 16.8741
41.9 52 17.7881
41.9 56 18.6754
41.9 60 19.5383
41.9 64 20.3790
41.9 68 21.1993
41.9 72 22.0008
41.9 76 22.7847
41.9 80 23.5524
41.9 90 25.4072
41.9 100 27.1804
41.9 110 28.8827
41.9 120 30.5227
41.9 130 32.1072
41.9 140 33.6418
41.9 150 35.1313
41.9 160 36.5797
41.9 170 37.9903
41.9 180 39.3662
41.9 190 40.7099
41.9 200 42.0238
41.9 210 43.3098
43.0 2 1.7776
43.0 4 2.9034
43.0 5 3.3996
43.0 6 3.8736
43.0 8 4.7730
43.0 10 5.6722
43.0 12 6.5039
43.0 14 7.2800
43.0 16 8.0091
43.0 18 8.6686
43.0 20 9.3029
43.0 22 9.9153
43.0 24 10.5082
43.0 26 11.0840
43.0 28 11.6442
43.0 30 12.1902
43.0 32 12.7235
43.0 36 13.7617
43.0 40 14.7572
43.0 44 15.7156
43.0 48 16.6410
43.0 52 17.5371
43.0 56 18.4069
43.0 60 19.2527
43.0 64 20.0766
43.0 68 20.8805
43.0 72 21.6659
43.0 76 22.4340
43.0 80 23.1862
43.0 90 25.0034
43.0 100 26.7405
43.0 110 28.4081
43.0 120 30.0146
43.0 130 31.5667
43.0 140 33.0699
43.0 150 34.5290
43.0 160 35.9477
43.0 170 37.3295
43.0 180 38.6774
43.0 190 39.9938
43.0 200 41.2809
43.0 210 42.5409
44.0 2 1.7757
44.0 4 2.8912
44.0 5 3.3831
44.0 6 3.8524
44.0 8 4.7422
44.0 10 5.6306
44.0 12 6.4515
44.0 14 7.2168
44.0 16 7.9353
44.0 18 8.5845
44.0 20 9.2086
44.0 22 9.8108
44.0 24 10.3939
44.0 26 10.9597
44.0 28 11.5102
44.0 30 12.0466
44.0 32 12.5703
44.0 36 13.5892
44.0 40 14.5659
44.0 44 15.5059
44.0 48 16.4135
44.0 52 17.2922
44.0 56 18.1449
44.0 60 18.9741
44.0 64 19.7818
44.0 68 20.5697
44.0 72 21.3394
44.0 76 22.0923
44.0 80 22.8294
44.0 90 24.6101
44.0 100 26.3122
44.0 110 27.9462
44.0 120 29.5202
44.0 130 31.0409
44.0 140 32.5137
44.0 150 33.9432
44.0 160 35.3332
44.0 170 36.6872
44.0 180 38.0078
44.0 190 39.2976
44.0 200 40.5588
44.0 210 41.7934
45.2 2 1.7737
45.2 4 2.8791
45.2 5 3.3668
45.2 6 3.8316
45.2 8 4.7119
45.2 10 5.5897
45.2 12 6.3999
45.2 14 7.1546
45.2 16 7.8628
45.2 18 8.5019
45.2 20 9.1160
45.2 22 9.7084
45.2 24 10.2818
45.2 26 10.8380
45.2 28 11.3790
45.2 30 11.9061
45.2 32 12.4205
45.2 36 13.4205
45.2 40 14.3789
45.2 44 15.3011
45.2 48 16.1913
45.2 52 17.0531
45.2 56 17.8894
45.2 60 18.7024
45.2 64 19.4943
45.2 68 20.2667
45.2 72 21.0213
45.2 76 21.7593
45.2 80 22.4818
45.2 90 24.2271
45.2 100 25.8953
45.2 110 27.4966
45.2 120 29.0391
45.2 130 30.5293
45.2 140 31.9725
45.2 150 33.3734
45.2 160 34.7356
45.2 170 36.0624
45.2 180 37.3567
45.2 190 38.6207
45.2 200 39.8568
45.2 210 41.0668
46.3 2 1.7718
46.3 4 2.8673
46.3 5 3.3506
46.3 6 3.8111
46.3 8 4.6820
46.3 10 5.5493
46.3 12 6.3491
46.3 14 7.0935
46.3 16 7.7915
46.3 18 8.4207
46.3 20 9.0251
46.3 22 9.6080
46.3 24 10.1719
46.3 26 10.7188
46.3 28 11.2505
46.3 30 11.7685
46.3 32 12.2739
46.3 36 13.2556
46.3 40 14.1961
46.3 44 15.1010
46.3 48 15.9744
46.3 52 16.8198
46.3 56 17.6400
46.3 60 18.4373
46.3 64 19.2139
46.3 68 19.9713
46.3 72 20.7112
46.3 76 21.4347
46.3 80 22.1431
46.3 90 23.8541
46.3 100 25.4893
46.3 110 27.0589
46.3 120 28.5708
46.3 130 30.0314
46.3 140 31.4460
46.3 150 32.8191
46.3 160 34.1542
46.3 170 35.4547
46.3 180 36.7234
46.3 190 37.9624
46.3 200 39.1740
46.3 210 40.3602
47.4 2 1.7699
47.4 4 2.8555
47.4 5 3.3347
47.4 6 3.7908
47.4 8 4.6526
47.4 10 5.5095
47.4 12 6.2991
47.4 14 7.0334
47.4 16 7.7214
47.4 18 8.3410
47.4 20 8.9360
47.4 22 9.5095
47.4 24 10.0641
47.4 26 10.6020
47.4 28 11.1247
47.4 30 11.6338
47.4 32 12.1304
47.4 36 13.0942
47.4 40 14.0175
47.4 44 14.9056
47.4 48 15.7626
47.4 52 16.5921
47.4 56 17.3967
47.4 60 18.1788
47.4 64 18.9405
47.4 68 19.6833
47.4 72 20.4089
47.4 76 21.1184
47.4 80 21.8131
47.4 90 23.4907
47.4 100 25.0940
47.4 110 26.6328
47.4 120 28.1150
47.4 130 29.5469
47.4 140 30.9338
47.4 150 32.2798
47.4 160 33.5887
47.4 170 34.8637
47.4 180 36.1075
47.4 190 37.3223
47.4 200 38.5102
47.4 210 39.6732
48.6 2 1.7679
48.6 4 2.8439
48.6 5 3.3190
48.6 6 3.7708
48.6 8 4.6235
48.6 10 5.4704
48.6 12 6.2498
48.6 14 6.9742
48.6 16 7.6524
48.6 18 8.2627
48.6 20 8.8484
48.6 22 9.4128
48.6 24 9.9585
48.6 26 10.4875
48.6 28 11.0015
48.6 30 11.5019
48.6 32 11.9900
48.6 36 12.9365
48.6 40 13.8430
48.6 44 14.7147
48.6 48 15.5558
48.6 52 16.3698
48.6 56 17.1593
48.6 60 17.9266
48.6 64 18.6738
48.6 68 19.4025
48.6 72 20.1143
48.6 76 20.8102
48.6 80 21.4915
48.6 90 23.1368
48.6 100 24.7090
48.6 110 26.2180
48.6 120 27.6714
48.6 130 29.0755
48.6 140 30.4353
48.6 150 31.7552
48.6 160 33.0386
48.6 170 34.2888
48.6 180 35.5084
48.6 190 36.6996
48.6 200 37.8646
48.6 210 39.0050
49.8 2 1.7659
49.8 4 2.8324
49.8 5 3.3035
49.8 6 3.7511
49.8 8 4.5949
49.8 10 5.4318
49.8 12 6.2014
49.8 14 6.9160
49.8 16 7.5847
49.8 18 8.1858
49.8 20 8.7625
49.8 22 9.3181
49.8 24 9.8550
49.8 26 10.3753
49.8 28 10.8808
49.8 30 11.3728
49.8 32 11.8526
49.8 36 12.7822
49.8 40 13.6724
49.8 44 14.5282
49.8 48 15.3539
49.8 52 16.1528
49.8 56 16.9276
49.8 60 17.6806
49.8 64 18.4138
49.8 68 19.1288
49.8 72 19.8270
49.8 76 20.5097
49.8 80 21.1781
49.8 90 22.7920
49.8 100 24.3341
49.8 110 25.8141
49.8 120 27.2396
49.8 130 28.6166
49.8 140 29.9502
49.8 150 31.2447
49.8 160 32.5035
49.8 170 33.7296
49.8 180 34.9257
49.8 190 36.0941
49.8 200 37.2366
49.8 210 38.3552
50.9 2 1.7639
50.9 4 2.8211
50.9 5 3.2882
50.9 6 3.7316
50.9 8 4.5667
50.9 10 5.3938
50.9 12 6.1537
50.9 14 6.8588
50.9 16 7.5181
50.9 18 8.1103
50.9 20 8.6782
50.9 22 9.2251
50.9 24 9.7535
50.9 26 10.2654
50.9 28 10.7626
50.9 30 11.2465
50.9 32 11.7181
50.9 36 12.6314
50.9 40 13.5056
50.9 44 14.3461
50.9 48 15.1567
50.9 52 15.9410
50.9 56 16.7015
50.9 60 17.4406
50.9 64 18.1602
50.9 68 18.8618
50.9 72 19.5470
50.9 76 20.2169
50.9 80 20.8727
50.9 90 22.4561
50.9 100 23.9690
50.9 110 25.4209
50.9 120 26.8192
50.9 130 28.1700
50.9 140 29.4782
50.9 150 30.7480
50.9 160 31.9827
50.9 170 33.1856
50.9 180 34.3589
50.9 190 35.5051
50.9 200 36.6259
50.9 210 37.7233
52.1 2 1.7620
52.1 4 2.8098
52.1 5 3.2731
52.1 6 3.7124
52.1 8 4.5389
52.1 10 5.3564
52.1 12 6.1067
52.1 14 6.8024
52.1 16 7.4526
52.1 18 8.0361
52.1 20 8.5955
52.1 22 9.1339
52.1 24 9.6540
52.1 26 10.1578
52.1 28 10.6469
52.1 30 11.1227
52.1 32 11.5865
52.1 36 12.4838
52.1 40 13.3426
52.1 44 14.1681
52.1 48 14.9642
52.1 52 15.7342
52.1 56 16.4809
52.1 60 17.2065
52.1 64 17.9128
52.1 68 18.6015
52.1 72 19.2740
52.1 76 19.9315
52.1 80 20.5750
52.1 90 22.1289
52.1 100 23.6134
52.1 110 25.0380
52.1 120 26.4100
52.1 130 27.7353
52.1 140 29.0188
52.1 150 30.2647
52.1 160 31.4761
52.1 170 32.6563
52.1 180 33.8075
52.1 190 34.9321
52.1 200 36.0319
52.1 210 37.1087
53.4 2 1.7600
53.4 4 2.7988
53.4 5 3.2582
53.4 6 3.6935
53.4 8 4.5116
53.4 10 5.3195
53.4 12 6.0605
53.4 14 6.7470
53.4 16 7.3882
53.4 18 7.9632
53.4 20 8.5142
53.4 22 9.0445
53.4 24 9.5565
53.4 26 10.0523
53.4 28 10.5335
53.4 30 11.0016
53.4 32 11.4577
53.4 36 12.3395
53.4 40 13.1833
53.4 44 13.9942
53.4 48 14.7761
53.4 52 15.5324
53.4 56 16.2656
53.4 60 16.9780
53.4 64 17.6715
53.4 68 18.3476
53.4 72 19.0078
53.4 76 19.6532
53.4 80 20.2849
53.4 90 21.8100
53.4 100 23.2671
53.4 110 24.6651
53.4 120 26.0116
53.4 130 27.3122
53.4 140 28.5717
53.4 150 29.7943
53.4 160 30.9832
53.4 170 32.1413
53.4 180 33.2711
53.4 190 34.3747
53.4 200 35.4541
53.4 210 36.5109
54.6 2 1.7579
54.6 4 2.7878
54.6 5 3.2434
54.6 6 3.6748
54.6 8 4.4846
54.6 10 5.2832
54.6 12 6.0150
54.6 14 6.6925
54.6 16 7.3250
54.6 18 7.8917
54.6 20 8.4345
54.6 22 8.9568
54.6 24 9.4609
54.6 26 9.9489
54.6 28 10.4225
54.6 30 10.8830
54.6 32 11.3316
54.6 36 12.1984
54.6 40 13.0276
54.6 44 13.8243
54.6 48 14.5925
54.6 52 15.3354
54.6 56 16.0555
54.6 60 16.7552
54.6 64 17.4362
54.6 68 18.1001
54.6 72 18.7483
54.6 76 19.3820
54.6 80 20.0022
54.6 90 21.4994
54.6 100 22.9297
54.6 110 24.3021
54.6 120 25.6237
54.6 130 26.9003
54.6 140 28.1366
54.6 150 29.3366
54.6 160 30.5035
54.6 170 31.6402
54.6 180 32.7492
54.6 190 33.8325
54.6 200 34.8920
54.6 210 35.9293
55.8 2 1.7559
55.8 4 2.7770
55.8 5 3.2289
55.8 6 3.6564
55.8 8 4.4580
55.8 10 5.2474
55.8 12 5.9702
55.8 14 6.6389
55.8 16 7.2628
55.8 18 7.8214
55.8 20 8.3563
55.8 22 8.8707
55.8 24 9.3671
55.8 26 9.8476
55.8 28 10.3137
55.8 30 10.7669
55.8 32 11.2083
55.8 36 12.0604
55.8 40 12.8754
55.8 44 13.6584
55.8 48 14.4132
55.8 52 15.1430
55.8 56 15.8505
55.8 60 16.5377
55.8 64 17.2066
55.8 68 17.8587
55.8 72 18.4953
55.8 76 19.1176
55.8 80 19.7266
55.8 90 21.1968
55.8 100 22.6011
55.8 110 23.9485
55.8 120 25.2461
55.8 130 26.4994
55.8 140 27.7131
55.8 150 28.8912
55.8 160 30.0367
55.8 170 31.1527
55.8 180 32.2414
55.8 190 33.3050
55.8 200 34.3451
55.8 210 35.3636
57.1 2 1.7539
57.1 4 2.7663
57.1 5 3.2146
57.1 6 3.6382
57.1 8 4.4318
57.1 10 5.2122
57.1 12 5.9261
57.1 14 6.5862
57.1 16 7.2016
57.1 18 7.7523
57.1 20 8.2795
57.1 22 8.7863
57.1 24 9.2753
57.1 26 9.7483
57.1 28 10.2072
57.1 30 10.6532
57.1 32 11.0876
57.1 36 11.9254
57.1 40 12.7267
57.1 44 13.4963
57.1 48 14.2381
57.1 52 14.9553
57.1 56 15.6504
57.1 60 16.3256
57.1 64 16.9827
57.1 68 17.6233
57.1 72 18.2486
57.1 76 18.8598
57.1 80 19.4580
57.1 90 20.9019
57.1 100 22.2811
57.1 110 23.6042
57.1 120 24.8784
57.1 130 26.1091
57.1 140 27.3008
57.1 150 28.4576
57.1 160 29.5825
57.1 170 30.6783
57.1 180 31.7474
57.1 190 32.7917
57.1 200 33.8131
57.1 210 34.8132
58.4 2 1.7518
58.4 4 2.7557
58.4 5 3.2004
58.4 6 3.6203
58.4 8 4.4060
58.4 10 5.1775
58.4 12 5.8826
58.4 14 6.5343
58.4 16 7.1415
58.4 18 7.6845
58.4 20 8.2041
58.4 22 8.7035
58.4 24 9.1852
58.4 26 9.6511
58.4 28 10.1029
58.4 30 10.5419
58.4 32 10.9694
58.4 36 11.7934
58.4 40 12.5813
58.4 44 13.3378
58.4 48 14.0670
58.4 52 14.7719
58.4 56 15.4551
58.4 60 16.1186
58.4 64 16.7643
58.4 68 17.3937
58.4 72 18.0080
58.4 76 18.6086
58.4 80 19.1962
58.4 90 20.6146
58.4 100 21.9693
58.4 110 23.2689
58.4 120 24.5203
58.4 130 25.7290
58.4 140 26.8995
58.4 150 28.0356
58.4 160 29.1404
58.4 170 30.2166
58.4 180 31.2666
58.4 190 32.2923
58.4 200 33.2955
58.4 210 34.2777
59.6 2 1.7498
59.6 4 2.7453
59.6 5 3.1864
59.6 6 3.6026
59.6 8 4.3806
59.6 10 5.1433
59.6 12 5.8399
59.6 14 6.4832
59.6 16 7.0824
59.6 18 7.6179
59.6 20 8.1302
59.6 22 8.6223
59.6 24 9.0969
59.6 26 9.5558
59.6 28 10.0007
59.6 30 10.4330
59.6 32 10.8538
59.6 36 11.6643
59.6 40 12.4391
59.6 44 13.1831
59.6 48 13.9000
59.6 52 14.5930
59.6 56 15.2645
59.6 60 15.9167
59.6 64 16.5513
59.6 68 17.1698
59.6 72 17.7735
59.6 76 18.3636
59.6 80 18.9410
59.6 90 20.3347
59.6 100 21.6656
59.6 110 22.9424
59.6 120 24.1717
59.6 130 25.3591
59.6 140 26.5089
59.6 150 27.6249
59.6 160 28.7102
59.6 170 29.7674
59.6 180 30.7988
59.6 190 31.8063
59.6 200 32.7918
59.6 210 33.7567
60.9 2 1.7477
60.9 4 2.7350
60.9 5 3.1726
60.9 6 3.5852
60.9 8 4.3556
60.9 10 5.1096
60.9 12 5.7978
60.9 14 6.4330
60.9 16 7.0243
60.9 18 7.5525
60.9 20 8.0576
60.9 22 8.5427
60.9 24 9.0103
60.9 26 9.4624
60.9 28 9.9006
60.9 30 10.3263
60.9 32 10.7406
60.9 36 11.5380
60.9 40 12.3002
60.9 44 13.0319
60.9 48 13.7369
60.9 52 14.4183
60.9 56 15.0785
60.9 60 15.7196
60.9 64 16.3434
60.9 68 16.9514
60.9 72 17.5448
60.9 76 18.1248
60.9 80 18.6923
60.9 90 20.0619
60.9 100 21.3697
60.9 110 22.6243
60.9 120 23.8322
60.9 130 24.9989
60.9 140 26.1287
60.9 150 27.2252
60.9 160 28.2915
60.9 170 29.3302
60.9 180 30.3435
60.9 190 31.3335
60.9 200 32.3018
60.9 210 33.2499
62.2 2 1.7456
62.2 4 2.7248
62.2 5 3.1590
62.2 6 3.5680
62.2 8 4.3309
62.2 10 5.0765
62.2 12 5.7564
62.2 14 6.3836
62.2 16 6.9672
62.2 18 7.4882
62.2 20 7.9863
62.2 22 8.4646
62.2 24 8.9255
62.2 26 9.3709
62.2 28 9.8026
62.2 30 10.2219
62.2 32 10.6298
62.2 36 11.4145
62.2 40 12.1644
62.2 44 12.8842
62.2 48 13.5776
62.2 52 14.2477
62.2 56 14.8970
62.2 60 15.5274
62.2 64 16.1407
62.2 68 16.7385
62.2 72 17.3218
62.2 76 17.8920
62.2 80 18.4498
62.2 90 19.7961
62.2 100 21.0815
62.2 110 22.3145
62.2 120 23.5017
62.2 130 24.6483
62.2 140 25.7585
62.2 150 26.8361
62.2 160 27.8839
62.2 170 28.9047
62.2 180 29.9006
62.2 190 30.8734
62.2 200 31.8250
62.2 210 32.7567
63.5 2 1.7436
63.5 4 2.7148
63.5 5 3.1457
63.5 6 3.5512
63.5 8 4.3069
63.5 10 5.0440
63.5 12 5.7158
63.5 14 6.3352
63.5 16 6.9111
63.5 18 7.4253
63.5 20 7.9166
63.5 22 8.3882
63.5 24 8.8426
63.5 26 9.2816
63.5 28 9.7070
63.5 30 10.1201
63.5 32 10.5219
63.5 36 11.2943
63.5 40 12.0323
63.5 44 12.7405
63.5 48 13.4228
63.5 52 14.0820
63.5 56 14.7207
63.5 60 15.3408
63.5 64 15.9440
63.5 68 16.5319
63.5 72 17.1056
63.5 76 17.6662
63.5 80 18.2148
63.5 90 19.5385
63.5 100 20.8024
63.5 110 22.0146
63.5 120 23.1817
63.5 130 24.3089
63.5 140 25.4003
63.5 150 26.4597
63.5 160 27.4898
63.5 170 28.4932
63.5 180 29.4722
63.5 190 30.4286
63.5 200 31.3641
63.5 210 32.2800
64.8 2 1.7417
64.8 4 2.7053
64.8 5 3.1332
64.8 6 3.5354
64.8 8 4.2840
64.8 10 5.0127
64.8 12 5.6763
64.8 14 6.2879
64.8 16 6.8565
64.8 18 7.3640
64.8 20 7.8489
64.8 22 8.3142
64.8 24 8.7624
64.8 26 9.1954
64.8 28 9.6148
64.8 30 10.0219
64.8 32 10.4180
64.8 36 11.1787
64.8 40 11.9054
64.8 44 12.6027
64.8 48 13.2744
64.8 52 13.9233
64.8 56 14.5519
64.8 60 15.1622
64.8 64 15.7559
64.8 68 16.3344
64.8 72 16.8989
64.8 76 17.4506
64.8 80 17.9904
64.8 90 19.2928
64.8 100 20.5362
64.8 110 21.7288
64.8 120 22.8769
64.8 130 23.9858
64.8 140 25.0594
64.8 150 26.1015
64.8 160 27.1148
64.8 170 28.1019
64.8 180 29.0649
64.8 190 30.0057
64.8 200 30.9259
64.8 210 31.8270
66.1 2 1.7399
66.1 4 2.6959
66.1 5 3.1207
66.1 6 3.5197
66.1 8 4.2615
66.1 10 4.9817
66.1 12 5.6374
66.1 14 6.2414
66.1 16 6.8027
66.1 18 7.3038
66.1 20 7.7824
66.1 22 8.2415
66.1 24 8.6837
66.1 26 9.1107
66.1 28 9.5243
66.1 30 9.9257
66.1 32 10.3160
66.1 36 11.0653
66.1 40 11.7810
66.1 44 12.4677
66.1 48 13.1290
66.1 52 13.7679
66.1 56 14.3867
66.1 60 14.9875
66.1 64 15.5718
66.1 68 16.1412
66.1 72 16.6968
66.1 76 17.2398
66.1 80 17.7709
66.1 90 19.0526
66.1 100 20.2761
66.1 110 21.4495
66.1 120 22.5792
66.1 130 23.6701
66.1 140 24.7264
66.1 150 25.7516
66.1 160 26.7486
66.1 170 27.7197
66.1 180 28.6672
66.1 190 29.5928
66.1 200 30.4981
66.1 210 31.3847
67.4 2 1.7380
67.4 4 2.6865
67.4 5 3.1083
67.4 6 3.5042
67.4 8 4.2391
67.4 10 4.9512
67.4 12 5.5991
67.4 14 6.1956
67.4 16 6.7497
67.4 18 7.2446
67.4 20 7.7170
67.4 22 8.1701
67.4 24 8.6063
67.4 26 9.0276
67.4 28 9.4354
67.4 30 9.8312
67.4 32 10.2160
67.4 36 10.9542
67.4 40 11.6592
67.4 44 12.3355
67.4 48 12.9867
67.4 52 13.6158
67.4 56 14.2251
67.4 60 14.8165
67.4 64 15.3918
67.4 68 15.9523
67.4 72 16.4992
67.4 76 17.0336
67.4 80 17.5564
67.4 90 18.8178
67.4 100 20.0219
67.4 110 21.1767
67.4 120 22.2883
67.4 130 23.3618
67.4 140 24.4012
67.4 150 25.4100
67.4 160 26.3910
67.4 170 27.3466
67.4 180 28.2788
67.4 190 29.1896
67.4 200 30.0804
67.4 210 30.9527
68.7 2 1.7360
68.7 4 2.6772
68.7 5 3.0961
68.7 6 3.4887
68.7 8 4.2169
68.7 10 4.9210
68.7 12 5.5612
68.7 14 6.1504
68.7 16 6.6976
68.7 18 7.1863
68.7 20 7.6527
68.7 22 8.1000
68.7 24 8.5304
68.7 26 8.9460
68.7 28 9.3482
68.7 30 9.7385
68.7 32 10.1180
68.7 36 10.8453
68.7 40 11.5399
68.7 44 12.2060
68.7 48 12.8474
68.7 52 13.4670
68.7 56 14.0669
68.7 60 14.6493
68.7 64 15.2157
68.7 68 15.7675
68.7 72 16.3060
68.7 76 16.8321
68.7 80 17.3467
68.7 90 18.5884
68.7 100 19.7735
68.7 110 20.9101
68.7 120 22.0041
68.7 130 23.0606
68.7 140 24.0836
68.7 150 25.0764
68.7 160 26.0417
68.7 170 26.9821
68.7 180 27.8995
68.7 190 28.7958
68.7 200 29.6725
68.7 210 30.5309
70.0 2 1.7340
70.0 4 2.6680
70.0 5 3.0839
70.0 6 3.4734
70.0 8 4.1950
70.0 10 4.8912
70.0 12 5.5239
70.0 14 6.1060
70.0 16 6.6464
70.0 18 7.1290
70.0 20 7.5896
70.0 22 8.0310
70.0 24 8.4558
70.0 26 8.8658
70.0 28 9.2627
70.0 30 9.6476
70.0 32 10.0218
70.0 36 10.7386
70.0 40 11.4229
70.0 44 12.0792
70.0 48 12.7110
70.0 52 13.3213
70.0 56 13.9122
70.0 60 14.4857
70.0 64 15.0435
70.0 68 15.5869
70.0 72 16.1170
70.0 76 16.6350
70.0 80 17.1417
70.0 90 18.3641
70.0 100 19.5309
70.0 110 20.6496
70.0 120 21.7266
70.0 130 22.7665
70.0 140 23.7734
70.0 150 24.7505
70.0 160 25.7007
70.0 170 26.6262
70.0 180 27.5292
70.0 190 28.4114
70.0 200 29.2742
70.0 210 30.1191
71.4 2 1.7320
71.4 4 2.6588
71.4 5 3.0718
71.4 6 3.4582
71.4 8 4.1733
71.4 10 4.8618
71.4 12 5.4871
71.4 14 6.0622
71.4 16 6.5959
71.4 18 7.0727
71.4 20 7.5275
71.4 22 7.9633
71.4 24 8.3826
71.4 26 8.7872
71.4 28 9.1787
71.4 30 9.5584
71.4 32 9.9274
71.4 36 10.6339
71.4 40 11.3083
71.4 44 11.9550
71.4 48 12.5775
71.4 52 13.1787
71.4 56 13.7608
71.4 60 14.3257
71.4 64 14.8750
71.4 68 15.4102
71.4 72 15.9323
71.4 76 16.4424
71.4 80 16.9413
71.4 90 18.1450
71.4 100 19.2937
71.4 110 20.3952
71.4 120 21.4554
71.4 130 22.4791
71.4 140 23.4703
71.4 150 24.4322
71.4 160 25.3676
71.4 170 26.2787
71.4 180 27.1675
71.4 190 28.0359
71.4 200 28.8853
71.4 210 29.7170
72.7 2 1.7299
72.7 4 2.6498
72.7 5 3.0598
72.7 6 3.4432
72.7 8 4.1518
72.7 10 4.8327
72.7 12 5.4508
72.7 14 6.0191
72.7 16 6.5463
72.7 18 7.0173
72.7 20 7.4664
72.7 22 7.8968
72.7 24 8.3107
72.7 26 8.7100
72.7 28 9.0963
72.7 30 9.4709
72.7 32 9.8349
72.7 36 10.5314
72.7 40 11.1961
72.7 44 11.8334
72.7 48 12.4468
72.7 52 13.0391
72.7 56 13.6126
72.7 60 14.1691
72.7 64 14.7102
72.7 68 15.2373
72.7 72 15.7516
72.7 76 16.2540
72.7 80 16.7454
72.7 90 17.9308
72.7 100 19.0620
72.7 110 20.1466
72.7 120 21.1905
72.7 130 22.1984
72.7 140 23.1743
72.7 150 24.1214
72.7 160 25.0422
72.7 170 25.9392
72.7 180 26.8143
72.7 190 27.6692
72.7 200 28.5054
72.7 210 29.3242
74.1 2 1.7278
74.1 4 2.6407
74.1 5 3.0479
74.1 6 3.4282
74.1 8 4.1305
74.1 10 4.8040
74.1 12 5.4151
74.1 14 5.9766
74.1 16 6.4974
74.1 18 6.9628
74.1 20 7.4065
74.1 22 7.8314
74.1 24 8.2400
74.1 26 8.6342
74.1 28 9.0155
74.1 30 9.3851
74.1 32 9.7442
74.1 36 10.4308
74.1 40 11.0861
74.1 44 11.7142
74.1 48 12.3188
74.1 52 12.9025
74.1 56 13.4675
74.1 60 14.0159
74.1 64 14.5490
74.1 68 15.0683
74.1 72 15.5749
74.1 76 16.0698
74.1 80 16.5539
74.1 90 17.7214
74.1 100 18.8355
74.1 110 19.9037
74.1 120 20.9317
74.1 130 21.9243
74.1 140 22.8852
74.1 150 23.8178
74.1 160 24.7245
74.1 170 25.6077
74.1 180 26.4694
74.1 190 27.3111
74.1 200 28.1345
74.1 210 28.9407
75.5 2 1.7256
75.5 4 2.6318
75.5 5 3.0361
75.5 6 3.4134
75.5 8 4.1094
75.5 10 4.7756
75.5 12 5.3798
75.5 14 5.9348
75.5 16 6.4494
75.5 18 6.9092
75.5 20 7.3475
75.5 22 7.7672
75.5 24 8.1707
75.5 26 8.5598
75.5 28 8.9361
75.5 30 9.3009
75.5 32 9.6552
75.5 36 10.3323
75.5 40 10.9783
75.5 44 11.5976
75.5 48 12.1935
75.5 52 12.7688
75.5 56 13.3256
75.5 60 13.8660
75.5 64 14.3913
75.5 68 14.9030
75.5 72 15.4022
75.5 76 15.8898
75.5 80 16.3667
75.5 90 17.5168
75.5 100 18.6142
75.5 110 19.6663
75.5 120 20.6788
75.5 130 21.6564
75.5 140 22.6028
75.5 150 23.5212
75.5 160 24.4142
75.5 170 25.2839
75.5 180 26.1325
75.5 190 26.9614
75.5 200 27.7722
75.5 210 28.5661
76.9 2 1.7235
76.9 4 2.6229
76.9 5 3.0244
76.9 6 3.3987
76.9 8 4.0886
76.9 10 4.7476
76.9 12 5.3450
76.9 14 5.8936
76.9 16 6.4021
76.9 18 6.8565
76.9 20 7.2896
76.9 22 7.7041
76.9 24 8.1026
76.9 26 8.4868
76.9 28 8.8582
76.9 30 9.2182
76.9 32 9.5679
76.9 36 10.2357
76.9 40 10.8727
76.9 44 11.4833
76.9 48 12.0708
76.9 52 12.6379
76.9 56 13.1868
76.9 60 13.7194
76.9 64 14.2371
76.9 68 14.7414
76.9 72 15.2332
76.9 76 15.7137
76.9 80 16.1836
76.9 90 17.3168
76.9 100 18.3980
76.9 110 19.4344
76.9 120 20.4318
76.9 130 21.3948
76.9 140 22.3270
76.9 150 23.2316
76.9 160 24.1111
76.9 170 24.9678
76.9 180 25.8035
76.9 190 26.6199
76.9 200 27.4184
76.9 210 28.2003
78.3 2 1.7212
78.3 4 2.6141
78.3 5 3.0127
78.3 6 3.3842
78.3 8 4.0679
78.3 10 4.7200
78.3 12 5.3107
78.3 14 5.8530
78.3 16 6.3555
78.3 18 6.8047
78.3 20 7.2326
78.3 22 7.6422
78.3 24 8.0357
78.3 26 8.4151
78.3 28 8.7818
78.3 30 9.1372
78.3 32 9.4823
78.3 36 10.1410
78.3 40 10.7693
78.3 44 11.3714
78.3 48 11.9506
78.3 52 12.5098
78.3 56 13.0509
78.3 60 13.5759
78.3 64 14.0863
78.3 68 14.5833
78.3 72 15.0681
78.3 76 15.5416
78.3 80 16.0046
78.3 90 17.1213
78.3 100 18.1866
78.3 110 19.2078
78.3 120 20.1905
78.3 130 21.1392
78.3 140 22.0575
78.3 150 22.9486
78.3 160 23.8150
78.3 170 24.6588
78.3 180 25.4821
78.3 190 26.2862
78.3 200 27.0728
78.3 210 27.8430
79.7 2 1.7189
79.7 4 2.6054
79.7 5 3.0012
79.7 6 3.3697
79.7 8 4.0474
79.7 10 4.6926
79.7 12 5.2769
79.7 14 5.8130
79.7 16 6.3097
79.7 18 6.7538
79.7 20 7.1766
79.7 22 7.5813
79.7 24 7.9700
79.7 26 8.3447
79.7 28 8.7068
79.7 30 9.0577
79.7 32 9.3983
79.7 36 10.0482
79.7 40 10.6679
79.7 44 11.2618
79.7 48 11.8330
79.7 52 12.3844
79.7 56 12.9180
79.7 60 13.4356
79.7 64 13.9387
79.7 68 14.4286
79.7 72 14.9065
79.7 76 15.3732
79.7 80 15.8297
79.7 90 16.9302
79.7 100 17.9801
79.7 110 18.9864
79.7 120 19.9547
79.7 130 20.8895
79.7 140 21.7943
79.7 150 22.6722
79.7 160 23.5258
79.7 170 24.3571
79.7 180 25.1682
79.7 190 25.9604
79.7 200 26.7353
79.7 210 27.4940
81.1 2 1.7166
81.1 4 2.5967
81.1 5 2.9897
81.1 6 3.3554
81.1 8 4.0272
81.1 10 4.6657
81.1 12 5.2436
81.1 14 5.7737
81.1 16 6.2647
81.1 18 6.7037
81.1 20 7.1216
81.1 22 7.5215
81.1 24 7.9055
81.1 26 8.2756
81.1 28 8.6333
81.1 30 8.9797
81.1 32 9.3160
81.1 36 9.9572
81.1 40 10.5687
81.1 44 11.1545
81.1 48 11.7179
81.1 52 12.2617
81.1 56 12.7879
81.1 60 13.2982
81.1 64 13.7944
81.1 68 14.2774
81.1 72 14.7486
81.1 76 15.2087
81.1 80 15.6587
81.1 90 16.7435
81.1 100 17.7783
81.1 110 18.7701
81.1 120 19.7244
81.1 130 20.6455
81.1 140 21.5372
81.1 150 22.4023
81.1 160 23.2433
81.1 170 24.0625
81.1 180 24.8616
81.1 190 25.6422
81.1 200 26.4057
81.1 210 27.1532
82.5 2 1.7143
82.5 4 2.5881
82.5 5 2.9783
82.5 6 3.3412
82.5 8 4.0071
82.5 10 4.6390
82.5 12 5.2107
82.5 14 5.7349
82.5 16 6.2203
82.5 18 6.6544
82.5 20 7.0675
82.5 22 7.4627
82.5 24 7.8422
82.5 26 8.2078
82.5 28 8.5611
82.5 30 8.9032
82.5 32 9.2352
82.5 36 9.8681
82.5 40 10.4714
82.5 44 11.0494
82.5 48 11.6052
82.5 52 12.1416
82.5 56 12.6605
82.5 60 13.1639
82.5 64 13.6532
82.5 68 14.1295
82.5 72 14.5941
82.5 76 15.0478
82.5 80 15.4914
82.5 90 16.5610
82.5 100 17.5811
82.5 110 18.5587
82.5 120 19.4993
82.5 130 20.4072
82.5 140 21.2860
82.5 150 22.1386
82.5 160 22.9675
82.5 170 23.7747
82.5 180 24.5622
82.5 190 25.3314
82.5 200 26.0837
82.5 210 26.8203
84.0 2 1.7119
84.0 4 2.5795
84.0 5 2.9671
84.0 6 3.3271
84.0 8 3.9873
84.0 10 4.6127
84.0 12 5.1783
84.0 14 5.6967
84.0 16 6.1767
84.0 18 6.6059
84.0 20 7.0144
84.0 22 7.4050
84.0 24 7.7800
84.0 26 8.1412
84.0 28 8.4902
84.0 30 8.8281
84.0 32 9.1561
84.0 36 9.7807
84.0 40 10.3761
84.0 44 10.9464
84.0 48 11.4949
84.0 52 12.0240
84.0 56 12.5360
84.0 60 13.0325
84.0 64 13.5151
84.0 68 13.9849
84.0 72 14.4431
84.0 76 14.8905
84.0 80 15.3280
84.0 90 16.3826
84.0 100 17.3884
84.0 110 18.3522
84.0 120 19.2794
84.0 130 20.1744
84.0 140 21.0406
84.0 150 21.8810
84.0 160 22.6980
84.0 170 23.4936
84.0 180 24.2697
84.0 190 25.0278
84.0 200 25.7692
84.0 210 26.4951
85.4 2 1.7095
85.4 4 2.5711
85.4 5 2.9559
85.4 6 3.3131
85.4 8 3.9676
85.4 10 4.5867
85.4 12 5.1463
85.4 14 5.6591
85.4 16 6.1338
85.4 18 6.5583
85.4 20 6.9622
85.4 22 7.3483
85.4 24 7.7189
85.4 26 8.0759
85.4 28 8.4207
85.4 30 8.7545
85.4 32 9.0784
85.4 36 9.6951
85.4 40 10.2828
85.4 44 10.8456
85.4 48 11.3868
85.4 52 11.9090
85.4 56 12.4141
85.4 60 12.9040
85.4 64 13.3800
85.4 68 13.8435
85.4 72 14.2954
85.4 76 14.7367
85.4 80 15.1682
85.4 90 16.2083
85.4 100 17.2001
85.4 110 18.1504
85.4 120 19.0646
85.4 130 19.9470
85.4 140 20.8009
85.4 150 21.6294
85.4 160 22.4347
85.4 170 23.2190
85.4 180 23.9840
85.4 190 24.7312
85.4 200 25.4620
85.4 210 26.1775
86.9 2 1.7070
86.9 4 2.5627
86.9 5 2.9448
86.9 6 3.2992
86.9 8 3.9481
86.9 10 4.5610
86.9 12 5.1148
86.9 14 5.6221
86.9 16 6.0915
86.9 18 6.5115
86.9 20 6.9109
86.9 22 7.2926
86.9 24 7.6590
86.9 26 8.0118
86.9 28 8.3525
86.9 30 8.6823
86.9 32 9.0023
86.9 36 9.6111
86.9 40 10.1913
86.9 44 10.7469
86.9 48 11.2811
86.9 52 11.7964
86.9 56 12.2949
86.9 60 12.7782
86.9 64 13.2480
86.9 68 13.7052
86.9 72 14.1510
86.9 76 14.5864
86.9 80 15.0120
86.9 90 16.0379
86.9 100 17.0160
86.9 110 17.9533
86.9 120 18.8548
86.9 130 19.7248
86.9 140 20.5668
86.9 150 21.3836
86.9 160 22.1776
86.9 170 22.9509
86.9 180 23.7050
86.9 190 24.4416
86.9 200 25.1620
86.9 210 25.8673
88.3 2 1.7045
88.3 4 2.5543
88.3 5 2.9337
88.3 6 3.2855
88.3 8 3.9289
88.3 10 4.5357
88.3 12 5.0838
88.3 14 5.5857
88.3 16 6.0500
88.3 18 6.4654
88.3 20 6.8604
88.3 22 7.2379
88.3 24 7.6001
88.3 26 7.9489
88.3 28 8.2856
88.3 30 8.6115
88.3 32 8.9276
88.3 36 9.5289
88.3 40 10.1018
88.3 44 10.6503
88.3 48 11.1776
88.3 52 11.6862
88.3 56 12.1782
88.3 60 12.6552
88.3 64 13.1187
88.3 68 13.5699
88.3 72 14.0098
88.3 76 14.4394
88.3 80 14.8593
88.3 90 15.8713
88.3 100 16.8362
88.3 110 17.7606
88.3 120 18.6497
88.3 130 19.5078
88.3 140 20.3381
88.3 150 21.1436
88.3 160 21.9265
88.3 170 22.6889
88.3 180 23.4325
88.3 190 24.1587
88.3 200 24.8690
88.3 210 25.5643
89.8 2 1.7020
89.8 4 2.5460
89.8 5 2.9228
89.8 6 3.2718
89.8 8 3.9098
89.8 10 4.5107
89.8 12 5.0531
89.8 14 5.5498
89.8 16 6.0091
89.8 18 6.4201
89.8 20 6.8109
89.8 22 7.1842
89.8 24 7.5424
89.8 26 7.8871
89.8 28 8.2199
89.8 30 8.5420
89.8 32 8.8544
89.8 36 9.4483
89.8 40 10.0140
89.8 44 10.5557
89.8 48 11.0763
89.8 52 11.5784
89.8 56 12.0641
89.8 60 12.5349
89.8 64 12.9924
89.8 68 13.4377
89.8 72 13.8718
89.8 76 14.2957
89.8 80 14.7100
89.8 90 15.7086
89.8 100 16.6605
89.8 110 17.5724
89.8 120 18.4495
89.8 130 19.2958
89.8 140 20.1147
89.8 150 20.9091
89.8 160 21.6812
89.8 170 22.4330
89.8 180 23.1663
89.8 190 23.8824
89.8 200 24.5827
89.8 210 25.2684
91.3 2 1.6994
91.3 4 2.5378
91.3 5 2.9119
91.3 6 3.2583
91.3 8 3.8909
91.3 10 4.4859
91.3 12 5.0229
91.3 14 5.5144
91.3 16 5.9689
91.3 18 6.3756
91.3 20 6.7622
91.3 22 7.1314
91.3 24 7.4856
91.3 26 7.8265
91.3 28 8.1555
91.3 30 8.4739
91.3 32 8.7826
91.3 36 9.3693
91.3 40 9.9281
91.3 44 10.4630
91.3 48 10.9771
91.3 52 11.4729
91.3 56 11.9524
91.3 60 12.4173
91.3 64 12.8689
91.3 68 13.3084
91.3 72 13.7369
91.3 76 14.1552
91.3 80 14.5641
91.3 90 15.5495
91.3 100 16.4888
91.3 110 17.3885
91.3 120 18.2538
91.3 130 19.0887
91.3 140 19.8965
91.3 150 20.6801
91.3 160 21.4416
91.3 170 22.1831
91.3 180 22.9063
91.3 190 23.6125
91.3 200 24.3032
91.3 210 24.9793
92.8 2 1.6968
92.8 4 2.5297
92.8 5 2.9011
92.8 6 3.2449
92.8 8 3.8722
92.8 10 4.4615
92.8 12 4.9932
92.8 14 5.4796
92.8 16 5.9293
92.8 18 6.3318
92.8 20 6.7143
92.8 22 7.0796
92.8 24 7.4299
92.8 26 7.7670
92.8 28 8.0923
92.8 30 8.4070
92.8 32 8.7122
92.8 36 9.2919
92.8 40 9.8439
92.8 44 10.3723
92.8 48 10.8801
92.8 52 11.3697
92.8 56 11.8432
92.8 60 12.3021
92.8 64 12.7480
92.8 68 13.1819
92.8 72 13.6049
92.8 76 14.0179
92.8 80 14.4215
92.8 90 15.3941
92.8 100 16.3211
92.8 110 17.2089
92.8 120 18.0626
92.8 130 18.8864
92.8 140 19.6834
92.8 150 20.4563
92.8 160 21.2076
92.8 170 21.9390
92.8 180 22.6523
92.8 190 23.3490
92.8 200 24.0302
92.8 210 24.6970
94.3 2 1.6941
94.3 4 2.5216
94.3 5 2.8904
94.3 6 3.2316
94.3 8 3.8536
94.3 10 4.4374
94.3 12 4.9638
94.3 14 5.4453
94.3 16 5.8904
94.3 18 6.2888
94.3 20 6.6673
94.3 22 7.0287
94.3 24 7.3752
94.3 26 7.7086
94.3 28 8.0303
94.3 30 8.3415
94.3 32 8.6432
94.3 36 9.2160
94.3 40 9.7615
94.3 44 10.2835
94.3 48 10.7851
94.3 52 11.2687
94.3 56 11.7363
94.3 60 12.1896
94.3 64 12.6298
94.3 68 13.0583
94.3 72 13.4759
94.3 76 13.8836
94.3 80 14.2821
94.3 90 15.2422
94.3 100 16.1572
94.3 110 17.0334
94.3 120 17.8759
94.3 130 18.6888
94.3 140 19.4751
94.3 150 20.2378
94.3 160 20.9790
94.3 170 21.7006
94.3 180 22.4043
94.3 190 23.0915
94.3 200 23.7634
94.3 210 24.4212
95.8 2 1.6914
95.8 4 2.5136
95.8 5 2.8798
95.8 6 3.2184
95.8 8 3.8353
95.8 10 4.4136
95.8 12 4.9349
95.8 14 5.4116
95.8 16 5.8521
95.8 18 6.2465
95.8 20 6.6211
95.8 22 6.9787
95.8 24 7.3216
95.8 26 7.6513
95.8 28 7.9695
95.8 30 8.2772
95.8 32 8.5755
95.8 36 9.1417
95.8 40 9.6807
95.8 44 10.1965
95.8 48 10.6921
95.8 52 11.1699
95.8 56 11.6318
95.8 60 12.0795
95.8 64 12.5143
95.8 68 12.9375
95.8 72 13.3499
95.8 76 13.7524
95.8 80 14.1459
95.8 90 15.0938
95.8 100 15.9970
95.8 110 16.8619
95.8 120 17.6935
95.8 130 18.4957
95.8 140 19.2718
95.8 150 20.0244
95.8 160 20.7557
95.8 170 21.4677
95.8 180 22.1620
95.8 190 22.8400
95.8 200 23.5029
95.8 210 24.1519
97.3 2 1.6887
97.3 4 2.5056
97.3 5 2.8693
97.3 6 3.2053
97.3 8 3.8171
97.3 10 4.3901
97.3 12 4.9064
97.3 14 5.3783
97.3 16 5.8144
97.3 18 6.2049
97.3 20 6.5757
97.3 22 6.9296
97.3 24 7.2689
97.3 26 7.5951
97.3 28 7.9098
97.3 30 8.2142
97.3 32 8.5092
97.3 36 9.0689
97.3 40 9.6017
97.3 44 10.1114
97.3 48 10.6011
97.3 52 11.0732
97.3 56 11.5295
97.3 60 11.9718
97.3 64 12.4013
97.3 68 12.8193
97.3 72 13.2266
97.3 76 13.6242
97.3 80 14.0128
97.3 90 14.9488
97.3 100 15.8406
97.3 110 16.6945
97.3 120 17.5154
97.3 130 18.3072
97.3 140 19.0732
97.3 150 19.8160
97.3 160 20.5377
97.3 170 21.2403
97.3 180 21.9254
97.3 190 22.5944
97.3 200 23.2485
97.3 210 23.8887
98.8 2 1.6859
98.8 4 2.4977
98.8 5 2.8588
98.8 6 3.1923
98.8 8 3.7992
98.8 10 4.3669
98.8 12 4.8782
98.8 14 5.3456
98.8 16 5.7773
98.8 18 6.1640
98.8 20 6.5311
98.8 22 6.8814
98.8 24 7.2171
98.8 26 7.5400
98.8 28 7.8513
98.8 30 8.1524
98.8 32 8.4442
98.8 36 8.9976
98.8 40 9.5243
98.8 44 10.0281
98.8 48 10.5121
98.8 52 10.9786
98.8 56 11.4295
98.8 60 11.8665
98.8 64 12.2909
98.8 68 12.7038
98.8 72 13.1062
98.8 76 13.4989
98.8 80 13.8827
98.8 90 14.8071
98.8 100 15.6877
98.8 110 16.5309
98.8 120 17.3414
98.8 130 18.1231
98.8 140 18.8792
98.8 150 19.6124
98.8 160 20.3248
98.8 170 21.0182
98.8 180 21.6944
98.8 190 22.3546
98.8 200 23.0000
98.8 210 23.6318
100.4 2 1.6831
100.4 4 2.4899
100.4 5 2.8485
100.4 6 3.1794
100.4 8 3.7814
100.4 10 4.3439
100.4 12 4.8505
100.4 14 5.3134
100.4 16 5.7409
100.4 18 6.1238
100.4 20 6.4873
100.4 22 6.8341
100.4 24 7.1664
100.4 26 7.4859
100.4 28 7.7939
100.4 30 8.0918
100.4 32 8.3804
100.4 36 8.9277
100.4 40 9.4484
100.4 44 9.9466
100.4 48 10.4250
100.4 52 10.8861
100.4 56 11.3317
100.4 60 11.7636
100.4 64 12.1829
100.4 68 12.5909
100.4 72 12.9884
100.4 76 13.3764
100.4 80 13.7555
100.4 90 14.6687
100.4 100 15.5384
100.4 110 16.3711
100.4 120 17.1714
100.4 130 17.9433
100.4 140 18.6898
100.4 150 19.4136
100.4 160 20.1168
100.4 170 20.8013
100.4 180 21.4687
100.4 190 22.1203
100.4 200 22.7574
100.4 210 23.3808
101.9 2 1.6803
101.9 4 2.4821
101.9 5 2.8382
101.9 6 3.1666
101.9 8 3.7637
101.9 10 4.3213
101.9 12 4.8232
101.9 14 5.2817
101.9 16 5.7050
101.9 18 6.0843
101.9 20 6.4443
101.9 22 6.7876
101.9 24 7.1165
101.9 26 7.4328
101.9 28 7.7377
101.9 30 8.0324
101.9 32 8.3180
101.9 36 8.8592
101.9 40 9.3742
101.9 44 9.8667
101.9 48 10.3397
101.9 52 10.7956
101.9 56 11.2361
101.9 60 11.6629
101.9 64 12.0773
101.9 68 12.4805
101.9 72 12.8733
101.9 76 13.2567
101.9 80 13.6313
101.9 90 14.5334
101.9 100 15.3926
101.9 110 16.2150
101.9 120 17.0054
101.9 130 17.7676
101.9 140 18.5048
101.9 150 19.2194
101.9 160 19.9137
101.9 170 20.5895
101.9 180 21.2483
101.9 190 21.8915
101.9 200 22.5204
101.9 210 23.1358
103.4 2 1.6774
103.4 4 2.4744
103.4 5 2.8280
103.4 6 3.1540
103.4 8 3.7463
103.4 10 4.2989
103.4 12 4.7963
103.4 14 5.2505
103.4 16 5.6698
103.4 18 6.0455
103.4 20 6.4020
103.4 22 6.7420
103.4 24 7.0677
103.4 26 7.3807
103.4 28 7.6825
103.4 30 7.9742
103.4 32 8.2567
103.4 36 8.7921
103.4 40 9.3015
103.4 44 9.7886
103.4 48 10.2564
103.4 52 10.7070
103.4 56 11.1426
103.4 60 11.5645
103.4 64 11.9741
103.4 68 12.3726
103.4 72 12.7609
103.4 76 13.1398
103.4 80 13.5099
103.4 90 14.4013
103.4 100 15.2502
103.4 110 16.0626
103.4 120 16.8433
103.4 130 17.5961
103.4 140 18.3241
103.4 150 19.0298
103.4 160 19.7154
103.4 170 20.3827
103.4 180 21.0331
103.4 190 21.6682
103.4 200 22.2889
103.4 210 22.8964
105.0 2 1.6745
105.0 4 2.4667
105.0 5 2.8178
105.0 6 3.1414
105.0 8 3.7290
105.0 10 4.2769
105.0 12 4.7697
105.0 14 5.2197
105.0 16 5.6351
105.0 18 6.0073
105.0 20 6.3605
105.0 22 6.6972
105.0 24 7.0197
105.0 26 7.3296
105.0 28 7.6283
105.0 30 7.9170
105.0 32 8.1967
105.0 36 8.7265
105.0 40 9.2304
105.0 44 9.7122
105.0 48 10.1748
105.0 52 10.6205
105.0 56 11.0511
105.0 60 11.4683
105.0 64 11.8733
105.0 68 12.2672
105.0 72 12.6510
105.0 76 13.0255
105.0 80 13.3914
105.0 90 14.2723
105.0 100 15.1110
105.0 110 15.9137
105.0 120 16.6850
105.0 130 17.4287
105.0 140 18.1477
105.0 150 18.8447
105.0 160 19.5218
105.0 170 20.1807
105.0 180 20.8230
105.0 190 21.4500
105.0 200 22.0629
105.0 210 22.6627
106.5 2 1.6715
106.5 4 2.4591
106.5 5 2.8078
106.5 6 3.1289
106.5 8 3.7119
106.5 10 4.2551
106.5 12 4.7435
106.5 14 5.1894
106.5 16 5.6010
106.5 18 5.9698
106.5 20 6.3197
106.5 22 6.6532
106.5 24 6.9726
106.5 26 7.2795
106.5 28 7.5753
106.5 30 7.8611
106.5 32 8.1379
106.5 36 8.6621
106.5 40 9.1607
106.5 44 9.6374
106.5 48 10.0950
106.5 52 10.5358
106.5 56 10.9617
106.5 60 11.3742
106.5 64 11.7747
106.5 68 12.1642
106.5 72 12.5436
106.5 76 12.9138
106.5 80 13.2755
106.5 90 14.1462
106.5 100 14.9752
106.5 110 15.7684
106.5 120 16.5304
106.5 130 17.2651
106.5 140 17.9755
106.5 150 18.6640
106.5 160 19.3327
106.5 170 19.9835
106.5 180 20.6178
106.5 190 21.2370
106.5 200 21.8422
106.5 210 22.4344
108.0 2 1.6686
108.0 4 2.4516
108.0 5 2.7978
108.0 6 3.1166
108.0 8 3.6949
108.0 10 4.2335
108.0 12 4.7177
108.0 14 5.1597
108.0 16 5.5674
108.0 18 5.9330
108.0 20 6.2796
108.0 22 6.6100
108.0 24 6.9264
108.0 26 7.2303
108.0 28 7.5232
108.0 30 7.8062
108.0 32 8.0803
108.0 36 8.5992
108.0 40 9.0926
108.0 44 9.5642
108.0 48 10.0169
108.0 52 10.4530
108.0 56 10.8743
108.0 60 11.2823
108.0 64 11.6784
108.0 68 12.0636
108.0 72 12.4388
108.0 76 12.8048
108.0 80 13.1624
108.0 90 14.0231
108.0 100 14.8425
108.0 110 15.6264
108.0 120 16.3795
108.0 130 17.1055
108.0 140 17.8073
108.0 150 18.4875
108.0 160 19.1481
108.0 170 19.7910
108.0 180 20.4175
108.0 190 21.0290
108.0 200 21.6267
108.0 210 22.2115
109.6 2 1.6655
109.6 4 2.4441
109.6 5 2.7879
109.6 6 3.1043
109.6 8 3.6782
109.6 10 4.2123
109.6 12 4.6923
109.6 14 5.1303
109.6 16 5.5345
109.6 18 5.8968
109.6 20 6.2403
109.6 22 6.5676
109.6 24 6.8810
109.6 26 7.1821
109.6 28 7.4722
109.6 30 7.7524
109.6 32 8.0238
109.6 36 8.5375
109.6 40 9.0258
109.6 44 9.4926
109.6 48 9.9406
109.6 52 10.3721
109.6 56 10.7888
109.6 60 11.1925
109.6 64 11.5842
109.6 68 11.9652
109.6 72 12.3363
109.6 76 12.6983
109.6 80 13.0518
109.6 90 13.9029
109.6 100 14.7130
109.6 110 15.4878
109.6 120 16.2322
109.6 130 16.9496
109.6 140 17.6431
109.6 150 18.3152
109.6 160 18.9679
109.6 170 19.6030
109.6 180 20.2219
109.6 190 20.8259
109.6 200 21.4163
109.6 210 21.9939
111.1 2 1.6625
111.1 4 2.4367
111.1 5 2.7780
111.1 6 3.0921
111.1 8 3.6616
111.1 10 4.1913
111.1 12 4.6673
111.1 14 5.1015
111.1 16 5.5020
111.1 18 5.8612
111.1 20 6.2016
111.1 22 6.5260
111.1 24 6.8365
111.1 26 7.1348
111.1 28 7.4222
111.1 30 7.6997
111.1 32 7.9685
111.1 36 8.4771
111.1 40 8.9605
111.1 44 9.4226
111.1 48 9.8659
111.1 52 10.2929
111.1 56 10.7053
111.1 60 11.1047
111.1 64 11.4923
111.1 68 11.8691
111.1 72 12.2362
111.1 76 12.5942
111.1 80 12.9439
111.1 90 13.7855
111.1 100 14.5865
111.1 110 15.3526
111.1 120 16.0883
111.1 130 16.7975
111.1 140 17.4829
111.1 150 18.1471
111.1 160 18.7920
111.1 170 19.4195
111.1 180 20.0310
111.1 190 20.6277
111.1 200 21.2109
111.1 210 21.7814
112.7 2 1.6594
112.7 4 2.4293
112.7 5 2.7683
112.7 6 3.0801
112.7 8 3.6451
112.7 10 4.1706
112.7 12 4.6426
112.7 14 5.0731
112.7 16 5.4701
112.7 18 5.8262
112.7 20 6.1637
112.7 22 6.4852
112.7 24 6.7929
112.7 26 7.0884
112.7 28 7.3731
112.7 30 7.6481
112.7 32 7.9143
112.7 36 8.4179
112.7 40 8.8967
112.7 44 9.3541
112.7 48 9.7930
112.7 52 10.2156
112.7 56 10.6237
112.7 60 11.0189
112.7 64 11.4024
112.7 68 11.7753
112.7 72 12.1384
112.7 76 12.4926
112.7 80 12.8385
112.7 90 13.6710
112.7 100 14.4630
112.7 110 15.2205
112.7 120 15.9479
112.7 130 16.6490
112.7 140 17.3265
112.7 150 17.9829
112.7 160 18.6203
112.7 170 19.2404
112.7 180 19.8446
112.7 190 20.4342
112.7 200 21.0104
112.7 210 21.5740
114.2 2 1.6563
114.2 4 2.4220
114.2 5 2.7586
114.2 6 3.0681
114.2 8 3.6288
114.2 10 4.1501
114.2 12 4.6182
114.2 14 5.0451
114.2 16 5.4388
114.2 18 5.7918
114.2 20 6.1264
114.2 22 6.4451
114.2 24 6.7501
114.2 26 7.0430
114.2 28 7.3251
114.2 30 7.5975
114.2 32 7.8612
114.2 36 8.3601
114.2 40 8.8341
114.2 44 9.2871
114.2 48 9.7216
114.2 52 10.1400
114.2 56 10.5440
114.2 60 10.9351
114.2 64 11.3146
114.2 68 11.6836
114.2 72 12.0429
114.2 76 12.3934
114.2 80 12.7356
114.2 90 13.5591
114.2 100 14.3425
114.2 110 15.0916
114.2 120 15.8109
114.2 130 16.5040
114.2 140 17.1738
114.2 150 17.8227
114.2 160 18.4527
114.2 170 19.0655
114.2 180 19.6626
114.2 190 20.2453
114.2 200 20.8146
114.2 210 21.3715
115.8 2 1.6531
115.8 4 2.4148
115.8 5 2.7490
115.8 6 3.0563
115.8 8 3.6127
115.8 10 4.1299
115.8 12 4.5943
115.8 14 5.0176
115.8 16 5.4079
115.8 18 5.7581
115.8 20 6.0898
115.8 22 6.4058
115.8 24 6.7081
115.8 26 6.9984
115.8 28 7.2780
115.8 30 7.5479
115.8 32 7.8092
115.8 36 8.3034
115.8 40 8.7730
115.8 44 9.2215
115.8 48 9.6518
115.8 52 10.0661
115.8 56 10.4660
115.8 60 10.8533
115.8 64 11.2289
115.8 68 11.5941
115.8 72 11.9497
115.8 76 12.2965
115.8 80 12.6351
115.8 90 13.4499
115.8 100 14.2249
115.8 110 14.9658
115.8 120 15.6772
115.8 130 16.3626
115.8 140 17.0248
115.8 150 17.6663
115.8 160 18.2891
115.8 170 18.8949
115.8 180 19.4851
115.8 190 20.0609
115.8 200 20.6235
115.8 210 21.1738
117.3 2 1.6499
117.3 4 2.4076
117.3 5 2.7394
117.3 6 3.0445
117.3 8 3.5968
117.3 10 4.1100
117.3 12 4.5706
117.3 14 4.9905
117.3 16 5.3776
117.3 18 5.7249
117.3 20 6.0539
117.3 22 6.3672
117.3 24 6.6670
117.3 26 6.9547
117.3 28 7.2318
117.3 30 7.4994
117.3 32 7.7583
117.3 36 8.2480
117.3 40 8.7132
117.3 44 9.1575
117.3 48 9.5836
117.3 52 9.9939
117.3 56 10.3899
117.3 60 10.7733
117.3 64 11.1452
117.3 68 11.5067
117.3 72 11.8587
117.3 76 12.2019
117.3 80 12.5371
117.3 90 13.3433
117.3 100 14.1101
117.3 110 14.8430
117.3 120 15.5467
117.3 130 16.2245
117.3 140 16.8794
117.3 150 17.5137
117.3 160 18.1295
117.3 170 18.7284
117.3 180 19.3118
117.3 190 19.8809
117.3 200 20.4370
117.3 210 20.9809
118.9 2 1.6467
118.9 4 2.4004
118.9 5 2.7300
118.9 6 3.0328
118.9 8 3.5810
118.9 10 4.0903
118.9 12 4.5473
118.9 14 4.9639
118.9 16 5.3478
118.9 18 5.6924
118.9 20 6.0187
118.9 22 6.3294
118.9 24 6.6266
118.9 26 6.9119
118.9 28 7.1866
118.9 30 7.4518
118.9 32 7.7084
118.9 36 8.1937
118.9 40 8.6546
118.9 44 9.0948
118.9 48 9.5170
118.9 52 9.9233
118.9 56 10.3155
118.9 60 10.6952
118.9 64 11.0634
118.9 68 11.4214
118.9 72 11.7698
118.9 76 12.1096
118.9 80 12.4413
118.9 90 13.2393
118.9 100 13.9980
118.9 110 14.7233
118.9 120 15.4194
118.9 130 16.0898
118.9 140 16.7376
118.9 150 17.3649
118.9 160 17.9737
118.9 170 18.5659
118.9 180 19.1427
118.9 190 19.7053
118.9 200 20.2550
118.9 210 20.7926
120.0 2 1.6533
120.0 4 2.4094
120.0 5 2.7365
120.0 6 3.0373
120.0 8 3.5823
120.0 10 4.0920
120.0 12 4.5484
120.0 14 4.9635
120.0 16 5.3453
120.0 18 5.6851
120.0 20 6.0070
120.0 22 6.3136
120.0 24 6.6068
120.0 26 6.8883
120.0 28 7.1595
120.0 30 7.4212
120.0 32 7.6746
120.0 36 8.1527
120.0 40 8.6074
120.0 44 9.0421
120.0 48 9.4593
120.0 52 9.8614
120.0 56 10.2499
120.0 60 10.6263
120.0 64 10.9917
120.0 68 11.3472
120.0 72 11.6936
120.0 76 12.0317
120.0 80 12.3620
120.0 90 13.1576
120.0 100 13.9156
120.0 110 14.6413
120.0 120 15.3390
120.0 130 16.0120
120.0 140 16.6632
120.0 150 17.2948
120.0 160 17.9086
120.0 170 18.5063
120.0 180 19.0892
120.0 190 19.6585
120.0 200 20.2154
120.0 210 20.7606
121.5 2 1.6527
121.5 4 2.4049
121.5 5 2.7301
121.5 6 3.0290
121.5 8 3.5705
121.5 10 4.0766
121.5 12 4.5296
121.5 14 4.9415
121.5 16 5.3203
121.5 18 5.6575
121.5 20 5.9769
121.5 22 6.2810
121.5 24 6.5719
121.5 26 6.8510
121.5 28 7.1199
121.5 30 7.3795
121.5 32 7.6307
121.5 36 8.1044
121.5 40 8.5549
121.5 44 8.9856
121.5 48 9.3990
121.5 52 9.7973
121.5 56 10.1822
121.5 60 10.5550
121.5 64 10.9170
121.5 68 11.2691
121.5 72 11.6123
121.5 76 11.9471
121.5 80 12.2743
121.5 90 13.0623
121.5 100 13.8130
121.5 110 14.5317
121.5 120 15.2227
121.5 130 15.8892
121.5 140 16.5341
121.5 150 17.1596
121.5 160 17.7675
121.5 170 18.3594
121.5 180 18.9367
121.5 190 19.5005
121.5 200 20.0519
121.5 210 20.5918
123.0 2 1.6521
123.0 4 2.4006
123.0 5 2.7239
123.0 6 3.0210
123.0 8 3.5590
123.0 10 4.0616
123.0 12 4.5113
123.0 14 4.9201
123.0 16 5.2960
123.0 18 5.6307
123.0 20 5.9476
123.0 22 6.2494
123.0 24 6.5379
123.0 26 6.8148
123.0 28 7.0814
123.0 30 7.3388
123.0 32 7.5879
123.0 36 8.0575
123.0 40 8.5039
123.0 44 8.9307
123.0 48 9.3404
123.0 52 9.7350
123.0 56 10.1164
123.0 60 10.4858
123.0 64 10.8444
123.0 68 11.1933
123.0 72 11.5332
123.0 76 11.8649
123.0 80 12.1891
123.0 90 12.9697
123.0 100 13.7133
123.0 110 14.4252
123.0 120 15.1096
123.0 130 15.7699
123.0 140 16.4086
123.0 150 17.0281
123.0 160 17.6302
123.0 170 18.2164
123.0 180 18.7882
123.0 190 19.3466
123.0 200 19.8927
123.0 210 20.4275
124.5 2 1.6517
124.5 4 2.3964
124.5 5 2.7179
124.5 6 3.0133
124.5 8 3.5479
124.5 10 4.0470
124.5 12 4.4935
124.5 14 4.8993
124.5 16 5.2724
124.5 18 5.6047
124.5 20 5.9192
124.5 22 6.2186
124.5 24 6.5049
124.5 26 6.7796
124.5 28 7.0441
124.5 30 7.2994
124.5 32 7.5464
124.5 36 8.0118
124.5 40 8.4544
124.5 44 8.8774
124.5 48 9.2834
124.5 52 9.6746
124.5 56 10.0525
124.5 60 10.4186
124.5 64 10.7740
124.5 68 11.1196
124.5 72 11.4565
124.5 76 11.7852
124.5 80 12.1063
124.5 90 12.8797
124.5 100 13.6164
124.5 110 14.3218
124.5 120 14.9998
124.5 130 15.6539
124.5 140 16.2866
124.5 150 16.9003
124.5 160 17.4966
124.5 170 18.0774
124.5 180 18.6437
124.5 190 19.1969
124.5 200 19.7378
124.5 210 20.2675
126.0 2 1.6513
126.0 4 2.3924
126.0 5 2.7121
126.0 6 3.0058
126.0 8 3.5370
126.0 10 4.0328
126.0 12 4.4763
126.0 14 4.8792
126.0 16 5.2496
126.0 18 5.5794
126.0 20 5.8916
126.0 22 6.1887
126.0 24 6.4728
126.0 26 6.7454
126.0 28 7.0078
126.0 30 7.2610
126.0 32 7.5060
126.0 36 7.9676
126.0 40 8.4063
126.0 44 8.8257
126.0 48 9.2282
126.0 52 9.6159
126.0 56 9.9905
126.0 60 10.3534
126.0 64 10.7056
126.0 68 11.0482
126.0 72 11.3820
126.0 76 11.7078
126.0 80 12.0260
126.0 90 12.7924
126.0 100 13.5224
126.0 110 14.2213
126.0 120 14.8931
126.0 130 15.5411
126.0 140 16.1680
126.0 150 16.7760
126.0 160 17.3668
126.0 170 17.9421
126.0 180 18.5032
126.0 190 19.0512
126.0 200 19.5870
126.0 210 20.1117
127.4 2 1.6511
127.4 4 2.3885
127.4 5 2.7066
127.4 6 2.9985
127.4 8 3.5265
127.4 10 4.0191
127.4 12 4.4595
127.4 14 4.8596
127.4 16 5.2274
127.4 18 5.5549
127.4 20 5.8648
127.4 22 6.1597
127.4 24 6.4417
127.4 26 6.7122
127.4 28 6.9725
127.4 30 7.2238
127.4 32 7.4668
127.4 36 7.9246
127.4 40 8.3597
127.4 44 8.7755
127.4 48 9.1746
127.4 52 9.5590
127.4 56 9.9304
127.4 60 10.2901
127.4 64 10.6393
127.4 68 10.9789
127.4 72 11.3098
127.4 76 11.6327
127.4 80 11.9481
127.4 90 12.7077
127.4 100 13.4312
127.4 110 14.1238
127.4 120 14.7895
127.4 130 15.4316
127.4 140 16.0528
127.4 150 16.6552
127.4 160 17.2406
127.4 170 17.8106
127.4 180 18.3665
127.4 190 18.9094
127.4 200 19.4403
127.4 210 19.9601
128.9 2 1.6510
128.9 4 2.3849
128.9 5 2.7012
128.9 6 2.9915
128.9 8 3.5163
128.9 10 4.0058
128.9 12 4.4433
128.9 14 4.8407
128.9 16 5.2059
128.9 18 5.5311
128.9 20 5.8388
128.9 22 6.1316
128.9 24 6.4115
128.9 26 6.6799
128.9 28 6.9383
128.9 30 7.1876
128.9 32 7.4288
128.9 36 7.8829
128.9 40 8.3144
128.9 44 8.7269
128.9 48 9.1226
128.9 52 9.5039
128.9 56 9.8721
128.9 60 10.2288
128.9 64 10.5750
128.9 68 10.9117
128.9 72 11.2398
128.9 76 11.5598
128.9 80 11.8726
128.9 90 12.6256
128.9 100 13.3427
128.9 110 14.0291
128.9 120 14.6889
128.9 130 15.3253
128.9 140 15.9409
128.9 150 16.5379
128.9 160 17.1180
128.9 170 17.6828
128.9 180 18.2336
128.9 190 18.7715
128.9 200 19.2975
128.9 210 19.8126
130.3 2 1.6510
130.3 4 2.3814
130.3 5 2.6960
130.3 6 2.9846
130.3 8 3.5063
130.3 10 3.9929
130.3 12 4.4276
130.3 14 4.8223
130.3 16 5.1850
130.3 18 5.5080
130.3 20 5.8136
130.3 22 6.1043
130.3 24 6.3822
130.3 26 6.6487
130.3 28 6.9051
130.3 30 7.1526
130.3 32 7.3919
130.3 36 7.8424
130.3 40 8.2706
130.3 44 8.6797
130.3 48 9.0723
130.3 52 9.4504
130.3 56 9.8156
130.3 60 10.1694
130.3 64 10.5127
130.3 68 10.8466
130.3 72 11.1719
130.3 76 11.4893
130.3 80 11.7993
130.3 90 12.5459
130.3 100 13.2568
130.3 110 13.9373
130.3 120 14.5913
130.3 130 15.2221
130.3 140 15.8322
130.3 150 16.4239
130.3 160 16.9988
130.3 170 17.5585
130.3 180 18.1043
130.3 190 18.6374
130.3 200 19.1587
130.3 210 19.6690
131.8 2 1.6511
131.8 4 2.3781
131.8 5 2.6910
131.8 6 2.9781
131.8 8 3.4967
131.8 10 3.9803
131.8 12 4.4124
131.8 14 4.8046
131.8 16 5.1649
131.8 18 5.4857
131.8 20 5.7892
131.8 22 6.0779
131.8 24 6.3538
131.8 26 6.6184
131.8 28 6.8730
131.8 30 7.1186
131.8 32 7.3562
131.8 36 7.8033
131.8 40 8.2281
131.8 44 8.6340
131.8 48 9.0235
131.8 52 9.3986
131.8 56 9.7610
131.8 60 10.1118
131.8 64 10.4524
131.8 68 10.7835
131.8 72 11.1062
131.8 76 11.4209
131.8 80 11.7284
131.8 90 12.4687
131.8 100 13.1736
131.8 110 13.8483
131.8 120 14.4967
131.8 130 15.1220
131.8 140 15.7268
131.8 150 16.3132
131.8 160 16.8831
131.8 170 17.4378
131.8 180 17.9788
131.8 190 18.5071
131.8 200 19.0236
131.8 210 19.5294
133.2 2 1.6513
133.2 4 2.3750
133.2 5 2.6862
133.2 6 2.9717
133.2 8 3.4874
133.2 10 3.9682
133.2 12 4.3976
133.2 14 4.7874
133.2 16 5.1453
133.2 18 5.4641
133.2 20 5.7655
133.2 22 6.0523
133.2 24 6.3262
133.2 26 6.5890
133.2 28 6.8418
133.2 30 7.0857
133.2 32 7.3215
133.2 36 7.7653
133.2 40 8.1870
133.2 44 8.5898
133.2 48 8.9764
133.2 52 9.3485
133.2 56 9.7080
133.2 60 10.0561
133.2 64 10.3940
133.2 68 10.7225
133.2 72 11.0425
133.2 76 11.3547
133.2 80 11.6597
133.2 90 12.3939
133.2 100 13.0930
133.2 110 13.7620
133.2 120 14.4049
133.2 130 15.0249
133.2 140 15.6244
133.2 150 16.2058
133.2 160 16.7707
133.2 170 17.3206
133.2 180 17.8568
133.2 190 18.3804
133.2 200 18.8924
133.2 210 19.3936
134.6 2 1.6517
134.6 4 2.3720
134.6 5 2.6816
134.6 6 2.9656
134.6 8 3.4784
134.6 10 3.9565
134.6 12 4.3834
134.6 14 4.7708
134.6 16 5.1265
134.6 18 5.4432
134.6 20 5.7427
134.6 22 6.0275
134.6 24 6.2996
134.6 26 6.5606
134.6 28 6.8116
134.6 30 7.0538
134.6 32 7.2880
134.6 36 7.7286
134.6 40 8.1472
134.6 44 8.5471
134.6 48 8.9307
134.6 52 9.3001
134.6 56 9.6568
134.6 60 10.0022
134.6 64 10.3375
134.6 68 10.6634
134.6 72 10.9809
134.6 76 11.2907
134.6 80 11.5932
134.6 90 12.3215
134.6 100 13.0149
134.6 110 13.6784
134.6 120 14.3159
134.6 130 14.9307
134.6 140 15.5252
134.6 150 16.1016
134.6 160 16.6616
134.6 170 17.2068
134.6 180 17.7383
134.6 190 18.2573
134.6 200 18.7648
134.6 210 19.2616
136.0 2 1.6521
136.0 4 2.3692
136.0 5 2.6772
136.0 6 2.9597
136.0 8 3.4697
136.0 10 3.9452
136.0 12 4.3696
136.0 14 4.7547
136.0 16 5.1083
136.0 18 5.4230
136.0 20 5.7206
136.0 22 6.0035
136.0 24 6.2739
136.0 26 6.5331
136.0 28 6.7824
136.0 30 7.0230
136.0 32 7.2555
136.0 36 7.6931
136.0 40 8.1087
136.0 44 8.5057
136.0 48 8.8866
136.0 52 9.2532
136.0 56 9.6073
136.0 60 9.9502
136.0 64 10.2828
136.0 68 10.6063
136.0 72 10.9214
136.0 76 11.2287
136.0 80 11.5289
136.0 90 12.2515
136.0 100 12.9393
136.0 110 13.5974
136.0 120 14.2298
136.0 130 14.8394
136.0 140 15.4290
136.0 150 16.0006
136.0 160 16.5559
136.0 170 17.0964
136.0 180 17.6233
136.0 190 18.1379
136.0 200 18.6409
136.0 210 19.1334
137.4 2 1.6526
137.4 4 2.3666
137.4 5 2.6731
137.4 6 2.9540
137.4 8 3.4612
137.4 10 3.9343
137.4 12 4.3564
137.4 14 4.7392
137.4 16 5.0907
137.4 18 5.4034
137.4 20 5.6992
137.4 22 5.9804
137.4 24 6.2490
137.4 26 6.5065
137.4 28 6.7542
137.4 30 6.9931
137.4 32 7.2241
137.4 36 7.6587
137.4 40 8.0715
137.4 44 8.4658
137.4 48 8.8439
137.4 52 9.2080
137.4 56 9.5595
137.4 60 9.8998
137.4 64 10.2301
137.4 68 10.5511
137.4 72 10.8638
137.4 76 11.1688
137.4 80 11.4668
137.4 90 12.1838
137.4 100 12.8662
137.4 110 13.5191
137.4 120 14.1463
137.4 130 14.7511
137.4 140 15.3358
137.4 150 15.9026
137.4 160 16.4533
137.4 170 16.9892
137.4 180 17.5117
137.4 190 18.0219
137.4 200 18.5206
137.4 210 19.0088
138.7 2 1.6533
138.7 4 2.3641
138.7 5 2.6690
138.7 6 2.9485
138.7 8 3.4531
138.7 10 3.9237
138.7 12 4.3436
138.7 14 4.7243
138.7 16 5.0737
138.7 18 5.3846
138.7 20 5.6786
138.7 22 5.9580
138.7 24 6.2249
138.7 26 6.4808
138.7 28 6.7269
138.7 30 6.9643
138.7 32 7.1938
138.7 36 7.6256
138.7 40 8.0356
138.7 44 8.4272
138.7 48 8.8028
138.7 52 9.1643
138.7 56 9.5133
138.7 60 9.8513
138.7 64 10.1791
138.7 68 10.4979
138.7 72 10.8083
138.7 76 11.1110
138.7 80 11.4067
138.7 90 12.1183
138.7 100 12.7955
138.7 110 13.4433
138.7 120 14.0656
138.7 130 14.6655
138.7 140 15.2455
138.7 150 15.8077
138.7 160 16.3538
138.7 170 16.8853
138.7 180 17.4035
138.7 190 17.9093
138.7 200 18.4038
138.7 210 18.8878
