 #  Total cross section table (last run of 'elscata').
 #
 #  Z =  78,   projectile: positron
 #
 #   Energy         ECS         TCS1         TCS2         ABSCS      error
 #    (eV)        (cm**2)      (cm**2)      (cm**2)      (cm**2)
 #--------------------------------------------------------------------------
   1.00000E+02  2.92801E-16  5.82214E-17  8.74689E-17  6.05357E-16  4.8E-05
   1.25000E+02  2.77940E-16  5.31314E-17  8.25866E-17  5.24736E-16  1.8E-05
   1.50000E+02  2.70253E-16  4.99014E-17  7.92215E-17  4.65118E-16  5.3E-05
   1.75000E+02  2.64209E-16  4.70351E-17  7.59247E-17  4.18956E-16  2.6E-06
   2.00000E+02  2.59106E-16  4.44757E-17  7.27842E-17  3.82006E-16  4.2E-05
   2.50000E+02  2.50589E-16  4.01378E-17  6.71399E-17  3.26154E-16  4.1E-06
   3.00000E+02  2.43465E-16  3.66152E-17  6.23026E-17  2.85639E-16  3.6E-05
   3.50000E+02  2.37231E-16  3.36957E-17  5.81420E-17  2.54716E-16  5.7E-06
   4.00000E+02  2.31668E-16  3.12410E-17  5.45457E-17  2.30215E-16  6.8E-06
   4.50000E+02  2.26623E-16  2.91481E-17  5.14068E-17  2.10257E-16  3.9E-06
   5.00000E+02  2.22020E-16  2.73482E-17  4.86538E-17  1.93629E-16  2.0E-05
   6.00000E+02  2.13828E-16  2.44030E-17  4.40328E-17  1.67434E-16  9.0E-06
   7.00000E+02  2.06677E-16  2.20913E-17  4.02973E-17  1.47656E-16  1.3E-05
   8.00000E+02  2.00304E-16  2.02209E-17  3.72001E-17  1.32156E-16  6.7E-06
   9.00000E+02  1.94535E-16  1.86687E-17  3.45777E-17  1.19667E-16  1.7E-05
   1.00000E+03  1.89234E-16  1.73475E-17  3.23105E-17  1.09396E-16  2.0E-05
   1.25000E+03  1.77662E-16  1.47794E-17  2.78098E-17  9.01927E-17  3.9E-03
   1.50000E+03  1.67890E-16  1.28873E-17  2.44316E-17  7.68547E-17  2.7E-03
   1.75000E+03  1.59484E-16  1.14275E-17  2.17984E-17  6.70387E-17  1.9E-03
   2.00000E+03  1.52149E-16  1.02607E-17  1.96831E-17  5.95072E-17  1.9E-03
   2.50000E+03  1.39928E-16  8.50527E-18  1.64912E-17  4.86892E-17  2.6E-03
   3.00000E+03  1.30100E-16  7.24037E-18  1.41860E-17  4.12785E-17  2.4E-03
   3.50000E+03  1.21987E-16  6.28315E-18  1.24359E-17  3.58723E-17  1.9E-03
   4.00000E+03  1.15150E-16  5.53339E-18  1.10581E-17  3.17463E-17  1.5E-03
   4.50000E+03  1.09294E-16  4.93152E-18  9.94472E-18  2.84870E-17  6.6E-03
   5.00000E+03  1.04206E-16  4.43878E-18  9.02594E-18  2.58434E-17  3.8E-03
   6.00000E+03  9.57641E-17  3.68307E-18  7.59871E-18  2.18084E-17  4.9E-03
   7.00000E+03  8.89897E-17  3.13110E-18  6.53798E-18  1.88736E-17  4.3E-03
   8.00000E+03  8.33893E-17  2.70969E-18  5.71554E-18  1.66456E-17  6.5E-03
   9.00000E+03  7.86551E-17  2.37786E-18  5.05920E-18  1.48976E-17  4.5E-03
   1.00000E+04  7.45824E-17  2.11022E-18  4.52378E-18  1.34900E-17  5.5E-03
   1.25000E+04  6.68118E-17  1.62607E-18  3.54040E-18  1.09353E-17  3.1E-07
   1.50000E+04  6.05874E-17  1.30406E-18  2.87495E-18  9.21710E-18  2.9E-07
   1.75000E+04  5.56847E-17  1.07635E-18  2.39820E-18  7.98182E-18  2.5E-07
   2.00000E+04  5.16978E-17  9.08016E-19  2.04192E-18  7.05072E-18  2.9E-07
   2.50000E+04  4.55584E-17  6.78289E-19  1.54912E-18  5.73958E-18  3.1E-07
   3.00000E+04  4.10113E-17  5.30978E-19  1.22796E-18  4.86026E-18  1.0E-07
   3.50000E+04  3.74826E-17  4.29789E-19  1.00433E-18  4.22973E-18  1.0E-07
   4.00000E+04  3.46507E-17  3.56731E-19  8.41016E-19  3.75559E-18  1.5E-07
   4.50000E+04  3.23198E-17  3.01965E-19  7.17389E-19  3.38630E-18  3.4E-07
   5.00000E+04  3.03630E-17  2.59685E-19  6.21134E-19  3.09057E-18  1.0E-07
   6.00000E+04  2.72509E-17  1.99307E-19  4.82241E-19  2.64630E-18  1.0E-07
   7.00000E+04  2.48779E-17  1.58836E-19  3.88021E-19  2.32877E-18  1.0E-07
   8.00000E+04  2.30032E-17  1.30210E-19  3.20715E-19  2.09058E-18  9.7E-07
   9.00000E+04  2.14819E-17  1.09119E-19  2.70708E-19  1.90535E-18  5.6E-07
   1.00000E+05  2.02213E-17  9.30748E-20  2.32386E-19  1.75725E-18  1.2E-06
   1.25000E+05  1.78445E-17  6.63013E-20  1.67775E-19  1.49106E-18  1.5E-06
   1.50000E+05  1.61756E-17  5.01721E-20  1.28341E-19  1.31418E-18  7.8E-06
   1.75000E+05  1.49390E-17  3.96169E-20  1.02260E-19  1.18834E-18  2.8E-05
   2.00000E+05  1.39866E-17  3.22864E-20  8.39829E-20  1.09436E-18  8.0E-05
   2.50000E+05  1.26182E-17  2.29551E-20  6.04656E-20  9.63652E-19  4.0E-04
   3.00000E+05  1.16859E-17  1.73968E-20  4.62801E-20  8.77106E-19  1.4E-03
   3.50000E+05  1.10129E-17  1.37808E-20  3.69557E-20  8.15326E-19  3.6E-03
   4.00000E+05  1.05064E-17  1.12751E-20  3.04378E-20  7.73003E-19  1.9E-06
   4.50000E+05  1.01131E-17  9.45466E-21  2.56668E-20  7.38733E-19  2.1E-06
   5.00000E+05  9.80002E-18  8.08246E-21  2.20467E-20  7.11855E-19  2.3E-06
   6.00000E+05  9.33589E-18  6.17012E-21  1.69607E-20  6.72317E-19  1.0E-07
   7.00000E+05  9.01137E-18  4.91596E-21  1.35938E-20  6.45073E-19  3.2E-07
   8.00000E+05  8.77405E-18  4.03930E-21  1.12224E-20  6.25323E-19  1.0E-07
   9.00000E+05  8.59448E-18  3.39692E-21  9.47386E-21  6.10460E-19  1.0E-07
   1.00000E+06  8.45491E-18  2.90889E-21  8.13847E-21  5.98968E-19  1.0E-07
   1.25000E+06  8.23526E-18  2.11071E-21  5.93930E-21  0.00000E+00  1.0E-07
   1.50000E+06  8.08671E-18  1.60826E-21  4.54441E-21  0.00000E+00  1.0E-07
   1.75000E+06  8.01438E-18  1.27839E-21  3.62365E-21  0.00000E+00  1.0E-05
   2.00000E+06  7.93531E-18  1.04260E-21  2.96237E-21  0.00000E+00  1.0E-05
   2.50000E+06  7.83503E-18  7.38309E-22  2.10520E-21  0.00000E+00  1.0E-05
   3.00000E+06  7.77690E-18  5.54359E-22  1.58466E-21  0.00000E+00  1.0E-05
   3.50000E+06  7.73948E-18  4.33599E-22  1.24184E-21  0.00000E+00  1.0E-05
   4.00000E+06  7.71619E-18  3.49573E-22  1.00271E-21  0.00000E+00  1.0E-05
   4.50000E+06  7.69442E-18  2.88500E-22  8.28570E-22  0.00000E+00  1.0E-05
   5.00000E+06  7.69965E-18  2.42665E-22  6.97684E-22  0.00000E+00  1.0E-05
   6.00000E+06  7.66951E-18  1.79138E-22  5.15923E-22  0.00000E+00  1.0E-05
   7.00000E+06  7.65813E-18  1.38174E-22  3.98486E-22  0.00000E+00  1.0E-05
   8.00000E+06  7.65190E-18  1.10097E-22  3.17872E-22  0.00000E+00  1.0E-05
   9.00000E+06  7.64694E-18  8.99577E-23  2.59973E-22  0.00000E+00  1.0E-05
   1.00000E+07  7.64225E-18  7.49897E-23  2.16896E-22  0.00000E+00  1.0E-05
   1.25000E+07  7.63682E-18  5.08221E-23  1.47246E-22  0.00000E+00  1.0E-05
   1.50000E+07  7.63340E-18  3.68574E-23  1.06932E-22  0.00000E+00  1.0E-05
   1.75000E+07  7.63115E-18  2.80274E-23  8.14086E-23  0.00000E+00  1.0E-05
   2.00000E+07  7.62977E-18  2.20739E-23  6.41821E-23  0.00000E+00  1.0E-05
   2.50000E+07  7.62824E-18  1.47642E-23  4.30067E-23  0.00000E+00  1.0E-05
   3.00000E+07  7.62906E-18  1.05987E-23  3.09240E-23  0.00000E+00  1.0E-05
   3.50000E+07  7.62738E-18  7.99135E-24  2.33531E-23  0.00000E+00  1.0E-05
   4.00000E+07  7.62685E-18  6.24745E-24  1.82849E-23  0.00000E+00  1.0E-05
   4.50000E+07  7.62970E-18  5.02116E-24  1.47182E-23  0.00000E+00  1.0E-05
   5.00000E+07  7.62508E-18  4.12498E-24  1.21095E-23  0.00000E+00  1.0E-05
   6.00000E+07  7.62640E-18  2.92737E-24  8.61922E-24  0.00000E+00  1.0E-05
   7.00000E+07  7.63040E-18  2.18407E-24  6.44873E-24  0.00000E+00  1.0E-05
   8.00000E+07  7.63009E-18  1.69076E-24  5.00484E-24  0.00000E+00  1.0E-05
   9.00000E+07  7.62984E-18  1.34680E-24  3.99540E-24  0.00000E+00  1.0E-05
   1.00000E+08  7.63055E-18  1.09762E-24  3.26209E-24  0.00000E+00  1.0E-05
   1.25000E+08  7.62904E-18  7.09610E-25  2.11557E-24  0.00000E+00  1.0E-05
   1.50000E+08  7.62832E-18  4.95839E-25  1.48097E-24  0.00000E+00  1.0E-05
   1.75000E+08  7.62787E-18  3.65811E-25  1.09386E-24  0.00000E+00  1.0E-05
   2.00000E+08  7.62777E-18  2.80911E-25  8.40625E-25  0.00000E+00  1.0E-05
   2.50000E+08  7.62779E-18  1.80498E-25  5.40626E-25  0.00000E+00  5.4E-05
   3.00000E+08  7.62764E-18  1.25658E-25  3.76555E-25  0.00000E+00  5.2E-05
   3.50000E+08  7.62692E-18  9.24713E-26  2.77187E-25  0.00000E+00  1.4E-04
   4.00000E+08  7.62625E-18  7.08807E-26  2.12509E-25  0.00000E+00  1.4E-04
   4.50000E+08  7.62807E-18  5.60507E-26  1.68069E-25  0.00000E+00  1.0E+00
   5.00000E+08  7.62329E-18  4.54290E-26  1.36232E-25  0.00000E+00  1.0E+00
   6.00000E+08  7.62272E-18  3.15736E-26  9.46947E-26  0.00000E+00  1.0E+00
   7.00000E+08  7.62381E-18  2.32081E-26  6.96102E-26  0.00000E+00  1.0E+00
   8.00000E+08  7.61871E-18  1.77731E-26  5.33109E-26  0.00000E+00  1.0E+00
   9.00000E+08  7.61229E-18  1.40449E-26  4.21296E-26  0.00000E+00  1.0E+00
   1.00000E+09  7.60470E-18  1.13776E-26  3.41293E-26  0.00000E+00  1.0E+00
