# SCIN  xmin =   3.0000E-02 norm= 1
 # norm=1: /r.l, 2: mb/ingredient, 3: /(g/cm2), 4:/cm, 5: area norm 
#  Ee- masele, tprob*NC, tprob, NC 
    10.00        3.932        925.1       4.2506E-03
    12.59        3.933        925.4       4.2506E-03
    15.85        3.934        925.6       4.2506E-03
    19.95        3.935        925.8       4.2506E-03
    25.12        3.936        926.0       4.2506E-03
    31.62        3.937        926.1       4.2506E-03
    39.81        3.937        926.3       4.2506E-03
    50.12        3.938        926.3       4.2506E-03
    63.10        3.938        926.4       4.2506E-03
    79.43        3.938        926.5       4.2506E-03
    100.0        3.938        926.5       4.2506E-03
    125.9        3.939        926.8       4.2506E-03
    158.5        3.939        926.8       4.2506E-03
    199.5        3.939        926.8       4.2506E-03
    251.2        3.939        926.8       4.2506E-03
    316.2        3.939        926.8       4.2506E-03
    398.1        3.939        926.8       4.2506E-03
    501.2        3.939        926.8       4.2506E-03
    631.0        3.939        926.8       4.2506E-03
    794.3        3.939        926.8       4.2506E-03
