# SCIN  xmin =   1.0000E-03 norm= 1
 # norm=1: /r.l, 2: mb/ingredient, 3: /(g/cm2), 4:/cm, 5: area norm 
#  Ee- masele, tprob*NC, tprob, NC 
    10.00        8.506        2001.       4.2506E-03
    12.59        8.507        2001.       4.2506E-03
    15.85        8.508        2002.       4.2506E-03
    19.95        8.509        2002.       4.2506E-03
    25.12        8.510        2002.       4.2506E-03
    31.62        8.510        2002.       4.2506E-03
    39.81        8.511        2002.       4.2506E-03
    50.12        8.511        2002.       4.2506E-03
    63.10        8.511        2002.       4.2506E-03
    79.43        8.512        2002.       4.2506E-03
    100.0        8.512        2003.       4.2506E-03
    125.9        8.513        2003.       4.2506E-03
    158.5        8.513        2003.       4.2506E-03
    199.5        8.513        2003.       4.2506E-03
    251.2        8.513        2003.       4.2506E-03
    316.2        8.513        2003.       4.2506E-03
    398.1        8.513        2003.       4.2506E-03
    501.2        8.513        2003.       4.2506E-03
    631.0        8.513        2003.       4.2506E-03
    794.3        8.513        2003.       4.2506E-03
