# W  xmin =   1.0000E-03 norm= 1
 # norm=1: /r.l, 2: mb/ingredient, 3: /(g/cm2), 4:/cm, 5: area norm 
#  Ee- masele, tprob*NC, tprob, NC 
    10.00        8.561       3.8647E+05   2.2152E-05
    12.59        8.562       3.8650E+05   2.2152E-05
    15.85        8.562       3.8652E+05   2.2152E-05
    19.95        8.563       3.8654E+05   2.2152E-05
    25.12        8.563       3.8656E+05   2.2152E-05
    31.62        8.563       3.8657E+05   2.2152E-05
    39.81        8.564       3.8662E+05   2.2152E-05
    50.12        8.564       3.8662E+05   2.2152E-05
    63.10        8.564       3.8662E+05   2.2152E-05
    79.43        8.564       3.8662E+05   2.2152E-05
    100.0        8.564       3.8662E+05   2.2152E-05
    125.9        8.564       3.8662E+05   2.2152E-05
    158.5        8.564       3.8662E+05   2.2152E-05
    199.5        8.564       3.8662E+05   2.2152E-05
    251.2        8.564       3.8662E+05   2.2152E-05
    316.2        8.564       3.8662E+05   2.2152E-05
    398.1        8.564       3.8662E+05   2.2152E-05
    501.2        8.564       3.8662E+05   2.2152E-05
    631.0        8.564       3.8662E+05   2.2152E-05
    794.3        8.564       3.8662E+05   2.2152E-05
