# W  xmin =   3.0000E-02 norm= 1
 # norm=1: /r.l, 2: mb/ingredient, 3: /(g/cm2), 4:/cm, 5: area norm 
#  Ee- masele, tprob*NC, tprob, NC 
    10.00        3.958       1.7869E+05   2.2152E-05
    12.59        3.959       1.7871E+05   2.2152E-05
    15.85        3.959       1.7874E+05   2.2152E-05
    19.95        3.960       1.7875E+05   2.2152E-05
    25.12        3.960       1.7877E+05   2.2152E-05
    31.62        3.960       1.7878E+05   2.2152E-05
    39.81        3.961       1.7883E+05   2.2152E-05
    50.12        3.961       1.7883E+05   2.2152E-05
    63.10        3.961       1.7883E+05   2.2152E-05
    79.43        3.961       1.7883E+05   2.2152E-05
    100.0        3.961       1.7883E+05   2.2152E-05
    125.9        3.961       1.7883E+05   2.2152E-05
    158.5        3.961       1.7883E+05   2.2152E-05
    199.5        3.961       1.7883E+05   2.2152E-05
    251.2        3.961       1.7883E+05   2.2152E-05
    316.2        3.961       1.7883E+05   2.2152E-05
    398.1        3.961       1.7883E+05   2.2152E-05
    501.2        3.961       1.7883E+05   2.2152E-05
    631.0        3.961       1.7883E+05   2.2152E-05
    794.3        3.961       1.7883E+05   2.2152E-05
