                   m.u(m) there: 2r.l above along cos
 depth  height  density   m.u0  cos:1.0   0.9   0.8    0.7    0.6    0.5
 g/cm^2   m      kg/m^3                            m
  400  7312.6    0.5679   153.4  181.1  177.8  174.7  171.7  168.8  166.0
  401  7295.0    0.5691   153.1  180.7  177.4  174.3  171.3  168.4  165.6
  402  7277.4    0.5703   152.8  180.2  177.0  173.9  170.9  168.0  165.2
  403  7259.9    0.5714   152.5  179.8  176.5  173.5  170.5  167.6  164.9
  404  7242.4    0.5726   152.2  179.3  176.1  173.0  170.1  167.2  164.5
  405  7225.0    0.5737   151.9  178.9  175.7  172.6  169.7  166.9  164.1
  406  7207.6    0.5749   151.6  178.4  175.3  172.2  169.3  166.5  163.8
  407  7190.2    0.5761   151.2  178.0  174.8  171.8  168.9  166.1  163.4
  408  7172.9    0.5772   150.9  177.5  174.4  171.4  168.5  165.7  163.0
  409  7155.6    0.5784   150.6  177.1  174.0  171.0  168.1  165.4  162.7
  410  7138.3    0.5796   150.3  176.7  173.6  170.6  167.7  165.0  162.3
  411  7121.1    0.5807   150.0  176.2  173.2  170.2  167.4  164.6  162.0
  412  7103.9    0.5819   149.7  175.8  172.8  169.8  167.0  164.2  161.6
  413  7086.7    0.5830   149.4  175.4  172.3  169.4  166.6  163.9  161.3
  414  7069.5    0.5842   149.1  175.0  171.9  169.0  166.2  163.5  160.9
  415  7052.4    0.5853   148.8  174.5  171.5  168.6  165.8  163.2  160.6
  416  7035.4    0.5865   148.6  174.1  171.1  168.2  165.5  162.8  160.2
  417  7018.3    0.5877   148.3  173.7  170.7  167.9  165.1  162.4  159.9
  418  7001.3    0.5888   148.0  173.3  170.3  167.5  164.7  162.1  159.5
  419  6984.4    0.5900   147.7  172.9  169.9  167.1  164.4  161.7  159.2
  420  6967.4    0.5911   147.4  172.5  169.5  166.7  164.0  161.4  158.8
  421  6950.5    0.5923   147.1  172.1  169.1  166.3  163.6  161.0  158.5
  422  6933.7    0.5934   146.8  171.7  168.8  166.0  163.3  160.7  158.2
  423  6916.8    0.5946   146.5  171.3  168.4  165.6  162.9  160.3  157.8
  424  6900.0    0.5957   146.2  170.9  168.0  165.2  162.5  160.0  157.5
  425  6883.3    0.5969   146.0  170.5  167.6  164.8  162.2  159.6  157.2
  426  6866.5    0.5981   145.7  170.1  167.2  164.5  161.8  159.3  156.8
  427  6849.8    0.5992   145.4  169.7  166.8  164.1  161.5  158.9  156.5
  428  6833.2    0.6004   145.1  169.3  166.5  163.7  161.1  158.6  156.2
  429  6816.5    0.6015   144.8  168.9  166.1  163.4  160.8  158.3  155.8
  430  6799.9    0.6027   144.6  168.5  165.7  163.0  160.4  157.9  155.5
  431  6783.3    0.6038   144.3  168.1  165.3  162.7  160.1  157.6  155.2
  432  6766.8    0.6050   144.0  167.7  165.0  162.3  159.7  157.3  154.9
  433  6750.3    0.6061   143.8  167.3  164.6  161.9  159.4  156.9  154.5
  434  6733.8    0.6073   143.5  167.0  164.2  161.6  159.1  156.6  154.2
  435  6717.3    0.6084   143.2  166.6  163.9  161.2  158.7  156.3  153.9
  436  6700.9    0.6096   142.9  166.2  163.5  160.9  158.4  155.9  153.6
  437  6684.5    0.6107   142.7  165.8  163.1  160.5  158.0  155.6  153.3
  438  6668.2    0.6118   142.4  165.4  162.8  160.2  157.7  155.3  153.0
  439  6651.8    0.6130   142.1  165.1  162.4  159.8  157.4  155.0  152.7
  440  6635.5    0.6141   141.9  164.7  162.1  159.5  157.0  154.6  152.3
  441  6619.3    0.6153   141.6  164.3  161.7  159.2  156.7  154.3  152.0
  442  6603.0    0.6164   141.3  164.0  161.4  158.8  156.4  154.0  151.7
  443  6586.8    0.6176   141.1  163.6  161.0  158.5  156.0  153.7  151.4
  444  6570.6    0.6187   140.8  163.2  160.6  158.1  155.7  153.4  151.1
  445  6554.5    0.6199   140.6  162.9  160.3  157.8  155.4  153.1  150.8
  446  6538.4    0.6210   140.3  162.5  160.0  157.5  155.1  152.8  150.5
  447  6522.3    0.6221   140.0  162.2  159.6  157.1  154.7  152.4  150.2
  448  6506.2    0.6233   139.8  161.8  159.3  156.8  154.4  152.1  149.9
  449  6490.2    0.6244   139.5  161.5  158.9  156.5  154.1  151.8  149.6
  450  6474.2    0.6256   139.3  161.1  158.6  156.1  153.8  151.5  149.3
  451  6458.2    0.6267   139.0  160.8  158.2  155.8  153.5  151.2  149.0
  452  6442.3    0.6278   138.8  160.4  157.9  155.5  153.2  150.9  148.7
  453  6426.4    0.6290   138.5  160.1  157.6  155.2  152.8  150.6  148.4
  454  6410.5    0.6301   138.3  159.7  157.2  154.8  152.5  150.3  148.1
  455  6394.6    0.6313   138.0  159.4  156.9  154.5  152.2  150.0  147.8
  456  6378.8    0.6324   137.8  159.0  156.6  154.2  151.9  149.7  147.6
  457  6363.0    0.6335   137.5  158.7  156.3  153.9  151.6  149.4  147.3
  458  6347.2    0.6347   137.3  158.4  155.9  153.6  151.3  149.1  147.0
  459  6331.5    0.6358   137.0  158.0  155.6  153.3  151.0  148.8  146.7
  460  6315.8    0.6369   136.8  157.7  155.3  152.9  150.7  148.5  146.4
  461  6300.1    0.6381   136.5  157.3  155.0  152.6  150.4  148.2  146.1
  462  6284.4    0.6392   136.3  157.0  154.6  152.3  150.1  147.9  145.8
  463  6268.8    0.6404   136.1  156.7  154.3  152.0  149.8  147.6  145.6
  464  6253.2    0.6415   135.8  156.4  154.0  151.7  149.5  147.4  145.3
  465  6237.6    0.6426   135.6  156.0  153.7  151.4  149.2  147.1  145.0
  466  6222.1    0.6438   135.3  155.7  153.4  151.1  148.9  146.8  144.7
  467  6206.6    0.6449   135.1  155.4  153.0  150.8  148.6  146.5  144.5
  468  6191.1    0.6460   134.9  155.1  152.7  150.5  148.3  146.2  144.2
  469  6175.6    0.6471   134.6  154.7  152.4  150.2  148.0  145.9  143.9
  470  6160.2    0.6483   134.4  154.4  152.1  149.9  147.7  145.7  143.6
  471  6144.8    0.6494   134.2  154.1  151.8  149.6  147.4  145.4  143.4
  472  6129.4    0.6505   133.9  153.8  151.5  149.3  147.2  145.1  143.1
  473  6114.0    0.6517   133.7  153.5  151.2  149.0  146.9  144.8  142.8
  474  6098.7    0.6528   133.5  153.1  150.9  148.7  146.6  144.5  142.6
  475  6083.4    0.6539   133.2  152.8  150.6  148.4  146.3  144.3  142.3
  476  6068.1    0.6551   133.0  152.5  150.3  148.1  146.0  144.0  142.0
  477  6052.8    0.6562   132.8  152.2  150.0  147.8  145.7  143.7  141.8
  478  6037.6    0.6573   132.6  151.9  149.7  147.5  145.5  143.4  141.5
  479  6022.4    0.6584   132.3  151.6  149.4  147.3  145.2  143.2  141.2
  480  6007.2    0.6596   132.1  151.3  149.1  147.0  144.9  142.9  141.0
  481  5992.1    0.6581   132.4  151.0  148.8  146.7  144.6  142.6  140.7
  482  5976.9    0.6592   132.2  150.7  148.5  146.4  144.4  142.4  140.4
  483  5961.7    0.6603   131.9  150.4  148.2  146.1  144.1  142.1  140.2
  484  5946.6    0.6615   131.7  150.1  147.9  145.8  143.8  141.8  139.9
  485  5931.5    0.6626   131.5  149.8  147.6  145.5  143.5  141.6  139.7
  486  5916.4    0.6637   131.3  149.5  147.3  145.3  143.3  141.3  139.4
  487  5901.4    0.6648   131.1  149.2  147.1  145.0  143.0  141.1  139.2
  488  5886.3    0.6659   130.8  148.9  146.8  144.7  142.7  140.8  138.9
  489  5871.3    0.6671   130.6  148.6  146.5  144.4  142.5  140.5  138.7
  490  5856.3    0.6682   130.4  148.3  146.2  144.2  142.2  140.3  138.4
  491  5841.4    0.6693   130.2  148.0  145.9  143.9  141.9  140.0  138.2
  492  5826.5    0.6704   130.0  147.7  145.6  143.6  141.7  139.8  137.9
  493  5811.6    0.6715   129.7  147.4  145.4  143.3  141.4  139.5  137.7
  494  5796.7    0.6727   129.5  147.1  145.1  143.1  141.1  139.2  137.4
  495  5781.8    0.6738   129.3  146.9  144.8  142.8  140.9  139.0  137.2
  496  5767.0    0.6749   129.1  146.6  144.5  142.5  140.6  138.7  136.9
  497  5752.2    0.6760   128.9  146.3  144.2  142.3  140.4  138.5  136.7
  498  5737.4    0.6771   128.7  146.0  144.0  142.0  140.1  138.2  136.4
  499  5722.7    0.6782   128.5  145.7  143.7  141.7  139.8  138.0  136.2
  500  5707.9    0.6793   128.3  145.4  143.4  141.5  139.6  137.7  136.0
  501  5693.2    0.6805   128.0  145.2  143.2  141.2  139.3  137.5  135.7
  502  5678.5    0.6816   127.8  144.9  142.9  141.0  139.1  137.3  135.5
  503  5663.9    0.6827   127.6  144.6  142.6  140.7  138.8  137.0  135.2
  504  5649.2    0.6838   127.4  144.3  142.4  140.4  138.6  136.8  135.0
  505  5634.6    0.6849   127.2  144.1  142.1  140.2  138.3  136.5  134.8
  506  5620.0    0.6860   127.0  143.8  141.8  139.9  138.1  136.3  134.5
  507  5605.5    0.6871   126.8  143.5  141.6  139.7  137.8  136.0  134.3
  508  5590.9    0.6882   126.6  143.2  141.3  139.4  137.6  135.8  134.1
  509  5576.4    0.6893   126.4  143.0  141.0  139.2  137.3  135.6  133.8
  510  5561.9    0.6905   126.2  142.7  140.8  138.9  137.1  135.3  133.6
  511  5547.4    0.6916   126.0  142.4  140.5  138.6  136.8  135.1  133.4
  512  5533.0    0.6927   125.8  142.2  140.3  138.4  136.6  134.8  133.1
  513  5518.6    0.6938   125.6  141.9  140.0  138.1  136.4  134.6  132.9
  514  5504.2    0.6949   125.4  141.6  139.7  137.9  136.1  134.4  132.7
  515  5489.8    0.6960   125.2  141.4  139.5  137.7  135.9  134.1  132.5
  516  5475.4    0.6971   125.0  141.1  139.2  137.4  135.6  133.9  132.2
  517  5461.1    0.6982   124.8  140.9  139.0  137.2  135.4  133.7  132.0
  518  5446.8    0.6993   124.6  140.6  138.7  136.9  135.2  133.4  132.3
  519  5432.5    0.7004   124.4  140.3  138.5  136.7  134.9  133.2  132.1
  520  5418.2    0.7015   124.2  140.1  138.2  136.4  134.7  133.0  131.8
  521  5404.0    0.7026   124.0  139.8  138.0  136.2  134.4  132.8  131.6
  522  5389.8    0.7037   123.8  139.6  137.7  135.9  134.2  132.5  131.4
  523  5375.6    0.7048   123.6  139.3  137.5  135.7  134.0  132.3  131.2
  524  5361.4    0.7059   123.4  139.1  137.2  135.5  133.7  132.1  131.0
  525  5347.2    0.7071   123.2  138.8  137.0  135.2  133.5  132.4  130.7
  526  5333.1    0.7082   123.0  138.6  136.7  135.0  133.3  132.1  130.5
  527  5319.0    0.7093   122.8  138.3  136.5  134.8  133.1  131.9  130.3
  528  5304.9    0.7104   122.7  138.1  136.3  134.5  132.8  131.7  130.1
  529  5290.8    0.7115   122.5  137.8  136.0  134.3  132.6  131.5  129.9
  530  5276.8    0.7126   122.3  137.6  135.8  134.0  132.4  131.2  129.7
  531  5262.8    0.7137   122.1  137.3  135.5  133.8  132.1  131.0  129.4
  532  5248.8    0.7148   121.9  137.1  135.3  133.6  132.4  130.8  129.2
  533  5234.8    0.7159   121.7  136.8  135.1  133.4  132.2  130.6  129.0
  534  5220.8    0.7170   121.5  136.6  134.8  133.1  132.0  130.4  128.8
  535  5206.9    0.7181   121.3  136.3  134.6  132.9  131.8  130.2  128.6
  536  5193.0    0.7192   121.2  136.1  134.4  132.7  131.5  129.9  128.4
  537  5179.1    0.7203   121.0  135.9  134.1  132.4  131.3  129.7  128.2
  538  5165.2    0.7214   120.8  135.6  133.9  132.2  131.1  129.5  128.0
  539  5151.4    0.7225   120.6  135.4  133.7  132.5  130.9  129.3  127.7
  540  5137.5    0.7236   120.4  135.1  133.4  132.3  130.7  129.1  127.5
  541  5123.7    0.7247   120.2  134.9  133.2  132.1  130.4  128.9  127.3
  542  5109.9    0.7258   120.1  134.7  133.0  131.8  130.2  128.7  127.1
  543  5096.2    0.7269   119.9  134.4  132.7  131.6  130.0  128.4  126.9
  544  5082.4    0.7279   119.7  134.2  132.5  131.4  129.8  128.2  126.7
  545  5068.7    0.7290   119.5  134.0  132.3  131.2  129.6  128.0  126.5
  546  5055.0    0.7301   119.3  133.7  132.1  130.9  129.4  127.8  126.3
  547  5041.3    0.7312   119.2  133.5  132.4  130.7  129.1  127.6  126.1
  548  5027.6    0.7323   119.0  133.3  132.1  130.5  128.9  127.4  125.9
  549  5014.0    0.7334   118.8  133.0  131.9  130.3  128.7  127.2  125.7
  550  5000.4    0.7345   118.6  132.8  131.7  130.1  128.5  127.0  125.5
  551  4986.8    0.7356   118.4  132.6  131.5  129.9  128.3  126.8  125.3
  552  4973.2    0.7367   118.3  132.4  131.2  129.6  128.1  126.6  125.1
  553  4959.6    0.7378   118.1  132.1  131.0  129.4  127.9  126.4  124.9
  554  4946.1    0.7389   117.9  132.4  130.8  129.2  127.7  126.2  124.7
  555  4932.5    0.7400   117.7  132.2  130.6  129.0  127.5  126.0  124.5
  556  4919.0    0.7411   117.6  132.0  130.4  128.8  127.3  125.8  124.3
  557  4905.6    0.7422   117.4  131.7  130.1  128.6  127.0  125.6  124.1
  558  4892.1    0.7433   117.2  131.5  129.9  128.4  126.8  125.4  123.9
  559  4878.6    0.7443   117.1  131.3  129.7  128.2  126.6  125.2  123.7
  560  4865.2    0.7454   116.9  131.1  129.5  127.9  126.4  125.0  123.5
  561  4851.8    0.7465   116.7  130.9  129.3  127.7  126.2  124.8  123.3
  562  4838.4    0.7476   116.5  130.6  129.1  127.5  126.0  124.6  123.1
  563  4825.1    0.7487   116.4  130.4  128.8  127.3  125.8  124.4  123.0
  564  4811.7    0.7498   116.2  130.2  128.6  127.1  125.6  124.2  122.8
  565  4798.4    0.7509   116.0  130.0  128.4  126.9  125.4  124.0  122.6
  566  4785.1    0.7520   115.9  129.8  128.2  126.7  125.2  123.8  122.4
  567  4771.8    0.7531   115.7  129.6  128.0  126.5  125.0  123.6  122.2
  568  4758.5    0.7541   115.5  129.3  127.8  126.3  124.8  123.4  122.0
  569  4745.3    0.7552   115.4  129.1  127.6  126.1  124.6  123.2  121.8
  570  4732.0    0.7563   115.2  128.9  127.4  125.9  124.4  123.0  121.6
  571  4718.8    0.7574   115.0  128.7  127.2  125.7  124.2  122.8  121.4
  572  4705.6    0.7585   114.9  128.5  127.0  125.5  124.0  122.6  121.3
  573  4692.5    0.7596   114.7  128.3  126.8  125.3  123.8  122.4  121.1
  574  4679.3    0.7607   114.5  128.1  126.6  125.1  123.7  122.3  120.9
  575  4666.2    0.7617   114.4  127.9  126.4  124.9  123.5  122.1  120.7
  576  4653.0    0.7628   114.2  127.7  126.2  124.7  123.3  121.9  120.5
  577  4639.9    0.7639   114.1  127.4  126.0  124.5  123.1  121.7  120.3
  578  4626.9    0.7650   113.9  127.2  125.7  124.3  122.9  121.5  120.2
  579  4613.8    0.7661   113.7  127.0  125.5  124.1  122.7  121.3  120.0
  580  4600.8    0.7672   113.6  126.8  125.3  123.9  122.5  121.1  119.8
  581  4587.7    0.7682   113.4  126.6  125.1  123.7  122.3  120.9  119.6
  582  4574.7    0.7693   113.3  126.4  124.9  123.5  122.1  120.8  119.4
  583  4561.7    0.7704   113.1  126.2  124.8  123.3  121.9  120.6  119.3
  584  4548.8    0.7715   112.9  126.0  124.6  123.1  121.7  120.4  119.1
  585  4535.8    0.7726   112.8  125.8  124.4  122.9  121.6  120.2  118.9
  586  4522.9    0.7737   112.6  125.6  124.2  122.7  121.4  120.0  118.7
  587  4510.0    0.7747   112.5  125.4  124.0  122.6  121.2  119.8  118.5
  588  4497.1    0.7758   112.3  125.2  123.8  122.4  121.0  119.7  118.4
  589  4484.2    0.7769   112.1  125.0  123.6  122.2  120.8  119.5  118.2
  590  4471.3    0.7780   112.0  124.8  123.4  122.0  120.6  119.3  118.0
  591  4458.5    0.7790   111.8  124.6  123.2  121.8  120.5  119.1  117.8
  592  4445.6    0.7801   111.7  124.4  123.0  121.6  120.3  119.0  117.7
  593  4432.8    0.7812   111.5  124.2  122.8  121.4  120.1  118.8  117.5
  594  4420.0    0.7823   111.4  124.0  122.6  121.2  119.9  118.6  117.3
  595  4407.3    0.7834   111.2  123.8  122.4  121.1  119.7  118.4  117.2
  596  4394.5    0.7844   111.1  123.6  122.2  120.9  119.5  118.2  117.0
  597  4381.8    0.7855   110.9  123.4  122.1  120.7  119.4  118.1  116.8
  598  4369.1    0.7866   110.8  123.3  121.9  120.5  119.2  117.9  116.6
  599  4356.4    0.7877   110.6  123.1  121.7  120.3  119.0  117.7  116.5
  600  4343.7    0.7887   110.5  122.9  121.5  120.1  118.8  117.5  116.3
  601  4331.0    0.7898   110.3  122.7  121.3  120.0  118.7  117.4  116.1
  602  4318.3    0.7909   110.2  122.5  121.1  119.8  118.5  117.2  116.0
  603  4305.7    0.7920   110.0  122.3  120.9  119.6  118.3  117.0  115.8
  604  4293.1    0.7930   109.9  122.1  120.7  119.4  118.1  116.9  115.6
  605  4280.5    0.7941   109.7  121.9  120.6  119.2  118.0  116.7  115.5
  606  4267.9    0.7952   109.6  121.7  120.4  119.1  117.8  116.5  115.3
  607  4255.3    0.7963   109.4  121.5  120.2  118.9  117.6  116.4  115.1
  608  4242.8    0.7973   109.3  121.4  120.0  118.7  117.4  116.2  115.0
  609  4230.3    0.7984   109.1  121.2  119.8  118.5  117.3  116.0  114.8
  610  4217.7    0.7995   109.0  121.0  119.7  118.4  117.1  115.8  114.6
  611  4205.2    0.8006   108.8  120.8  119.5  118.2  116.9  115.7  114.5
  612  4192.8    0.8016   108.7  120.6  119.3  118.0  116.7  115.5  114.3
  613  4180.3    0.8027   108.5  120.4  119.1  117.8  116.6  115.3  114.1
  614  4167.8    0.8038   108.4  120.3  118.9  117.7  116.4  115.2  114.0
  615  4155.4    0.8048   108.3  120.1  118.8  117.5  116.2  115.0  113.8
  616  4143.0    0.8059   108.1  119.9  118.6  117.3  116.1  114.9  113.7
  617  4130.6    0.8070   108.0  119.7  118.4  117.1  115.9  114.7  113.5
  618  4118.2    0.8081   107.8  119.5  118.2  117.0  115.7  114.5  113.3
  619  4105.8    0.8091   107.7  119.4  118.1  116.8  115.6  114.4  113.2
  620  4093.5    0.8102   107.5  119.2  117.9  116.6  115.4  114.2  113.0
  621  4081.2    0.8113   107.4  119.0  117.7  116.5  115.2  114.0  112.9
  622  4068.8    0.8123   107.3  118.8  117.5  116.3  115.1  113.9  112.7
  623  4056.5    0.8134   107.1  118.6  117.4  116.1  114.9  113.7  112.6
  624  4044.2    0.8145   107.0  118.5  117.2  116.0  114.7  113.6  112.4
  625  4032.0    0.8155   106.8  118.3  117.0  115.8  114.6  113.4  112.2
  626  4019.7    0.8166   106.7  118.1  116.9  115.6  114.4  113.2  112.1
  627  4007.5    0.8177   106.6  117.9  116.7  115.5  114.2  113.1  111.9
  628  3995.3    0.8187   106.4  117.8  116.5  115.3  114.1  112.9  111.8
  629  3983.1    0.8198   106.3  117.6  116.3  115.1  113.9  112.8  111.6
  630  3970.9    0.8209   106.1  117.4  116.2  115.0  113.8  112.6  111.5
  631  3958.7    0.8219   106.0  117.2  116.0  114.8  113.6  112.4  111.3
  632  3946.5    0.8230   105.9  117.1  115.8  114.6  113.4  112.3  111.2
  633  3934.4    0.8241   105.7  116.9  115.7  114.5  113.3  112.1  111.0
  634  3922.3    0.8251   105.6  116.7  115.5  114.3  113.1  112.0  110.9
  635  3910.2    0.8262   105.5  116.6  115.3  114.1  113.0  111.8  110.7
  636  3898.1    0.8273   105.3  116.4  115.2  114.0  112.8  111.7  110.5
  637  3886.0    0.8283   105.2  116.2  115.0  113.8  112.6  111.5  110.4
  638  3873.9    0.8294   105.1  116.1  114.8  113.7  112.5  111.4  110.2
  639  3861.9    0.8304   104.9  115.9  114.7  113.5  112.3  111.2  110.1
  640  3849.8    0.8315   104.8  115.7  114.5  113.3  112.2  111.1  109.9
  641  3837.8    0.8326   104.6  115.6  114.4  113.2  112.0  110.9  109.8
  642  3825.8    0.8336   104.5  115.4  114.2  113.0  111.9  110.7  109.7
  643  3813.8    0.8347   104.4  115.2  114.0  112.9  111.7  110.6  109.5
  644  3801.8    0.8358   104.3  115.1  113.9  112.7  111.6  110.4  109.4
  645  3789.9    0.8368   104.1  114.9  113.7  112.5  111.4  110.3  109.2
  646  3777.9    0.8379   104.0  114.7  113.5  112.4  111.3  110.1  109.1
  647  3766.0    0.8389   103.9  114.6  113.4  112.2  111.1  110.0  108.9
  648  3754.1    0.8400   103.7  114.4  113.2  112.1  110.9  109.8  108.8
  649  3742.2    0.8411   103.6  114.2  113.1  111.9  110.8  109.7  108.6
  650  3730.3    0.8421   103.5  114.1  112.9  111.8  110.6  109.6  108.5
  651  3718.5    0.8432   103.3  113.9  112.7  111.6  110.5  109.4  108.3
  652  3706.6    0.8442   103.2  113.8  112.6  111.5  110.3  109.3  108.2
  653  3694.8    0.8453   103.1  113.6  112.4  111.3  110.2  109.1  108.0
  654  3682.9    0.8464   102.9  113.4  112.3  111.1  110.0  109.0  107.9
  655  3671.1    0.8474   102.8  113.3  112.1  111.0  109.9  108.8  107.8
  656  3659.3    0.8485   102.7  113.1  112.0  110.8  109.7  108.7  107.6
  657  3647.6    0.8495   102.6  113.0  111.8  110.7  109.6  108.5  107.5
  658  3635.8    0.8506   102.4  112.8  111.7  110.5  109.4  108.4  107.3
  659  3624.1    0.8516   102.3  112.6  111.5  110.4  109.3  108.2  107.2
  660  3612.3    0.8527   102.2  112.5  111.3  110.2  109.2  108.1  107.1
  661  3600.6    0.8538   102.1  112.3  111.2  110.1  109.0  108.0  106.9
  662  3588.9    0.8548   101.9  112.2  111.0  109.9  108.9  107.8  106.8
  663  3577.2    0.8559   101.8  112.0  110.9  109.8  108.7  107.7  106.6
  664  3565.5    0.8569   101.7  111.9  110.7  109.6  108.6  107.5  106.5
  665  3553.9    0.8580   101.6  111.7  110.6  109.5  108.4  107.4  106.4
  666  3542.2    0.8590   101.4  111.6  110.4  109.3  108.3  107.2  106.2
  667  3530.6    0.8601   101.3  111.4  110.3  109.2  108.1  107.1  106.1
  668  3519.0    0.8611   101.2  111.2  110.1  109.1  108.0  107.0  105.9
  669  3507.4    0.8622   101.1  111.1  110.0  108.9  107.9  106.8  105.8
  670  3495.8    0.8633   100.9  110.9  109.8  108.8  107.7  106.7  105.7
  671  3484.2    0.8643   100.8  110.8  109.7  108.6  107.6  106.5  105.5
  672  3472.6    0.8654   100.7  110.6  109.5  108.5  107.4  106.4  105.4
  673  3461.1    0.8664   100.6  110.5  109.4  108.3  107.3  106.3  105.3
  674  3449.5    0.8675   100.4  110.3  109.2  108.2  107.1  106.1  105.1
  675  3438.0    0.8685   100.3  110.2  109.1  108.0  107.0  106.0  105.0
  676  3426.5    0.8696   100.2  110.0  109.0  107.9  106.9  105.9  104.9
  677  3415.0    0.8706   100.1  109.9  108.8  107.8  106.7  105.7  104.7
  678  3403.5    0.8717   100.0  109.7  108.7  107.6  106.6  105.6  104.6
  679  3392.1    0.8727    99.8  109.6  108.5  107.5  106.4  105.4  104.5
  680  3380.6    0.8738    99.7  109.4  108.4  107.3  106.3  105.3  104.3
  681  3369.2    0.8748    99.6  109.3  108.2  107.2  106.2  105.2  104.2
  682  3357.8    0.8759    99.5  109.1  108.1  107.0  106.0  105.0  104.1
  683  3346.4    0.8769    99.4  109.0  107.9  106.9  105.9  104.9  103.9
  684  3335.0    0.8780    99.2  108.9  107.8  106.8  105.8  104.8  103.8
  685  3323.6    0.8790    99.1  108.7  107.7  106.6  105.6  104.6  103.7
  686  3312.2    0.8801    99.0  108.6  107.5  106.5  105.5  104.5  103.5
  687  3300.8    0.8811    98.9  108.4  107.4  106.3  105.3  104.4  103.4
  688  3289.5    0.8822    98.8  108.3  107.2  106.2  105.2  104.2  103.3
  689  3278.2    0.8832    98.6  108.1  107.1  106.1  105.1  104.1  103.1
  690  3266.9    0.8843    98.5  108.0  107.0  105.9  104.9  104.0  103.0
  691  3255.6    0.8853    98.4  107.8  106.8  105.8  104.8  103.8  102.9
  692  3244.3    0.8864    98.3  107.7  106.7  105.7  104.7  103.7  102.8
  693  3233.0    0.8874    98.2  107.6  106.5  105.5  104.5  103.6  102.6
  694  3221.7    0.8885    98.1  107.4  106.4  105.4  104.4  103.4  102.5
  695  3210.5    0.8895    98.0  107.3  106.3  105.3  104.3  103.3  102.4
  696  3199.2    0.8905    97.8  107.1  106.1  105.1  104.1  103.2  102.3
  697  3188.0    0.8916    97.7  107.0  106.0  105.0  104.0  103.1  102.1
  698  3176.8    0.8926    97.6  106.9  105.8  104.9  103.9  102.9  102.0
  699  3165.6    0.8937    97.5  106.7  105.7  104.7  103.7  102.8  101.9
  700  3154.4    0.8947    97.4  106.6  105.6  104.6  103.6  102.7  101.7
  701  3143.3    0.8958    97.3  106.4  105.4  104.5  103.5  102.5  101.6
  702  3132.1    0.8968    97.2  106.3  105.3  104.3  103.4  102.4  101.5
  703  3121.0    0.8979    97.0  106.2  105.2  104.2  103.2  102.3  101.4
  704  3109.8    0.8989    96.9  106.0  105.0  104.1  103.1  102.2  101.2
  705  3098.7    0.8999    96.8  105.9  104.9  103.9  103.0  102.0  101.1
  706  3087.6    0.9010    96.7  105.7  104.8  103.8  102.8  101.9  101.0
  707  3076.5    0.9020    96.6  105.6  104.6  103.7  102.7  101.8  100.9
  708  3065.4    0.9031    96.5  105.5  104.5  103.5  102.6  101.7  100.8
  709  3054.4    0.9041    96.4  105.3  104.4  103.4  102.5  101.5  100.6
  710  3043.3    0.9052    96.3  105.2  104.2  103.3  102.3  101.4  100.5
  711  3032.3    0.9062    96.1  105.1  104.1  103.1  102.2  101.3  100.4
  712  3021.2    0.9072    96.0  104.9  104.0  103.0  102.1  101.2  100.3
  713  3010.2    0.9083    95.9  104.8  103.8  102.9  102.0  101.0  100.1
  714  2999.2    0.9063    96.1  104.7  103.7  102.8  101.8  100.9  100.0
  715  2988.2    0.9074    96.0  104.5  103.6  102.6  101.7  100.8   99.9
  716  2977.2    0.9084    95.9  104.4  103.4  102.5  101.6  100.7   99.8
  717  2966.2    0.9094    95.8  104.3  103.3  102.4  101.4  100.5   99.7
  718  2955.2    0.9105    95.7  104.1  103.2  102.2  101.3  100.4   99.5
  719  2944.2    0.9115    95.6  104.0  103.1  102.1  101.2  100.3   99.4
  720  2933.2    0.9126    95.5  103.9  102.9  102.0  101.1  100.2   99.3
  721  2922.3    0.9136    95.4  103.7  102.8  101.9  101.0  100.1   99.2
  722  2911.4    0.9146    95.3  103.6  102.7  101.7  100.8   99.9   99.1
  723  2900.4    0.9157    95.2  103.5  102.5  101.6  100.7   99.8   99.0
  724  2889.5    0.9167    95.0  103.3  102.4  101.5  100.6   99.7   98.8
  725  2878.6    0.9178    94.9  103.2  102.3  101.4  100.5   99.6   98.7
  726  2867.7    0.9188    94.8  103.1  102.2  101.2  100.3   99.5   98.6
  727  2856.8    0.9198    94.7  103.0  102.0  101.1  100.2   99.3   98.5
  728  2846.0    0.9209    94.6  102.8  101.9  101.0  100.1   99.2   98.4
  729  2835.1    0.9219    94.5  102.7  101.8  100.9  100.0   99.1   98.2
  730  2824.3    0.9229    94.4  102.6  101.7  100.7   99.9   99.0   98.1
  731  2813.5    0.9240    94.3  102.4  101.5  100.6   99.7   98.9   98.0
  732  2802.6    0.9250    94.2  102.3  101.4  100.5   99.6   98.8   97.9
  733  2791.8    0.9260    94.1  102.2  101.3  100.4   99.5   98.6   97.8
  734  2781.0    0.9271    94.0  102.1  101.2  100.3   99.4   98.5   97.7
  735  2770.3    0.9281    93.9  101.9  101.0  100.1   99.3   98.4   97.6
  736  2759.5    0.9292    93.8  101.8  100.9  100.0   99.1   98.3   97.4
  737  2748.7    0.9302    93.7  101.7  100.8   99.9   99.0   98.2   97.3
  738  2738.0    0.9312    93.6  101.6  100.7   99.8   98.9   98.1   97.2
  739  2727.3    0.9323    93.5  101.4  100.5   99.7   98.8   97.9   97.1
  740  2716.5    0.9333    93.4  101.3  100.4   99.5   98.7   97.8   97.0
  741  2705.8    0.9343    93.3  101.2  100.3   99.4   98.6   97.7   96.9
  742  2695.1    0.9354    93.1  101.1  100.2   99.3   98.4   97.6   96.8
  743  2684.4    0.9364    93.0  100.9  100.1   99.2   98.3   97.5   96.7
  744  2673.8    0.9374    92.9  100.8   99.9   99.1   98.2   97.4   96.5
  745  2663.1    0.9385    92.8  100.7   99.8   98.9   98.1   97.3   96.4
  746  2652.5    0.9395    92.7  100.6   99.7   98.8   98.0   97.1   96.3
  747  2641.8    0.9405    92.6  100.5   99.6   98.7   97.9   97.0   96.2
  748  2631.2    0.9415    92.5  100.3   99.5   98.6   97.7   96.9   96.1
  749  2620.6    0.9426    92.4  100.2   99.3   98.5   97.6   96.8   96.0
  750  2610.0    0.9436    92.3  100.1   99.2   98.4   97.5   96.7   95.9
  751  2599.4    0.9446    92.2  100.0   99.1   98.2   97.4   96.6   96.1
  752  2588.8    0.9457    92.1   99.9   99.0   98.1   97.3   96.5   96.0
  753  2578.2    0.9467    92.0   99.7   98.9   98.0   97.2   96.4   95.9
  754  2567.7    0.9477    91.9   99.6   98.7   97.9   97.1   96.2   95.8
  755  2557.1    0.9488    91.8   99.5   98.6   97.8   96.9   96.1   95.6
  756  2546.6    0.9498    91.7   99.4   98.5   97.7   96.8   96.0   95.5
  757  2536.1    0.9508    91.6   99.3   98.4   97.6   96.7   95.9   95.4
  758  2525.6    0.9518    91.5   99.1   98.3   97.4   96.6   96.1   95.3
  759  2515.1    0.9529    91.4   99.0   98.2   97.3   96.5   96.0   95.2
  760  2504.6    0.9539    91.3   98.9   98.0   97.2   96.4   95.9   95.1
  761  2494.1    0.9549    91.2   98.8   97.9   97.1   96.3   95.8   95.0
  762  2483.6    0.9560    91.1   98.7   97.8   97.0   96.2   95.7   94.9
  763  2473.2    0.9570    91.0   98.5   97.7   96.9   96.1   95.6   94.8
  764  2462.7    0.9580    90.9   98.4   97.6   96.8   95.9   95.5   94.7
  765  2452.3    0.9590    90.8   98.3   97.5   96.6   95.8   95.4   94.6
  766  2441.9    0.9601    90.8   98.2   97.4   96.5   96.0   95.2   94.5
  767  2431.5    0.9611    90.7   98.1   97.2   96.4   95.9   95.1   94.4
  768  2421.1    0.9621    90.6   98.0   97.1   96.3   95.8   95.0   94.3
  769  2410.7    0.9631    90.5   97.9   97.0   96.2   95.7   94.9   94.1
  770  2400.3    0.9642    90.4   97.7   96.9   96.1   95.6   94.8   94.0
  771  2389.9    0.9652    90.3   97.6   96.8   96.0   95.5   94.7   93.9
  772  2379.6    0.9662    90.2   97.5   96.7   95.9   95.4   94.6   93.8
  773  2369.2    0.9673    90.1   97.4   96.6   96.1   95.3   94.5   93.7
  774  2358.9    0.9683    90.0   97.3   96.5   96.0   95.2   94.4   93.6
  775  2348.6    0.9693    89.9   97.2   96.3   95.9   95.1   94.3   93.5
  776  2338.3    0.9703    89.8   97.1   96.2   95.7   95.0   94.2   93.4
  777  2328.0    0.9713    89.7   96.9   96.1   95.6   94.8   94.1   93.3
  778  2317.7    0.9724    89.6   96.8   96.0   95.5   94.7   94.0   93.2
  779  2307.4    0.9734    89.5   96.7   95.9   95.4   94.6   93.9   93.1
  780  2297.1    0.9744    89.4   96.6   96.1   95.3   94.5   93.8   93.0
  781  2286.9    0.9754    89.3   96.5   96.0   95.2   94.4   93.7   92.9
  782  2276.6    0.9765    89.2   96.4   95.9   95.1   94.3   93.6   92.8
  783  2266.4    0.9775    89.1   96.3   95.8   95.0   94.2   93.4   92.7
  784  2256.2    0.9785    89.0   96.2   95.7   94.9   94.1   93.3   92.6
  785  2246.0    0.9795    88.9   96.1   95.6   94.8   94.0   93.2   92.5
  786  2235.8    0.9806    88.9   95.9   95.5   94.7   93.9   93.1   92.4
  787  2225.6    0.9816    88.8   95.8   95.3   94.6   93.8   93.0   92.3
  788  2215.4    0.9826    88.7   96.0   95.2   94.5   93.7   92.9   92.2
  789  2205.2    0.9836    88.6   95.9   95.1   94.4   93.6   92.8   92.1
  790  2195.0    0.9846    88.5   95.8   95.0   94.2   93.5   92.7   92.0
  791  2184.9    0.9857    88.4   95.7   94.9   94.1   93.4   92.6   91.9
  792  2174.8    0.9867    88.3   95.6   94.8   94.0   93.3   92.5   91.8
  793  2164.6    0.9877    88.2   95.5   94.7   93.9   93.2   92.4   91.7
  794  2154.5    0.9887    88.1   95.4   94.6   93.8   93.1   92.3   91.6
  795  2144.4    0.9897    88.0   95.3   94.5   93.7   93.0   92.2   91.5
  796  2134.3    0.9908    87.9   95.2   94.4   93.6   92.9   92.1   91.4
  797  2124.2    0.9918    87.9   95.1   94.3   93.5   92.8   92.0   91.3
  798  2114.1    0.9928    87.8   95.0   94.2   93.4   92.7   91.9   91.2
  799  2104.1    0.9938    87.7   94.8   94.1   93.3   92.6   91.8   91.1
  800  2094.0    0.9948    87.6   94.7   94.0   93.2   92.5   91.7   91.0
  801  2084.0    0.9959    87.5   94.6   93.9   93.1   92.4   91.6   90.9
  802  2073.9    0.9969    87.4   94.5   93.8   93.0   92.3   91.5   90.8
  803  2063.9    0.9979    87.3   94.4   93.6   92.9   92.2   91.4   90.7
  804  2053.9    0.9989    87.2   94.3   93.5   92.8   92.1   91.3   90.6
  805  2043.9    0.9999    87.1   94.2   93.4   92.7   92.0   91.2   90.5
  806  2033.9    1.0009    87.0   94.1   93.3   92.6   91.9   91.1   90.4
  807  2023.9    1.0020    87.0   94.0   93.2   92.5   91.8   91.0   90.3
  808  2013.9    1.0030    86.9   93.9   93.1   92.4   91.7   90.9   90.2
  809  2004.0    1.0040    86.8   93.8   93.0   92.3   91.6   90.8   90.1
  810  1994.0    1.0050    86.7   93.7   92.9   92.2   91.5   90.7   90.0
  811  1984.1    1.0060    86.6   93.6   92.8   92.1   91.4   90.6   89.9
  812  1974.1    1.0070    86.5   93.5   92.7   92.0   91.3   90.5   89.8
  813  1964.2    1.0081    86.4   93.4   92.6   91.9   91.2   90.5   89.8
  814  1954.3    1.0091    86.3   93.3   92.5   91.8   91.1   90.4   89.7
  815  1944.4    1.0101    86.3   93.2   92.4   91.7   91.0   90.3   89.6
  816  1934.5    1.0111    86.2   93.1   92.3   91.6   90.9   90.2   89.5
  817  1924.6    1.0121    86.1   93.0   92.2   91.5   90.8   90.1   89.4
  818  1914.7    1.0131    86.0   92.9   92.1   91.4   90.7   90.0   89.3
  819  1904.9    1.0141    85.9   92.8   92.0   91.3   90.6   89.9   89.2
  820  1895.0    1.0152    85.8   92.7   91.9   91.2   90.5   89.8   89.1
  821  1885.2    1.0162    85.7   92.6   91.8   91.1   90.4   89.7   89.0
  822  1875.3    1.0172    85.7   92.4   91.7   91.0   90.3   89.6   88.9
  823  1865.5    1.0182    85.6   92.3   91.6   90.9   90.2   89.5   88.8
  824  1855.7    1.0192    85.5   92.2   91.5   90.8   90.1   89.4   88.7
  825  1845.9    1.0202    85.4   92.1   91.4   90.7   90.0   89.3   88.6
  826  1836.1    1.0212    85.3   92.0   91.3   90.6   89.9   89.2   88.5
  827  1826.3    1.0222    85.2   91.9   91.2   90.5   89.8   89.1   88.4
  828  1816.5    1.0233    85.1   91.8   91.1   90.4   89.7   89.0   88.4
  829  1806.7    1.0243    85.1   91.7   91.0   90.3   89.6   88.9   88.3
  830  1797.0    1.0253    85.0   91.6   90.9   90.2   89.5   88.8   88.2
  831  1787.2    1.0263    84.9   91.5   90.8   90.1   89.4   88.8   88.1
  832  1777.5    1.0273    84.8   91.5   90.7   90.0   89.3   88.7   88.0
  833  1767.8    1.0283    84.7   91.4   90.6   89.9   89.2   88.6   87.9
  834  1758.0    1.0293    84.6   91.3   90.5   89.8   89.2   88.5   87.8
  835  1748.3    1.0303    84.6   91.2   90.4   89.7   89.1   88.4   87.7
  836  1738.6    1.0313    84.5   91.1   90.3   89.7   89.0   88.3   87.6
  837  1728.9    1.0323    84.4   91.0   90.3   89.6   88.9   88.2   87.5
  838  1719.3    1.0334    84.3   90.9   90.2   89.5   88.8   88.1   87.5
  839  1709.6    1.0344    84.2   90.8   90.1   89.4   88.7   88.0   87.4
  840  1699.9    1.0354    84.2   90.7   90.0   89.3   88.6   87.9   87.3
  841  1690.3    1.0364    84.1   90.6   89.9   89.2   88.5   87.8   87.2
  842  1680.6    1.0374    84.0   90.5   89.8   89.1   88.4   87.7   87.1
  843  1671.0    1.0384    83.9   90.4   89.7   89.0   88.3   87.7   87.0
  844  1661.4    1.0394    83.8   90.3   89.6   88.9   88.2   87.6   86.9
  845  1651.7    1.0404    83.7   90.2   89.5   88.8   88.1   87.5   86.8
  846  1642.1    1.0414    83.7   90.1   89.4   88.7   88.0   87.4   86.7
  847  1632.5    1.0424    83.6   90.0   89.3   88.6   88.0   87.3   86.7
  848  1623.0    1.0434    83.5   89.9   89.2   88.5   87.9   87.2   86.6
  849  1613.4    1.0444    83.4   89.8   89.1   88.4   87.8   87.1   86.5
  850  1603.8    1.0455    83.3   89.7   89.0   88.4   87.7   87.0   86.4
  851  1594.2    1.0465    83.3   89.6   88.9   88.3   87.6   86.9   86.3
  852  1584.7    1.0475    83.2   89.5   88.8   88.2   87.5   86.9   86.2
  853  1575.2    1.0485    83.1   89.4   88.7   88.1   87.4   86.8   86.1
  854  1565.6    1.0495    83.0   89.3   88.7   88.0   87.3   86.7   86.0
  855  1556.1    1.0505    82.9   89.2   88.6   87.9   87.2   86.6   86.0
  856  1546.6    1.0515    82.9   89.1   88.5   87.8   87.2   86.5   85.9
  857  1537.1    1.0525    82.8   89.1   88.4   87.7   87.1   86.4   85.8
  858  1527.6    1.0535    82.7   89.0   88.3   87.6   87.0   86.3   85.7
  859  1518.1    1.0545    82.6   88.9   88.2   87.5   86.9   86.2   85.6
  860  1508.6    1.0555    82.5   88.8   88.1   87.4   86.8   86.2   85.5
  861  1499.1    1.0565    82.5   88.7   88.0   87.4   86.7   86.1   85.4
  862  1489.7    1.0575    82.4   88.6   87.9   87.3   86.6   86.0   85.4
  863  1480.2    1.0585    82.3   88.5   87.8   87.2   86.5   85.9   85.3
  864  1470.8    1.0595    82.2   88.4   87.7   87.1   86.4   85.8   85.2
  865  1461.4    1.0605    82.2   88.3   87.7   87.0   86.4   85.7   85.1
  866  1451.9    1.0615    82.1   88.2   87.6   86.9   86.3   85.6   85.0
  867  1442.5    1.0625    82.0   88.1   87.5   86.8   86.2   85.6   84.9
  868  1433.1    1.0635    81.9   88.0   87.4   86.7   86.1   85.5   84.9
  869  1423.7    1.0645    81.8   88.0   87.3   86.7   86.0   85.4   84.8
  870  1414.3    1.0655    81.8   87.9   87.2   86.6   85.9   85.3   84.7
  871  1404.9    1.0665    81.7   87.8   87.1   86.5   85.8   85.2   84.6
  872  1395.6    1.0675    81.6   87.7   87.0   86.4   85.8   85.1   84.5
  873  1386.2    1.0685    81.5   87.6   86.9   86.3   85.7   85.1   84.4
  874  1376.8    1.0695    81.5   87.5   86.9   86.2   85.6   85.0   84.4
  875  1367.5    1.0706    81.4   87.4   86.8   86.1   85.5   84.9   84.3
  876  1358.2    1.0716    81.3   87.3   86.7   86.0   85.4   84.8   84.2
  877  1348.8    1.0726    81.2   87.2   86.6   86.0   85.3   84.7   84.1
  878  1339.5    1.0736    81.2   87.1   86.5   85.9   85.2   84.6   84.0
  879  1330.2    1.0746    81.1   87.1   86.4   85.8   85.2   84.6   84.0
  880  1320.9    1.0756    81.0   87.0   86.3   85.7   85.1   84.5   83.9
  881  1311.6    1.0766    80.9   86.9   86.2   85.6   85.0   84.4   83.8
  882  1302.3    1.0776    80.9   86.8   86.2   85.5   84.9   84.3   83.7
  883  1293.1    1.0786    80.8   86.7   86.1   85.4   84.8   84.2   83.6
  884  1283.8    1.0796    80.7   86.6   86.0   85.4   84.7   84.1   83.5
  885  1274.5    1.0806    80.6   86.5   85.9   85.3   84.7   84.1   83.5
  886  1265.3    1.0815    80.6   86.4   85.8   85.2   84.6   84.0   83.4
  887  1256.0    1.0825    80.5   86.4   85.7   85.1   84.5   83.9   83.3
  888  1246.8    1.0835    80.4   86.3   85.6   85.0   84.4   83.8   83.2
  889  1237.6    1.0845    80.3   86.2   85.6   84.9   84.3   83.7   83.1
  890  1228.4    1.0855    80.3   86.1   85.5   84.9   84.2   83.7   83.1
  891  1219.2    1.0865    80.2   86.0   85.4   84.8   84.2   83.6   83.0
  892  1210.0    1.0875    80.1   85.9   85.3   84.7   84.1   83.5   82.9
  893  1200.8    1.0885    80.0   85.8   85.2   84.6   84.0   83.4   82.8
  894  1191.6    1.0895    80.0   85.8   85.1   84.5   83.9   83.3   82.7
  895  1182.4    1.0905    79.9   85.7   85.0   84.4   83.8   83.3   82.7
  896  1173.2    1.0915    79.8   85.6   85.0   84.4   83.8   83.2   82.6
  897  1164.1    1.0925    79.7   85.5   84.9   84.3   83.7   83.1   82.5
  898  1154.9    1.0935    79.7   85.4   84.8   84.2   83.6   83.0   82.4
  899  1145.8    1.0945    79.6   85.3   84.7   84.1   83.5   82.9   82.4
  900  1136.7    1.0955    79.5   85.2   84.6   84.0   83.4   82.9   82.3
  901  1127.5    1.0965    79.5   85.2   84.5   83.9   83.4   82.8   82.2
  902  1118.4    1.0975    79.4   85.1   84.5   83.9   83.3   82.7   82.1
  903  1109.3    1.0985    79.3   85.0   84.4   83.8   83.2   82.6   82.0
  904  1100.2    1.0995    79.2   84.9   84.3   83.7   83.1   82.5   82.0
  905  1091.1    1.1005    79.2   84.8   84.2   83.6   83.0   82.5   81.9
  906  1082.0    1.1015    79.1   84.7   84.1   83.5   83.0   82.4   81.8
  907  1073.0    1.1025    79.0   84.7   84.1   83.5   82.9   82.3   81.7
  908  1063.9    1.1035    79.0   84.6   84.0   83.4   82.8   82.2   81.7
  909  1054.8    1.1045    78.9   84.5   83.9   83.3   82.7   82.1   81.6
  910  1045.8    1.1055    78.8   84.4   83.8   83.2   82.6   82.1   81.5
  911  1036.7    1.1065    78.7   84.3   83.7   83.1   82.6   82.0   81.4
  912  1027.7    1.1074    78.7   84.2   83.6   83.1   82.5   81.9   81.4
  913  1018.7    1.1084    78.6   84.2   83.6   83.0   82.4   81.8   81.3
  914  1009.7    1.1094    78.5   84.1   83.5   82.9   82.3   81.8   81.2
  915  1000.7    1.1104    78.5   84.0   83.4   82.8   82.2   81.7   81.1
  916   991.7    1.1114    78.4   83.9   83.3   82.7   82.2   81.6   81.1
  917   982.7    1.1124    78.3   83.8   83.2   82.7   82.1   81.5   81.0
  918   973.7    1.1134    78.3   83.8   83.2   82.6   82.0   81.5   80.9
  919   964.7    1.1144    78.2   83.7   83.1   82.5   81.9   81.4   80.8
  920   955.7    1.1154    78.1   83.6   83.0   82.4   81.9   81.3   80.7
  921   946.8    1.1164    78.0   83.5   82.9   82.4   81.8   81.2   80.7
  922   937.8    1.1174    78.0   83.4   82.8   82.3   81.7   81.1   80.6
  923   928.9    1.1184    77.9   83.4   82.8   82.2   81.6   81.1   80.5
  924   919.9    1.1193    77.8   83.3   82.7   82.1   81.6   81.0   80.5
  925   911.0    1.1203    77.8   83.2   82.6   82.0   81.5   80.9   80.4
  926   902.1    1.1213    77.7   83.1   82.5   82.0   81.4   80.8   80.3
  927   893.2    1.1223    77.6   83.0   82.5   81.9   81.3   80.8   80.2
  928   884.3    1.1233    77.6   83.0   82.4   81.8   81.2   80.7   80.2
  929   875.4    1.1243    77.5   82.9   82.3   81.7   81.2   80.6   80.1
  930   866.5    1.1253    77.4   82.8   82.2   81.7   81.1   80.5   80.0
  931   857.6    1.1263    77.4   82.7   82.1   81.6   81.0   80.5   79.9
  932   848.7    1.1273    77.3   82.6   82.1   81.5   80.9   80.4   79.9
  933   839.9    1.1283    77.2   82.6   82.0   81.4   80.9   80.3   79.8
  934   831.0    1.1292    77.2   82.5   81.9   81.3   80.8   80.3   79.7
  935   822.1    1.1302    77.1   82.4   81.8   81.3   80.7   80.2   79.6
  936   813.3    1.1312    77.0   82.3   81.8   81.2   80.6   80.1   79.6
  937   804.5    1.1322    77.0   82.2   81.7   81.1   80.6   80.0   79.5
  938   795.6    1.1332    76.9   82.2   81.6   81.0   80.5   80.0   79.4
  939   786.8    1.1342    76.8   82.1   81.5   81.0   80.4   79.9   79.4
  940   778.0    1.1352    76.8   82.0   81.4   80.9   80.4   79.8   79.3
  941   769.2    1.1362    76.7   81.9   81.4   80.8   80.3   79.7   79.2
  942   760.4    1.1372    76.6   81.9   81.3   80.7   80.2   79.7   79.1
  943   751.6    1.1381    76.6   81.8   81.2   80.7   80.1   79.6   79.1
  944   742.8    1.1391    76.5   81.7   81.1   80.6   80.1   79.5   79.0
  945   734.0    1.1401    76.4   81.6   81.1   80.5   80.0   79.5   78.9
  946   725.3    1.1411    76.4   81.5   81.0   80.4   79.9   79.4   78.9
  947   716.5    1.1421    76.3   81.5   80.9   80.4   79.8   79.3   78.8
  948   707.8    1.1431    76.2   81.4   80.8   80.3   79.8   79.2   78.7
  949   699.0    1.1441    76.2   81.3   80.8   80.2   79.7   79.2   78.6
  950   690.3    1.1450    76.1   81.2   80.7   80.2   79.6   79.1   78.6
  951   681.6    1.1460    76.0   81.2   80.6   80.1   79.5   79.0   78.5
  952   672.8    1.1470    76.0   81.1   80.5   80.0   79.5   78.9   78.4
  953   664.1    1.1480    75.9   81.0   80.5   79.9   79.4   78.9   78.4
  954   655.4    1.1490    75.8   80.9   80.4   79.9   79.3   78.8   78.3
  955   646.7    1.1500    75.8   80.9   80.3   79.8   79.3   78.7   78.2
  956   638.0    1.1510    75.7   80.8   80.2   79.7   79.2   78.7   78.2
  957   629.3    1.1519    75.6   80.7   80.2   79.6   79.1   78.6   78.1
  958   620.7    1.1529    75.6   80.6   80.1   79.6   79.0   78.5   78.0
  959   612.0    1.1539    75.5   80.6   80.0   79.5   79.0   78.5   77.9
  960   603.3    1.1549    75.4   80.5   80.0   79.4   78.9   78.4   77.9
  961   594.7    1.1559    75.4   80.4   79.9   79.4   78.8   78.3   77.8
  962   586.0    1.1569    75.3   80.3   79.8   79.3   78.8   78.2   77.7
  963   577.4    1.1578    75.3   80.3   79.7   79.2   78.7   78.2   77.7
  964   568.8    1.1588    75.2   80.2   79.7   79.1   78.6   78.1   77.6
  965   560.1    1.1598    75.1   80.1   79.6   79.1   78.5   78.0   77.5
  966   551.5    1.1608    75.1   80.1   79.5   79.0   78.5   78.0   77.5
  967   542.9    1.1618    75.0   80.0   79.4   78.9   78.4   77.9   77.4
  968   534.3    1.1627    74.9   79.9   79.4   78.9   78.3   77.8   77.3
  969   525.7    1.1637    74.9   79.8   79.3   78.8   78.3   77.8   77.3
  970   517.1    1.1647    74.8   79.8   79.2   78.7   78.2   77.7   77.2
  971   508.5    1.1657    74.7   79.7   79.2   78.6   78.1   77.6   77.1
  972   499.9    1.1667    74.7   79.6   79.1   78.6   78.1   77.6   77.1
  973   491.4    1.1677    74.6   79.5   79.0   78.5   78.0   77.5   77.0
  974   482.8    1.1686    74.6   79.5   78.9   78.4   77.9   77.4   76.9
  975   474.3    1.1696    74.5   79.4   78.9   78.4   77.9   77.4   76.9
  976   465.7    1.1706    74.4   79.3   78.8   78.3   77.8   77.3   76.8
  977   457.2    1.1716    74.4   79.3   78.7   78.2   77.7   77.2   76.7
  978   448.6    1.1726    74.3   79.2   78.7   78.2   77.6   77.1   76.7
  979   440.1    1.1735    74.2   79.1   78.6   78.1   77.6   77.1   76.6
  980   431.6    1.1745    74.2   79.0   78.5   78.0   77.5   77.0   76.5
  981   423.1    1.1755    74.1   79.0   78.5   77.9   77.4   76.9   76.5
  982   414.6    1.1765    74.1   78.9   78.4   77.9   77.4   76.9   76.4
  983   406.1    1.1775    74.0   78.8   78.3   77.8   77.3   76.8   76.3
  984   397.6    1.1784    73.9   78.8   78.2   77.7   77.2   76.7   76.3
  985   389.1    1.1794    73.9   78.7   78.2   77.7   77.2   76.7   76.2
  986   380.6    1.1804    73.8   78.6   78.1   77.6   77.1   76.6   76.1
  987   372.2    1.1814    73.8   78.5   78.0   77.5   77.0   76.5   76.1
  988   363.7    1.1824    73.7   78.5   78.0   77.5   77.0   76.5   76.0
  989   355.3    1.1833    73.6   78.4   77.9   77.4   76.9   76.4   75.9
  990   346.8    1.1843    73.6   78.3   77.8   77.3   76.8   76.3   75.9
  991   338.4    1.1853    73.5   78.3   77.8   77.3   76.8   76.3   75.8
  992   329.9    1.1863    73.4   78.2   77.7   77.2   76.7   76.2   75.7
  993   321.5    1.1872    73.4   78.1   77.6   77.1   76.6   76.1   75.7
  994   313.1    1.1882    73.3   78.1   77.6   77.1   76.6   76.1   75.6
  995   304.7    1.1892    73.3   78.0   77.5   77.0   76.5   76.0   75.5
  996   296.3    1.1902    73.2   77.9   77.4   76.9   76.4   76.0   75.5
  997   287.9    1.1911    73.1   77.8   77.3   76.9   76.4   75.9   75.4
  998   279.5    1.1921    73.1   77.8   77.3   76.8   76.3   75.8   75.4
  999   271.1    1.1931    73.0   77.7   77.2   76.7   76.2   75.8   75.3
 1000   262.7    1.1941    73.0   77.6   77.1   76.7   76.2   75.7   75.2
 1001   254.4    1.1951    72.9   77.6   77.1   76.6   76.1   75.6   75.2
 1002   246.0    1.1960    72.8   77.5   77.0   76.5   76.0   75.6   75.1
 1003   237.6    1.1970    72.8   77.4   76.9   76.5   76.0   75.5   75.0
 1004   229.3    1.1980    72.7   77.4   76.9   76.4   75.9   75.4   75.0
 1005   220.9    1.1990    72.7   77.3   76.8   76.3   75.8   75.4   74.9
 1006   212.6    1.1999    72.6   77.2   76.7   76.3   75.8   75.3   74.8
 1007   204.3    1.2009    72.6   77.2   76.7   76.2   75.7   75.2   74.8
 1008   195.9    1.2019    72.5   77.1   76.6   76.1   75.6   75.2   74.7
 1009   187.6    1.2029    72.4   77.0   76.5   76.1   75.6   75.1   74.7
 1010   179.3    1.2038    72.4   77.0   76.5   76.0   75.5   75.1   74.6
 1011   171.0    1.2048    72.3   76.9   76.4   75.9   75.5   75.0   74.5
 1012   162.7    1.2058    72.3   76.8   76.3   75.9   75.4   74.9   74.5
 1013   154.4    1.2068    72.2   76.8   76.3   75.8   75.3   74.9   74.4
 1014   146.1    1.2077    72.1   76.7   76.2   75.7   75.3   74.8   74.3
 1015   137.9    1.2087    72.1   76.6   76.1   75.7   75.2   74.7   74.3
 1016   129.6    1.2097    72.0   76.6   76.1   75.6   75.1   74.7   74.2
 1017   121.3    1.2106    72.0   76.5   76.0   75.5   75.1   74.6   74.2
 1018   113.1    1.2116    71.9   76.4   75.9   75.5   75.0   74.5   74.1
 1019   104.8    1.2126    71.9   76.4   75.9   75.4   74.9   74.5   74.0
 1020    96.6    1.2136    71.8   76.3   75.8   75.3   74.9   74.4   74.0
 1021    88.3    1.2145    71.7   76.2   75.8   75.3   74.8   74.4   73.9
 1022    80.1    1.2155    71.7   76.2   75.7   75.2   74.8   74.3   73.8
 1023    71.9    1.2165    71.6   76.1   75.6   75.2   74.7   74.2   73.8
 1024    63.7    1.2174    71.6   76.0   75.6   75.1   74.6   74.2   73.7
 1025    55.5    1.2184    71.5   76.0   75.5   75.0   74.6   74.1   73.7
 1026    47.3    1.2194    71.5   75.9   75.4   75.0   74.5   74.1   73.6
 1027    39.1    1.2204    71.4   75.8   75.4   74.9   74.4   74.0   73.5
 1028    30.9    1.2213    71.3   75.8   75.3   74.8   74.4   73.9   73.5
 1029    22.7    1.2223    71.3   75.7   75.2   74.8   74.3   73.9   73.4
 1030    14.5    1.2233    71.2   75.6   75.2   74.7   74.3   73.8   73.4
 1031     6.3    1.2242    71.2   75.6   75.1   74.6   74.2   73.7   73.3
 1032    -1.8    1.2308    70.8   75.5   75.0   74.6   74.1   73.7   73.2
 1033    -9.9    1.2317    70.7   75.5   75.0   74.5   74.1   73.6   73.2
 1034   -18.1    1.2327    70.7   75.4   74.9   74.5   74.0   73.6   73.1
 1035   -26.2    1.2337    70.6   75.3   74.9   74.4   73.9   73.5   73.1
 1036   -34.3    1.2346    70.6   75.3   74.8   74.3   73.9   73.4   73.0
 1037   -42.4    1.2356    70.5   75.2   74.7   74.3   73.8   73.4   72.9
 1038   -50.5    1.2366    70.5   75.1   74.7   74.2   73.8   73.3   72.9
 1039   -58.5    1.2375    70.4   75.1   74.6   74.2   73.7   73.3   72.8
 1040   -66.6    1.2385    70.3   75.0   74.5   74.1   73.6   73.2   72.8
 1041   -74.7    1.2395    70.3   74.9   74.5   74.0   73.6   73.1   72.7
 1042   -82.7    1.2404    70.2   74.9   74.4   74.0   73.5   73.1   72.6
 1043   -90.8    1.2414    70.2   74.8   74.4   73.9   73.5   73.0   72.6
 1044   -98.9    1.2424    70.1   74.8   74.3   73.8   73.4   73.0   72.5
 1045  -106.9    1.2433    70.1   74.7   74.2   73.8   73.3   72.9   72.5
 1046  -114.9    1.2443    70.0   74.6   74.2   73.7   73.3   72.8   72.4
 1047  -123.0    1.2453    70.0   74.6   74.1   73.7   73.2   72.8   72.4
 1048  -131.0    1.2462    69.9   74.5   74.0   73.6   73.2   72.7   72.3
 1049  -139.0    1.2472    69.9   74.4   74.0   73.5   73.1   72.7   72.2
 1050  -147.0    1.2482    69.8   74.4   73.9   73.5   73.0   72.6   72.2
 1051  -155.1    1.2491    69.7   74.3   73.9   73.4   73.0   72.5   72.1
 1052  -163.1    1.2501    69.7   74.3   73.8   73.4   72.9   72.5   72.1
 1053  -171.0    1.2511    69.6   74.2   73.7   73.3   72.9   72.4   72.0
 1054  -179.0    1.2520    69.6   74.1   73.7   73.2   72.8   72.4   71.9
 1055  -187.0    1.2530    69.5   74.1   73.6   73.2   72.7   72.3   71.9
 1056  -195.0    1.2540    69.5   74.0   73.6   73.1   72.7   72.3   71.8
 1057  -203.0    1.2549    69.4   73.9   73.5   73.1   72.6   72.2   71.8
 1058  -210.9    1.2559    69.4   73.9   73.4   73.0   72.6   72.1   71.7
 1059  -218.9    1.2569    69.3   73.8   73.4   72.9   72.5   72.1   71.7
 1060  -226.8    1.2578    69.3   73.8   73.3   72.9   72.4   72.0   71.6
 1061  -234.8    1.2588    69.2   73.7   73.3   72.8   72.4   72.0   71.5
 1062  -242.7    1.2598    69.2   73.6   73.2   72.8   72.3   71.9   71.5
 1063  -250.7    1.2607    69.1   73.6   73.1   72.7   72.3   71.8   71.4
 1064  -258.6    1.2617    69.1   73.5   73.1   72.6   72.2   71.8   71.4
 1065  -266.5    1.2627    69.0   73.5   73.0   72.6   72.2   71.7   71.3
 1066  -274.4    1.2636    69.0   73.4   73.0   72.5   72.1   71.7   71.3
 1067  -282.4    1.2646    68.9   73.3   72.9   72.5   72.0   71.6   71.2
 1068  -290.3    1.2656    68.8   73.3   72.8   72.4   72.0   71.6   71.1
 1069  -298.2    1.2665    68.8   73.2   72.8   72.3   71.9   71.5   70.8
 1070  -306.0    1.2675    68.7   73.2   72.7   72.3   71.9   71.4   70.7
 1071  -313.9    1.2685    68.7   73.1   72.7   72.2   71.8   71.4   70.7
 1072  -321.8    1.2694    68.6   73.0   72.6   72.2   71.7   71.3   70.6
 1073  -329.7    1.2704    68.6   73.0   72.5   72.1   71.7   71.3   70.5
 1074  -337.6    1.2713    68.5   72.9   72.5   72.1   71.6   71.2   70.5
 1075  -345.4    1.2723    68.5   72.9   72.4   72.0   71.6   71.2   70.4
 1076  -353.3    1.2733    68.4   72.8   72.4   71.9   71.5   70.8   70.4
 1077  -361.1    1.2742    68.4   72.7   72.3   71.9   71.5   70.7   70.3
 1078  -369.0    1.2752    68.3   72.7   72.2   71.8   71.4   70.7   70.3
 1079  -376.8    1.2762    68.3   72.6   72.2   71.8   71.3   70.6   70.2
 1080  -384.6    1.2771    68.2   72.6   72.1   71.7   71.3   70.6   70.2
 1081  -392.5    1.2781    68.2   72.5   72.1   71.7   71.2   70.5   70.1
 1082  -400.3    1.2790    68.1   72.4   72.0   71.6   71.2   70.5   70.1
 1083  -408.1    1.2802    68.1   72.4   72.0   71.5   70.8   70.4   70.0
 1084  -415.9    1.2814    68.0   72.3   71.9   71.5   70.7   70.3   69.9
 1085  -423.7    1.2826    67.9   72.3   71.8   71.4   70.7   70.3   69.9
 1086  -431.4    1.2838    67.9   72.2   71.8   71.4   70.6   70.2   69.8
 1087  -439.2    1.2850    67.8   72.2   71.7   71.3   70.6   70.2   69.8
 1088  -447.0    1.2861    67.7   72.1   71.7   71.3   70.5   70.1   69.7
 1089  -454.7    1.2873    67.7   72.0   71.6   71.2   70.5   70.1   69.7
 1090  -462.5    1.2885    67.6   72.0   71.6   71.1   70.4   70.0   69.6
 1091  -470.2    1.2897    67.6   71.9   71.5   70.8   70.4   70.0   69.6
 1092  -477.9    1.2909    67.5   71.9   71.4   70.7   70.3   69.9   69.5
 1093  -485.7    1.2920    67.4   71.8   71.4   70.7   70.3   69.9   69.5
 1094  -493.4    1.2932    67.4   71.7   71.3   70.6   70.2   69.8   69.4
 1095  -501.1    1.2944    67.3   71.7   71.3   70.5   70.1   69.7   69.4
 1096  -508.8    1.2956    67.2   71.6   71.2   70.5   70.1   69.7   69.3
 1097  -516.5    1.2968    67.2   71.6   71.2   70.4   70.0   69.6   69.2
 1098  -524.2    1.2980    67.1   71.5   70.8   70.4   70.0   69.6   69.2
 1099  -531.8    1.2991    67.1   71.5   70.7   70.3   69.9   69.5   69.1
 1100  -539.5    1.3003    67.0   71.4   70.7   70.3   69.9   69.5   69.1
