0.0003 5.57
0.000325 5.65
0.00035 5.73
0.000375 5.81
0.0004 5.891
0.00045 6.052
0.0005 6.216
0.00055 6.3819
0.0006 6.5523
0.00065 6.724
0.0007 6.8979
0.0008 7.2481
0.0009 7.596
0.001 7.9383
0.0011 8.274
0.0012 8.6023
0.0013 8.9242
0.0014 9.2389
0.0015 9.5487
0.0016 9.8531
0.0017 10.1528
0.0018 10.4502
0.002 11.0279
0.00225 11.7443
0.0025 12.4464
0.00275 13.1329
0.003 13.8127
0.00325 14.4752
0.0035 15.1199
0.00375 15.7563
0.004 16.3742
0.0045 17.5635
0.005 18.6765
0.0055 19.7222
0.006 20.6799
0.0065 21.5694
0.007 22.3802
0.008 23.8048
0.009 25.0025
0.01 25.9924
0.011 26.824
0.012 27.5068
0.013 28.0606
0.014 28.5252
0.015 28.8905
0.016 29.1763
0.017 29.4025
0.018 29.5691
0.02 29.7633
0.0225 29.7973
0.025 29.6624
0.0275 29.4184
0.03 29.0949
0.0325 28.722
0.035 28.3194
0.0375 27.8972
0.04 27.4552
0.045 26.5818
0.05 25.719
0.055 24.8968
0.06 24.1048
0.065 23.4432
0.07 23.0117
0.08 21.8593
0.09 20.7375
0.1 19.7359
0.11 18.8647
0.12 18.0736
0.13 17.3527
0.14 16.7119
0.15 16.1212
0.16 15.5706
0.17 15.07
0.18 14.5995
0.2 13.7587
0.225 12.8478
0.25 12.0671
0.275 11.3765
0.3 10.7761
0.325 10.2356
0.35 9.75328
0.375 9.31696
0.4 8.92068
0.45 8.22922
0.5 7.64584
0.55 7.14752
0.6 6.71626
0.65 6.33903
0.7 6.00784
0.8 5.44952
0.9 4.99826
1.00 4.62506
1.10 4.31089
1.20 4.04275
1.30 3.80462
1.40 3.59152
1.50 3.40443
1.60 3.23935
1.70 3.09027
1.80 2.95721
2.00 2.7271
2.25 2.49299
2.50 2.3009
2.75 2.14182
3.00 2.00776
3.25 1.89271
3.50 1.79266
3.75 1.70562
4.00 1.62858
4.50 1.49852
5.00 1.39348
5.50 1.30644
6.00 1.2334
6.50 1.17037
7.00 1.11735
8.00 1.02931
9.00 0.960278
10.00 0.905052
11.00 0.859731
12.00 0.822013
13.00 0.790198
14.00 0.762985
15.00 0.739474
16.00 0.718963
17.00 0.701055
18.00 0.685247
20.00 0.658633
22.50 0.632519
25.00 0.612208
27.50 0.596099
30.00 0.583091
32.50 0.572485
35.00 0.563779
37.50 0.556474
40.00 0.55047
45.00 0.541063
50.00 0.534357
55.00 0.529452
60.00 0.525948
65.00 0.523545
70.00 0.521842
80.00 0.520037
90.00 0.519633
100.00 0.52013
110.00 0.521127
120.00 0.522625
130.00 0.524223
140.00 0.526022
150.00 0.52792
160.00 0.529919
170.00 0.531818
180.00 0.533817
200.00 0.537716
225.00 0.542314
250.00 0.546813
