0.00025 3.4186
0.000275 3.5178
0.0003 3.6209
0.000325 3.7239
0.00035 3.8289
0.000375 3.9332
0.0004 4.0394
0.00045 4.2537
0.0005 4.4694
0.00055 4.6858
0.0006 4.9026
0.00065 5.1171
0.0007 5.3295
0.0008 5.7464
0.0009 6.1532
0.001 6.5483
0.0011 6.9333
0.0012 7.3094
0.0013 7.6769
0.0014 8.0375
0.0015 8.3907
0.0016 8.7382
0.0017 9.0789
0.0018 9.4146
0.002 10.0674
0.00225 10.8546
0.0025 11.6008
0.00275 12.3191
0.003 12.9992
0.00325 13.6306
0.0035 14.2331
0.00375 14.8065
0.004 15.3306
0.0045 16.2806
0.005 17.1023
0.0055 17.8054
0.006 18.4096
0.0065 18.9245
0.007 19.3701
0.008 20.0528
0.009 20.5369
0.01 20.8722
0.011 21.0982
0.012 21.2248
0.013 21.2719
0.014 21.2693
0.015 21.2171
0.016 21.1251
0.017 21.0034
0.018 20.8618
0.02 20.5291
0.0225 20.0563
0.025 19.554
0.0275 19.0421
0.03 18.5405
0.0325 18.0492
0.035 17.568
0.0375 17.1069
0.04 16.666
0.045 15.8545
0.05 15.2232
0.055 14.7121
0.06 14.1212
0.065 13.5605
0.07 13.0498
0.08 12.1487
0.09 11.3879
0.1 10.7272
0.11 10.1466
0.12 9.63612
0.13 9.1807
0.14 8.77034
0.15 8.39802
0.16 8.05974
0.17 7.7505
0.18 7.46627
0.2 6.95989
0.225 6.4235
0.25 5.96919
0.275 5.57993
0.3 5.24271
0.325 4.94652
0.35 4.68436
0.375 4.45222
0.4 4.24309
0.45 3.88288
0.5 3.58271
0.55 3.32857
0.6 3.10745
0.65 2.91335
0.7 2.74026
0.8 2.45712
0.9 2.23401
1.00 2.05192
1.10 1.90084
1.20 1.77278
1.30 1.66272
1.40 1.56767
1.50 1.48463
1.60 1.4106
1.70 1.34556
1.80 1.28654
2.00 1.18549
2.25 1.08344
2.50 1.0014
2.75 0.932464
3.00 0.874936
3.25 0.825812
3.50 0.783392
3.75 0.746374
4.00 0.713858
4.50 0.659232
5.00 0.61531
5.50 0.579093
6.00 0.548778
6.50 0.523065
7.00 0.500954
8.00 0.465036
9.00 0.437122
10.00 0.414811
11.00 0.396702
12.00 0.381694
13.00 0.369087
14.00 0.358481
15.00 0.349276
16.00 0.341372
17.00 0.334568
18.00 0.328464
20.00 0.318458
22.50 0.308852
25.00 0.301548
27.50 0.295843
30.00 0.29134
32.50 0.287737
35.00 0.284935
37.50 0.282633
40.00 0.280831
45.00 0.278228
50.00 0.276525
55.00 0.275423
60.00 0.274921
65.00 0.27472
70.00 0.274718
80.00 0.275216
90.00 0.276214
100.00 0.277313
110.00 0.278612
120.00 0.280011
130.00 0.28131
140.00 0.28271
150.00 0.284009
160.00 0.285408
170.00 0.286708
180.00 0.287908
200.00 0.290307
