0.0002 3.6118
0.000225 3.788
0.00025 3.9491
0.000275 4.0977
0.0003 4.2349
0.000325 4.364
0.00035 4.4865
0.000375 4.603
0.0004 4.7151
0.00045 4.9284
0.0005 5.1309
0.00055 5.3247
0.0006 5.511
0.00065 5.6933
0.0007 5.8712
0.0008 6.2189
0.0009 6.5605
0.001 6.8989
0.0011 7.2344
0.0012 7.5675
0.0013 7.898
0.0014 8.2256
0.0015 8.5479
0.0016 8.8651
0.0017 9.1778
0.0018 9.482
0.002 10.0707
0.00225 10.7562
0.0025 11.3892
0.00275 11.9634
0.003 12.4684
0.00325 12.924
0.0035 13.3303
0.00375 13.677
0.004 13.984
0.0045 14.469
0.005 14.8249
0.0055 15.0715
0.006 15.2286
0.0065 15.3361
0.007 15.3839
0.008 15.3703
0.009 15.2675
0.01 15.0951
0.011 14.8932
0.012 14.6715
0.013 14.4301
0.014 14.1889
0.015 13.9478
0.016 13.7068
0.017 13.466
0.018 13.2352
0.02 12.7939
0.0225 12.2925
0.025 11.8215
0.0275 11.3905
0.03 10.9998
0.0325 10.6291
0.035 10.2985
0.0375 9.98105
0.04 9.7816
0.045 9.35586
0.05 8.88325
0.055 8.46275
0.06 8.08533
0.065 7.74297
0.07 7.42965
0.08 6.87613
0.09 6.39872
0.1 5.98139
0.11 5.61212
0.12 5.28288
0.13 4.98768
0.14 4.72151
0.15 4.48136
0.16 4.26223
0.17 4.06311
0.18 3.88101
0.2 3.56083
0.225 3.22964
0.25 2.95649
0.275 2.72937
0.3 2.53927
0.325 2.37818
0.35 2.2401
0.375 2.12104
0.4 2.01598
0.45 1.84188
0.5 1.6978
0.55 1.57473
0.6 1.46568
0.65 1.37263
0.7 1.29259
0.8 1.15952
0.9 1.05447
1.00 0.968226
1.10 0.897091
1.20 0.837061
1.30 0.785736
1.40 0.741314
1.50 0.702495
1.60 0.668178
1.70 0.637763
1.80 0.610549
2.00 0.563826
2.25 0.516603
2.50 0.478384
2.75 0.446869
3.00 0.420356
3.25 0.397745
3.50 0.378335
3.75 0.361427
4.00 0.34652
4.50 0.321607
5.00 0.301597
5.50 0.285189
6.00 0.271482
6.50 0.259876
7.00 0.249971
8.00 0.233863
9.00 0.221457
10.00 0.211651
11.00 0.203747
12.00 0.197143
13.00 0.19174
14.00 0.187138
15.00 0.183235
16.00 0.179933
17.00 0.177031
18.00 0.17453
20.00 0.170427
22.50 0.166524
25.00 0.163722
27.50 0.16152
30.00 0.159918
32.50 0.158717
35.00 0.157716
37.50 0.157015
40.00 0.156514
45.00 0.155813
50.00 0.155611
55.00 0.15561
60.00 0.15571
65.00 0.156009
70.00 0.156308
80.00 0.157107
90.00 0.158107
