# SCIN  xmin =   3.0000E-02 norm= 1
 # norm=1: /r.l, 2: mb/ingredient, 3: /(g/cm2), 4:/cm, 5: area norm 
#  Ee- masele, tprob*NC, tprob, NC 
   0.1000        3.713        873.6       4.2506E-03
   0.1023        3.716        874.3       4.2506E-03
   0.1047        3.720        875.1       4.2506E-03
   0.1072        3.723        875.8       4.2506E-03
   0.1096        3.726        876.6       4.2506E-03
   0.1122        3.729        877.3       4.2506E-03
   0.1148        3.732        878.0       4.2506E-03
   0.1175        3.735        878.7       4.2506E-03
   0.1202        3.738        879.4       4.2506E-03
   0.1230        3.741        880.1       4.2506E-03
   0.1259        3.744        880.8       4.2506E-03
   0.1288        3.747        881.5       4.2506E-03
   0.1318        3.750        882.1       4.2506E-03
   0.1349        3.752        882.8       4.2506E-03
   0.1380        3.755        883.4       4.2506E-03
   0.1413        3.758        884.1       4.2506E-03
   0.1445        3.761        884.7       4.2506E-03
   0.1479        3.763        885.3       4.2506E-03
   0.1514        3.766        886.0       4.2506E-03
   0.1549        3.768        886.6       4.2506E-03
   0.1585        3.771        887.2       4.2506E-03
   0.1622        3.773        887.8       4.2506E-03
   0.1660        3.776        888.3       4.2506E-03
   0.1698        3.778        888.9       4.2506E-03
   0.1738        3.781        889.5       4.2506E-03
   0.1778        3.783        890.0       4.2506E-03
   0.1820        3.786        890.6       4.2506E-03
   0.1862        3.788        891.1       4.2506E-03
   0.1905        3.790        891.7       4.2506E-03
   0.1950        3.792        892.2       4.2506E-03
   0.1995        3.795        892.7       4.2506E-03
   0.2042        3.797        893.3       4.2506E-03
   0.2089        3.799        893.8       4.2506E-03
   0.2138        3.801        894.3       4.2506E-03
   0.2188        3.803        894.8       4.2506E-03
   0.2239        3.805        895.3       4.2506E-03
   0.2291        3.807        895.7       4.2506E-03
   0.2344        3.809        896.2       4.2506E-03
   0.2399        3.811        896.7       4.2506E-03
   0.2455        3.813        897.2       4.2506E-03
   0.2512        3.815        897.6       4.2506E-03
   0.2570        3.817        898.1       4.2506E-03
   0.2630        3.819        898.5       4.2506E-03
   0.2692        3.821        898.9       4.2506E-03
   0.2754        3.823        899.4       4.2506E-03
   0.2818        3.825        899.8       4.2506E-03
   0.2884        3.826        900.2       4.2506E-03
   0.2951        3.828        900.6       4.2506E-03
   0.3020        3.830        901.0       4.2506E-03
   0.3090        3.832        901.4       4.2506E-03
   0.3162        3.833        901.8       4.2506E-03
   0.3236        3.835        902.2       4.2506E-03
   0.3311        3.837        902.6       4.2506E-03
   0.3388        3.838        903.0       4.2506E-03
   0.3467        3.840        903.4       4.2506E-03
   0.3548        3.841        903.7       4.2506E-03
   0.3631        3.843        904.1       4.2506E-03
   0.3715        3.844        904.5       4.2506E-03
   0.3802        3.846        904.8       4.2506E-03
   0.3890        3.847        905.2       4.2506E-03
   0.3981        3.849        905.5       4.2506E-03
   0.4074        3.850        905.8       4.2506E-03
   0.4169        3.852        906.2       4.2506E-03
   0.4266        3.853        906.5       4.2506E-03
   0.4365        3.855        906.8       4.2506E-03
   0.4467        3.856        907.1       4.2506E-03
   0.4571        3.857        907.5       4.2506E-03
   0.4677        3.859        907.8       4.2506E-03
   0.4786        3.860        908.1       4.2506E-03
   0.4898        3.861        908.4       4.2506E-03
   0.5012        3.862        908.7       4.2506E-03
   0.5129        3.864        908.9       4.2506E-03
   0.5248        3.865        909.2       4.2506E-03
   0.5370        3.866        909.5       4.2506E-03
   0.5495        3.867        909.8       4.2506E-03
   0.5623        3.868        910.1       4.2506E-03
   0.5754        3.869        910.3       4.2506E-03
   0.5888        3.871        910.6       4.2506E-03
   0.6026        3.872        910.9       4.2506E-03
   0.6166        3.873        911.1       4.2506E-03
   0.6310        3.874        911.4       4.2506E-03
   0.6457        3.875        911.6       4.2506E-03
   0.6607        3.876        911.9       4.2506E-03
   0.6761        3.877        912.1       4.2506E-03
   0.6918        3.878        912.3       4.2506E-03
   0.7079        3.879        912.6       4.2506E-03
   0.7244        3.880        912.8       4.2506E-03
   0.7413        3.881        913.0       4.2506E-03
   0.7586        3.882        913.2       4.2506E-03
   0.7762        3.883        913.5       4.2506E-03
   0.7943        3.884        913.7       4.2506E-03
   0.8128        3.885        913.9       4.2506E-03
   0.8318        3.885        914.1       4.2506E-03
   0.8511        3.886        914.3       4.2506E-03
   0.8710        3.887        914.5       4.2506E-03
   0.8913        3.888        914.7       4.2506E-03
   0.9120        3.889        914.9       4.2506E-03
   0.9333        3.890        915.1       4.2506E-03
   0.9550        3.890        915.3       4.2506E-03
   0.9772        3.891        915.5       4.2506E-03
    1.000        3.892        915.6       4.2506E-03
    1.023        3.893        915.8       4.2506E-03
    1.047        3.894        916.0       4.2506E-03
    1.072        3.894        916.2       4.2506E-03
    1.096        3.895        916.3       4.2506E-03
    1.122        3.896        916.5       4.2506E-03
    1.148        3.896        916.7       4.2506E-03
    1.175        3.897        916.8       4.2506E-03
    1.202        3.898        917.0       4.2506E-03
    1.230        3.898        917.2       4.2506E-03
    1.259        3.899        917.3       4.2506E-03
    1.288        3.900        917.5       4.2506E-03
    1.318        3.900        917.6       4.2506E-03
    1.349        3.901        917.8       4.2506E-03
    1.380        3.902        917.9       4.2506E-03
    1.413        3.902        918.1       4.2506E-03
    1.445        3.903        918.2       4.2506E-03
    1.479        3.903        918.3       4.2506E-03
    1.514        3.904        918.5       4.2506E-03
    1.549        3.905        918.6       4.2506E-03
    1.585        3.905        918.7       4.2506E-03
    1.622        3.906        918.9       4.2506E-03
    1.660        3.906        919.0       4.2506E-03
    1.698        3.907        919.1       4.2506E-03
    1.738        3.907        919.2       4.2506E-03
    1.778        3.908        919.3       4.2506E-03
    1.820        3.908        919.5       4.2506E-03
    1.862        3.909        919.6       4.2506E-03
    1.905        3.909        919.7       4.2506E-03
    1.950        3.910        919.8       4.2506E-03
    1.995        3.910        919.9       4.2506E-03
    2.042        3.911        920.0       4.2506E-03
    2.089        3.911        920.1       4.2506E-03
    2.138        3.912        920.2       4.2506E-03
    2.188        3.912        920.3       4.2506E-03
    2.239        3.912        920.4       4.2506E-03
    2.291        3.913        920.5       4.2506E-03
    2.344        3.913        920.6       4.2506E-03
    2.399        3.914        920.7       4.2506E-03
    2.455        3.914        920.8       4.2506E-03
    2.512        3.914        920.9       4.2506E-03
    2.570        3.915        921.0       4.2506E-03
    2.630        3.915        921.1       4.2506E-03
    2.692        3.916        921.2       4.2506E-03
    2.754        3.916        921.3       4.2506E-03
    2.818        3.916        921.3       4.2506E-03
    2.884        3.917        921.4       4.2506E-03
    2.951        3.917        921.5       4.2506E-03
    3.020        3.917        921.6       4.2506E-03
    3.090        3.918        921.7       4.2506E-03
    3.162        3.918        921.7       4.2506E-03
    3.236        3.918        921.8       4.2506E-03
    3.311        3.919        921.9       4.2506E-03
    3.388        3.919        922.0       4.2506E-03
    3.467        3.919        922.0       4.2506E-03
    3.548        3.919        922.1       4.2506E-03
    3.631        3.920        922.2       4.2506E-03
    3.715        3.920        922.2       4.2506E-03
    3.802        3.920        922.3       4.2506E-03
    3.890        3.921        922.4       4.2506E-03
    3.981        3.921        922.4       4.2506E-03
    4.074        3.921        922.5       4.2506E-03
    4.169        3.921        922.6       4.2506E-03
    4.266        3.922        922.6       4.2506E-03
    4.365        3.922        922.7       4.2506E-03
    4.467        3.922        922.7       4.2506E-03
    4.571        3.922        922.8       4.2506E-03
    4.677        3.923        922.8       4.2506E-03
    4.786        3.923        922.9       4.2506E-03
    4.898        3.923        923.0       4.2506E-03
    5.012        3.923        923.0       4.2506E-03
    5.129        3.924        923.1       4.2506E-03
    5.248        3.924        923.1       4.2506E-03
    5.370        3.924        923.2       4.2506E-03
    5.495        3.924        923.2       4.2506E-03
    5.623        3.924        923.3       4.2506E-03
    5.754        3.925        923.3       4.2506E-03
    5.888        3.925        923.3       4.2506E-03
    6.026        3.925        923.4       4.2506E-03
    6.166        3.925        923.4       4.2506E-03
    6.310        3.925        923.5       4.2506E-03
    6.457        3.926        923.5       4.2506E-03
    6.607        3.926        923.6       4.2506E-03
    6.761        3.926        923.6       4.2506E-03
    6.918        3.926        923.6       4.2506E-03
    7.079        3.926        923.7       4.2506E-03
    7.244        3.926        923.7       4.2506E-03
    7.413        3.927        923.8       4.2506E-03
    7.586        3.927        923.8       4.2506E-03
    7.762        3.927        923.8       4.2506E-03
    7.943        3.927        923.9       4.2506E-03
    8.128        3.927        923.9       4.2506E-03
    8.318        3.927        923.9       4.2506E-03
    8.511        3.927        924.0       4.2506E-03
    8.710        3.928        924.0       4.2506E-03
    8.913        3.928        924.0       4.2506E-03
    9.120        3.928        924.1       4.2506E-03
    9.333        3.928        924.1       4.2506E-03
    9.550        3.928        924.1       4.2506E-03
    9.772        3.928        924.2       4.2506E-03
    10.00        3.928        924.2       4.2506E-03
    10.23        3.934        925.6       4.2506E-03
    10.47        3.934        925.6       4.2506E-03
    10.72        3.934        925.6       4.2506E-03
    10.96        3.934        925.6       4.2506E-03
    11.22        3.934        925.6       4.2506E-03
    11.48        3.934        925.6       4.2506E-03
    11.75        3.934        925.6       4.2506E-03
    12.02        3.934        925.6       4.2506E-03
    12.30        3.934        925.6       4.2506E-03
    12.59        3.934        925.6       4.2506E-03
    12.88        3.934        925.6       4.2506E-03
    13.18        3.934        925.6       4.2506E-03
    13.49        3.934        925.6       4.2506E-03
    13.80        3.934        925.6       4.2506E-03
    14.13        3.934        925.6       4.2506E-03
    14.45        3.934        925.6       4.2506E-03
    14.79        3.934        925.6       4.2506E-03
    15.14        3.934        925.6       4.2506E-03
    15.49        3.934        925.6       4.2506E-03
    15.85        3.934        925.6       4.2506E-03
    16.22        3.934        925.6       4.2506E-03
    16.60        3.934        925.6       4.2506E-03
    16.98        3.934        925.6       4.2506E-03
    17.38        3.934        925.6       4.2506E-03
    17.78        3.934        925.6       4.2506E-03
    18.20        3.934        925.6       4.2506E-03
    18.62        3.934        925.6       4.2506E-03
    19.05        3.934        925.6       4.2506E-03
    19.50        3.934        925.6       4.2506E-03
    19.95        3.934        925.6       4.2506E-03
    20.42        3.934        925.6       4.2506E-03
    20.89        3.934        925.6       4.2506E-03
    21.38        3.934        925.6       4.2506E-03
    21.88        3.934        925.6       4.2506E-03
    22.39        3.934        925.6       4.2506E-03
    22.91        3.934        925.6       4.2506E-03
    23.44        3.934        925.6       4.2506E-03
    23.99        3.934        925.6       4.2506E-03
    24.55        3.934        925.6       4.2506E-03
    25.12        3.934        925.6       4.2506E-03
    25.70        3.934        925.6       4.2506E-03
    26.30        3.934        925.6       4.2506E-03
    26.92        3.934        925.6       4.2506E-03
    27.54        3.934        925.6       4.2506E-03
    28.18        3.934        925.6       4.2506E-03
    28.84        3.934        925.6       4.2506E-03
    29.51        3.934        925.6       4.2506E-03
    30.20        3.934        925.6       4.2506E-03
    30.90        3.934        925.6       4.2506E-03
    31.62        3.934        925.6       4.2506E-03
    32.36        3.934        925.6       4.2506E-03
    33.11        3.934        925.6       4.2506E-03
    33.88        3.934        925.6       4.2506E-03
    34.67        3.934        925.6       4.2506E-03
    35.48        3.934        925.6       4.2506E-03
    36.31        3.934        925.6       4.2506E-03
    37.15        3.934        925.6       4.2506E-03
    38.02        3.934        925.6       4.2506E-03
    38.90        3.901        917.7       4.2506E-03
    39.81        3.901        917.7       4.2506E-03
    40.74        3.901        917.7       4.2506E-03
    41.69        3.901        917.7       4.2506E-03
    42.66        3.901        917.7       4.2506E-03
    43.65        3.901        917.7       4.2506E-03
    44.67        3.901        917.7       4.2506E-03
    45.71        3.901        917.7       4.2506E-03
    46.77        3.901        917.7       4.2506E-03
    47.86        3.901        917.7       4.2506E-03
    48.98        3.901        917.7       4.2506E-03
    50.12        3.901        917.7       4.2506E-03
    51.29        3.901        917.7       4.2506E-03
    52.48        3.901        917.7       4.2506E-03
    53.70        3.901        917.7       4.2506E-03
    54.95        3.901        917.7       4.2506E-03
    56.23        3.901        917.7       4.2506E-03
    57.54        3.901        917.7       4.2506E-03
    58.88        3.901        917.7       4.2506E-03
    60.26        3.901        917.7       4.2506E-03
    61.66        3.901        917.7       4.2506E-03
    63.10        3.901        917.7       4.2506E-03
    64.57        3.901        917.7       4.2506E-03
    66.07        3.901        917.7       4.2506E-03
    67.61        3.901        917.7       4.2506E-03
    69.18        3.901        917.7       4.2506E-03
    70.79        3.901        917.7       4.2506E-03
    72.44        3.901        917.7       4.2506E-03
    74.13        3.901        917.7       4.2506E-03
    75.86        3.901        917.7       4.2506E-03
    77.62        3.901        917.7       4.2506E-03
    79.43        3.901        917.7       4.2506E-03
    81.28        3.901        917.7       4.2506E-03
    83.18        3.901        917.7       4.2506E-03
    85.11        3.901        917.7       4.2506E-03
    87.10        3.901        917.7       4.2506E-03
    89.13        3.901        917.7       4.2506E-03
    91.20        3.901        917.7       4.2506E-03
    93.33        3.901        917.7       4.2506E-03
    95.50        3.901        917.7       4.2506E-03
    97.72        3.901        917.7       4.2506E-03
    100.0        3.901        917.7       4.2506E-03
    102.3        3.901        917.7       4.2506E-03
    104.7        3.901        917.7       4.2506E-03
    107.2        3.901        917.7       4.2506E-03
    109.6        3.901        917.7       4.2506E-03
    112.2        3.901        917.7       4.2506E-03
    114.8        3.901        917.7       4.2506E-03
    117.5        3.901        917.7       4.2506E-03
    120.2        3.901        917.7       4.2506E-03
    123.0        3.901        917.7       4.2506E-03
    125.9        3.901        917.7       4.2506E-03
    128.8        3.901        917.7       4.2506E-03
    131.8        3.901        917.7       4.2506E-03
    134.9        3.901        917.7       4.2506E-03
    138.0        3.901        917.7       4.2506E-03
    141.3        3.901        917.7       4.2506E-03
    144.5        3.901        917.7       4.2506E-03
    147.9        3.901        917.7       4.2506E-03
    151.4        3.901        917.7       4.2506E-03
    154.9        3.901        917.7       4.2506E-03
    158.5        3.901        917.7       4.2506E-03
    162.2        3.901        917.7       4.2506E-03
    166.0        3.901        917.7       4.2506E-03
    169.8        3.901        917.7       4.2506E-03
    173.8        3.901        917.7       4.2506E-03
    177.8        3.901        917.7       4.2506E-03
    182.0        3.901        917.7       4.2506E-03
    186.2        3.901        917.7       4.2506E-03
    190.5        3.901        917.7       4.2506E-03
    195.0        3.901        917.7       4.2506E-03
    199.5        3.901        917.7       4.2506E-03
    204.2        3.901        917.7       4.2506E-03
    208.9        3.901        917.7       4.2506E-03
    213.8        3.901        917.7       4.2506E-03
    218.8        3.901        917.7       4.2506E-03
    223.9        3.901        917.7       4.2506E-03
    229.1        3.901        917.7       4.2506E-03
    234.4        3.901        917.7       4.2506E-03
    239.9        3.901        917.7       4.2506E-03
    245.5        3.901        917.7       4.2506E-03
    251.2        3.901        917.7       4.2506E-03
    257.0        3.901        917.7       4.2506E-03
    263.0        3.901        917.7       4.2506E-03
    269.2        3.901        917.7       4.2506E-03
    275.4        3.901        917.7       4.2506E-03
    281.8        3.901        917.7       4.2506E-03
    288.4        3.901        917.7       4.2506E-03
    295.1        3.901        917.7       4.2506E-03
    302.0        3.901        917.7       4.2506E-03
    309.0        3.901        917.7       4.2506E-03
    316.2        3.901        917.7       4.2506E-03
    323.6        3.901        917.7       4.2506E-03
    331.1        3.901        917.7       4.2506E-03
    338.8        3.901        917.7       4.2506E-03
    346.7        3.901        917.7       4.2506E-03
    354.8        3.901        917.7       4.2506E-03
    363.1        3.901        917.7       4.2506E-03
    371.5        3.901        917.7       4.2506E-03
    380.2        3.901        917.7       4.2506E-03
    389.0        3.901        917.7       4.2506E-03
    398.1        3.901        917.7       4.2506E-03
    407.4        3.901        917.7       4.2506E-03
    416.9        3.901        917.7       4.2506E-03
    426.6        3.901        917.7       4.2506E-03
    436.5        3.901        917.7       4.2506E-03
    446.7        3.901        917.7       4.2506E-03
    457.1        3.901        917.7       4.2506E-03
    467.7        3.901        917.7       4.2506E-03
    478.6        3.901        917.7       4.2506E-03
    489.8        3.901        917.7       4.2506E-03
    501.2        3.901        917.7       4.2506E-03
    512.9        3.901        917.7       4.2506E-03
    524.8        3.901        917.7       4.2506E-03
    537.0        3.901        917.7       4.2506E-03
    549.5        3.901        917.7       4.2506E-03
    562.3        3.901        917.7       4.2506E-03
    575.4        3.901        917.7       4.2506E-03
    588.8        3.901        917.7       4.2506E-03
    602.6        3.901        917.7       4.2506E-03
    616.6        3.901        917.7       4.2506E-03
    631.0        3.901        917.7       4.2506E-03
    645.7        3.901        917.7       4.2506E-03
    660.7        3.901        917.7       4.2506E-03
    676.1        3.901        917.7       4.2506E-03
    691.8        3.901        917.7       4.2506E-03
    707.9        3.901        917.7       4.2506E-03
    724.4        3.901        917.7       4.2506E-03
    741.3        3.901        917.7       4.2506E-03
    758.6        3.901        917.7       4.2506E-03
    776.2        3.901        917.7       4.2506E-03
    794.3        3.901        917.7       4.2506E-03
    812.8        3.901        917.7       4.2506E-03
    831.8        3.901        917.7       4.2506E-03
    851.1        3.901        917.7       4.2506E-03
    871.0        3.901        917.7       4.2506E-03
    891.3        3.901        917.7       4.2506E-03
    912.0        3.901        917.7       4.2506E-03
    933.3        3.901        917.7       4.2506E-03
    955.0        3.901        917.7       4.2506E-03
    977.2        3.901        917.7       4.2506E-03
    1000.        3.901        917.7       4.2506E-03
    1023.        3.901        917.7       4.2506E-03
    1047.        3.901        917.7       4.2506E-03
    1072.        3.901        917.7       4.2506E-03
    1096.        3.901        917.7       4.2506E-03
    1122.        3.901        917.7       4.2506E-03
    1148.        3.901        917.7       4.2506E-03
    1175.        3.901        917.7       4.2506E-03
    1202.        3.901        917.7       4.2506E-03
    1230.        3.901        917.7       4.2506E-03
    1259.        3.901        917.7       4.2506E-03
    1288.        3.901        917.7       4.2506E-03
    1318.        3.901        917.6       4.2506E-03
    1349.        3.900        917.5       4.2506E-03
    1380.        3.900        917.6       4.2506E-03
    1413.        3.900        917.4       4.2506E-03
    1445.        3.900        917.5       4.2506E-03
    1479.        3.899        917.4       4.2506E-03
    1514.        3.899        917.4       4.2506E-03
    1549.        3.900        917.4       4.2506E-03
    1585.        3.899        917.3       4.2506E-03
    1622.        3.899        917.4       4.2506E-03
    1660.        3.900        917.4       4.2506E-03
    1698.        3.899        917.3       4.2506E-03
    1738.        3.899        917.4       4.2506E-03
    1778.        3.899        917.3       4.2506E-03
    1820.        3.899        917.4       4.2506E-03
    1862.        3.900        917.4       4.2506E-03
    1905.        3.899        917.4       4.2506E-03
    1950.        3.900        917.5       4.2506E-03
    1995.        3.899        917.4       4.2506E-03
    2042.        3.900        917.5       4.2506E-03
    2089.        3.900        917.6       4.2506E-03
    2138.        3.900        917.5       4.2506E-03
    2188.        3.901        917.6       4.2506E-03
    2239.        3.901        917.6       4.2506E-03
    2291.        3.901        917.7       4.2506E-03
    2344.        3.901        917.7       4.2506E-03
    2399.        3.901        917.8       4.2506E-03
    2455.        3.901        917.8       4.2506E-03
    2512.        3.901        917.8       4.2506E-03
    2570.        3.902        918.0       4.2506E-03
    2630.        3.901        917.8       4.2506E-03
    2692.        3.902        917.9       4.2506E-03
    2754.        3.902        918.0       4.2506E-03
    2818.        3.903        918.2       4.2506E-03
    2884.        3.903        918.3       4.2506E-03
    2951.        3.902        918.0       4.2506E-03
    3020.        3.903        918.1       4.2506E-03
    3090.        3.903        918.3       4.2506E-03
    3162.        3.904        918.4       4.2506E-03
    3236.        3.904        918.5       4.2506E-03
    3311.        3.904        918.6       4.2506E-03
    3388.        3.903        918.3       4.2506E-03
    3467.        3.904        918.4       4.2506E-03
    3548.        3.904        918.5       4.2506E-03
    3631.        3.905        918.6       4.2506E-03
    3715.        3.905        918.7       4.2506E-03
    3802.        3.905        918.8       4.2506E-03
    3890.        3.906        918.8       4.2506E-03
    3981.        3.904        918.5       4.2506E-03
    4074.        3.905        918.6       4.2506E-03
    4169.        3.905        918.7       4.2506E-03
    4266.        3.905        918.7       4.2506E-03
    4365.        3.905        918.8       4.2506E-03
    4467.        3.906        918.9       4.2506E-03
    4571.        3.906        918.9       4.2506E-03
    4677.        3.904        918.6       4.2506E-03
    4786.        3.905        918.6       4.2506E-03
    4898.        3.905        918.6       4.2506E-03
    5012.        3.905        918.7       4.2506E-03
    5129.        3.905        918.7       4.2506E-03
    5248.        3.905        918.7       4.2506E-03
    5370.        3.903        918.3       4.2506E-03
    5495.        3.903        918.3       4.2506E-03
    5623.        3.903        918.3       4.2506E-03
    5754.        3.903        918.3       4.2506E-03
    5888.        3.903        918.2       4.2506E-03
    6026.        3.903        918.2       4.2506E-03
    6166.        3.903        918.1       4.2506E-03
    6310.        3.901        917.8       4.2506E-03
    6457.        3.901        917.7       4.2506E-03
    6607.        3.900        917.6       4.2506E-03
    6761.        3.900        917.5       4.2506E-03
    6918.        3.899        917.4       4.2506E-03
    7079.        3.898        917.0       4.2506E-03
    7244.        3.897        916.9       4.2506E-03
    7413.        3.897        916.7       4.2506E-03
    7586.        3.896        916.6       4.2506E-03
    7762.        3.895        916.4       4.2506E-03
    7943.        3.894        916.2       4.2506E-03
    8128.        3.893        915.8       4.2506E-03
    8318.        3.892        915.6       4.2506E-03
    8511.        3.891        915.3       4.2506E-03
    8710.        3.890        915.1       4.2506E-03
    8913.        3.888        914.6       4.2506E-03
    9120.        3.887        914.4       4.2506E-03
    9333.        3.885        914.1       4.2506E-03
    9550.        3.884        913.8       4.2506E-03
    9772.        3.882        913.3       4.2506E-03
   1.0000E+04    3.881        913.0       4.2506E-03
