# SCIN  xmin =   1.0000E-03 norm= 1
 # norm=1: /r.l, 2: mb/ingredient, 3: /(g/cm2), 4:/cm, 5: area norm 
#  Ee- masele, tprob*NC, tprob, NC 
   0.1000        8.280        1948.       4.2506E-03
   0.1023        8.284        1949.       4.2506E-03
   0.1047        8.287        1950.       4.2506E-03
   0.1072        8.290        1950.       4.2506E-03
   0.1096        8.294        1951.       4.2506E-03
   0.1122        8.297        1952.       4.2506E-03
   0.1148        8.300        1953.       4.2506E-03
   0.1175        8.303        1953.       4.2506E-03
   0.1202        8.306        1954.       4.2506E-03
   0.1230        8.309        1955.       4.2506E-03
   0.1259        8.312        1956.       4.2506E-03
   0.1288        8.315        1956.       4.2506E-03
   0.1318        8.318        1957.       4.2506E-03
   0.1349        8.321        1958.       4.2506E-03
   0.1380        8.324        1958.       4.2506E-03
   0.1413        8.327        1959.       4.2506E-03
   0.1445        8.330        1960.       4.2506E-03
   0.1479        8.332        1960.       4.2506E-03
   0.1514        8.335        1961.       4.2506E-03
   0.1549        8.338        1962.       4.2506E-03
   0.1585        8.340        1962.       4.2506E-03
   0.1622        8.343        1963.       4.2506E-03
   0.1660        8.346        1963.       4.2506E-03
   0.1698        8.348        1964.       4.2506E-03
   0.1738        8.351        1965.       4.2506E-03
   0.1778        8.353        1965.       4.2506E-03
   0.1820        8.356        1966.       4.2506E-03
   0.1862        8.358        1966.       4.2506E-03
   0.1905        8.360        1967.       4.2506E-03
   0.1950        8.363        1967.       4.2506E-03
   0.1995        8.365        1968.       4.2506E-03
   0.2042        8.367        1968.       4.2506E-03
   0.2089        8.370        1969.       4.2506E-03
   0.2138        8.372        1970.       4.2506E-03
   0.2188        8.374        1970.       4.2506E-03
   0.2239        8.376        1971.       4.2506E-03
   0.2291        8.378        1971.       4.2506E-03
   0.2344        8.380        1972.       4.2506E-03
   0.2399        8.382        1972.       4.2506E-03
   0.2455        8.384        1973.       4.2506E-03
   0.2512        8.386        1973.       4.2506E-03
   0.2570        8.388        1973.       4.2506E-03
   0.2630        8.390        1974.       4.2506E-03
   0.2692        8.392        1974.       4.2506E-03
   0.2754        8.394        1975.       4.2506E-03
   0.2818        8.396        1975.       4.2506E-03
   0.2884        8.398        1976.       4.2506E-03
   0.2951        8.400        1976.       4.2506E-03
   0.3020        8.401        1977.       4.2506E-03
   0.3090        8.403        1977.       4.2506E-03
   0.3162        8.405        1977.       4.2506E-03
   0.3236        8.407        1978.       4.2506E-03
   0.3311        8.408        1978.       4.2506E-03
   0.3388        8.410        1979.       4.2506E-03
   0.3467        8.412        1979.       4.2506E-03
   0.3548        8.413        1979.       4.2506E-03
   0.3631        8.415        1980.       4.2506E-03
   0.3715        8.416        1980.       4.2506E-03
   0.3802        8.418        1980.       4.2506E-03
   0.3890        8.419        1981.       4.2506E-03
   0.3981        8.421        1981.       4.2506E-03
   0.4074        8.422        1981.       4.2506E-03
   0.4169        8.424        1982.       4.2506E-03
   0.4266        8.425        1982.       4.2506E-03
   0.4365        8.427        1982.       4.2506E-03
   0.4467        8.428        1983.       4.2506E-03
   0.4571        8.429        1983.       4.2506E-03
   0.4677        8.431        1983.       4.2506E-03
   0.4786        8.432        1984.       4.2506E-03
   0.4898        8.433        1984.       4.2506E-03
   0.5012        8.435        1984.       4.2506E-03
   0.5129        8.436        1985.       4.2506E-03
   0.5248        8.437        1985.       4.2506E-03
   0.5370        8.438        1985.       4.2506E-03
   0.5495        8.440        1985.       4.2506E-03
   0.5623        8.441        1986.       4.2506E-03
   0.5754        8.442        1986.       4.2506E-03
   0.5888        8.443        1986.       4.2506E-03
   0.6026        8.444        1987.       4.2506E-03
   0.6166        8.445        1987.       4.2506E-03
   0.6310        8.446        1987.       4.2506E-03
   0.6457        8.447        1987.       4.2506E-03
   0.6607        8.448        1988.       4.2506E-03
   0.6761        8.450        1988.       4.2506E-03
   0.6918        8.451        1988.       4.2506E-03
   0.7079        8.452        1988.       4.2506E-03
   0.7244        8.453        1989.       4.2506E-03
   0.7413        8.454        1989.       4.2506E-03
   0.7586        8.455        1989.       4.2506E-03
   0.7762        8.455        1989.       4.2506E-03
   0.7943        8.456        1989.       4.2506E-03
   0.8128        8.457        1990.       4.2506E-03
   0.8318        8.458        1990.       4.2506E-03
   0.8511        8.459        1990.       4.2506E-03
   0.8710        8.460        1990.       4.2506E-03
   0.8913        8.461        1991.       4.2506E-03
   0.9120        8.462        1991.       4.2506E-03
   0.9333        8.463        1991.       4.2506E-03
   0.9550        8.463        1991.       4.2506E-03
   0.9772        8.464        1991.       4.2506E-03
    1.000        8.465        1991.       4.2506E-03
    1.023        8.466        1992.       4.2506E-03
    1.047        8.466        1992.       4.2506E-03
    1.072        8.467        1992.       4.2506E-03
    1.096        8.468        1992.       4.2506E-03
    1.122        8.469        1992.       4.2506E-03
    1.148        8.469        1993.       4.2506E-03
    1.175        8.470        1993.       4.2506E-03
    1.202        8.471        1993.       4.2506E-03
    1.230        8.471        1993.       4.2506E-03
    1.259        8.472        1993.       4.2506E-03
    1.288        8.473        1993.       4.2506E-03
    1.318        8.473        1993.       4.2506E-03
    1.349        8.474        1994.       4.2506E-03
    1.380        8.475        1994.       4.2506E-03
    1.413        8.475        1994.       4.2506E-03
    1.445        8.476        1994.       4.2506E-03
    1.479        8.477        1994.       4.2506E-03
    1.514        8.477        1994.       4.2506E-03
    1.549        8.478        1994.       4.2506E-03
    1.585        8.478        1995.       4.2506E-03
    1.622        8.479        1995.       4.2506E-03
    1.660        8.479        1995.       4.2506E-03
    1.698        8.480        1995.       4.2506E-03
    1.738        8.480        1995.       4.2506E-03
    1.778        8.481        1995.       4.2506E-03
    1.820        8.481        1995.       4.2506E-03
    1.862        8.482        1995.       4.2506E-03
    1.905        8.482        1996.       4.2506E-03
    1.950        8.483        1996.       4.2506E-03
    1.995        8.483        1996.       4.2506E-03
    2.042        8.484        1996.       4.2506E-03
    2.089        8.484        1996.       4.2506E-03
    2.138        8.485        1996.       4.2506E-03
    2.188        8.485        1996.       4.2506E-03
    2.239        8.486        1996.       4.2506E-03
    2.291        8.486        1996.       4.2506E-03
    2.344        8.486        1997.       4.2506E-03
    2.399        8.487        1997.       4.2506E-03
    2.455        8.487        1997.       4.2506E-03
    2.512        8.488        1997.       4.2506E-03
    2.570        8.488        1997.       4.2506E-03
    2.630        8.488        1997.       4.2506E-03
    2.692        8.489        1997.       4.2506E-03
    2.754        8.489        1997.       4.2506E-03
    2.818        8.490        1997.       4.2506E-03
    2.884        8.490        1997.       4.2506E-03
    2.951        8.490        1997.       4.2506E-03
    3.020        8.491        1998.       4.2506E-03
    3.090        8.491        1998.       4.2506E-03
    3.162        8.491        1998.       4.2506E-03
    3.236        8.492        1998.       4.2506E-03
    3.311        8.492        1998.       4.2506E-03
    3.388        8.492        1998.       4.2506E-03
    3.467        8.493        1998.       4.2506E-03
    3.548        8.493        1998.       4.2506E-03
    3.631        8.493        1998.       4.2506E-03
    3.715        8.493        1998.       4.2506E-03
    3.802        8.494        1998.       4.2506E-03
    3.890        8.494        1998.       4.2506E-03
    3.981        8.494        1998.       4.2506E-03
    4.074        8.495        1998.       4.2506E-03
    4.169        8.495        1999.       4.2506E-03
    4.266        8.495        1999.       4.2506E-03
    4.365        8.495        1999.       4.2506E-03
    4.467        8.496        1999.       4.2506E-03
    4.571        8.496        1999.       4.2506E-03
    4.677        8.496        1999.       4.2506E-03
    4.786        8.496        1999.       4.2506E-03
    4.898        8.497        1999.       4.2506E-03
    5.012        8.497        1999.       4.2506E-03
    5.129        8.497        1999.       4.2506E-03
    5.248        8.497        1999.       4.2506E-03
    5.370        8.497        1999.       4.2506E-03
    5.495        8.498        1999.       4.2506E-03
    5.623        8.498        1999.       4.2506E-03
    5.754        8.498        1999.       4.2506E-03
    5.888        8.498        1999.       4.2506E-03
    6.026        8.498        1999.       4.2506E-03
    6.166        8.499        1999.       4.2506E-03
    6.310        8.499        1999.       4.2506E-03
    6.457        8.499        1999.       4.2506E-03
    6.607        8.499        2000.       4.2506E-03
    6.761        8.499        2000.       4.2506E-03
    6.918        8.500        2000.       4.2506E-03
    7.079        8.500        2000.       4.2506E-03
    7.244        8.500        2000.       4.2506E-03
    7.413        8.500        2000.       4.2506E-03
    7.586        8.500        2000.       4.2506E-03
    7.762        8.500        2000.       4.2506E-03
    7.943        8.500        2000.       4.2506E-03
    8.128        8.501        2000.       4.2506E-03
    8.318        8.501        2000.       4.2506E-03
    8.511        8.501        2000.       4.2506E-03
    8.710        8.501        2000.       4.2506E-03
    8.913        8.501        2000.       4.2506E-03
    9.120        8.501        2000.       4.2506E-03
    9.333        8.501        2000.       4.2506E-03
    9.550        8.502        2000.       4.2506E-03
    9.772        8.502        2000.       4.2506E-03
    10.00        8.502        2000.       4.2506E-03
    10.23        8.508        2002.       4.2506E-03
    10.47        8.508        2002.       4.2506E-03
    10.72        8.508        2002.       4.2506E-03
    10.96        8.508        2002.       4.2506E-03
    11.22        8.508        2002.       4.2506E-03
    11.48        8.508        2002.       4.2506E-03
    11.75        8.508        2002.       4.2506E-03
    12.02        8.508        2002.       4.2506E-03
    12.30        8.508        2002.       4.2506E-03
    12.59        8.508        2002.       4.2506E-03
    12.88        8.508        2002.       4.2506E-03
    13.18        8.508        2002.       4.2506E-03
    13.49        8.508        2002.       4.2506E-03
    13.80        8.508        2002.       4.2506E-03
    14.13        8.508        2002.       4.2506E-03
    14.45        8.508        2002.       4.2506E-03
    14.79        8.508        2002.       4.2506E-03
    15.14        8.508        2002.       4.2506E-03
    15.49        8.508        2002.       4.2506E-03
    15.85        8.508        2002.       4.2506E-03
    16.22        8.508        2002.       4.2506E-03
    16.60        8.508        2002.       4.2506E-03
    16.98        8.508        2002.       4.2506E-03
    17.38        8.508        2002.       4.2506E-03
    17.78        8.508        2002.       4.2506E-03
    18.20        8.508        2002.       4.2506E-03
    18.62        8.508        2002.       4.2506E-03
    19.05        8.508        2002.       4.2506E-03
    19.50        8.508        2002.       4.2506E-03
    19.95        8.508        2002.       4.2506E-03
    20.42        8.508        2002.       4.2506E-03
    20.89        8.508        2002.       4.2506E-03
    21.38        8.508        2002.       4.2506E-03
    21.88        8.508        2002.       4.2506E-03
    22.39        8.508        2002.       4.2506E-03
    22.91        8.508        2002.       4.2506E-03
    23.44        8.508        2002.       4.2506E-03
    23.99        8.508        2002.       4.2506E-03
    24.55        8.508        2002.       4.2506E-03
    25.12        8.508        2002.       4.2506E-03
    25.70        8.508        2002.       4.2506E-03
    26.30        8.508        2002.       4.2506E-03
    26.92        8.508        2002.       4.2506E-03
    27.54        8.508        2002.       4.2506E-03
    28.18        8.508        2002.       4.2506E-03
    28.84        8.508        2002.       4.2506E-03
    29.51        8.508        2002.       4.2506E-03
    30.20        8.508        2002.       4.2506E-03
    30.90        8.508        2002.       4.2506E-03
    31.62        8.508        2002.       4.2506E-03
    32.36        8.508        2002.       4.2506E-03
    33.11        8.508        2002.       4.2506E-03
    33.88        8.508        2002.       4.2506E-03
    34.67        8.508        2002.       4.2506E-03
    35.48        8.508        2002.       4.2506E-03
    36.31        8.508        2002.       4.2506E-03
    37.15        8.508        2002.       4.2506E-03
    38.02        8.508        2002.       4.2506E-03
    38.90        8.426        1982.       4.2506E-03
    39.81        8.426        1982.       4.2506E-03
    40.74        8.426        1982.       4.2506E-03
    41.69        8.426        1982.       4.2506E-03
    42.66        8.426        1982.       4.2506E-03
    43.65        8.425        1982.       4.2506E-03
    44.67        8.425        1982.       4.2506E-03
    45.71        8.425        1982.       4.2506E-03
    46.77        8.425        1982.       4.2506E-03
    47.86        8.424        1982.       4.2506E-03
    48.98        8.424        1982.       4.2506E-03
    50.12        8.424        1982.       4.2506E-03
    51.29        8.425        1982.       4.2506E-03
    52.48        8.425        1982.       4.2506E-03
    53.70        8.424        1982.       4.2506E-03
    54.95        8.424        1982.       4.2506E-03
    56.23        8.424        1982.       4.2506E-03
    57.54        8.424        1982.       4.2506E-03
    58.88        8.425        1982.       4.2506E-03
    60.26        8.425        1982.       4.2506E-03
    61.66        8.424        1982.       4.2506E-03
    63.10        8.424        1982.       4.2506E-03
    64.57        8.425        1982.       4.2506E-03
    66.07        8.425        1982.       4.2506E-03
    67.61        8.426        1982.       4.2506E-03
    69.18        8.424        1982.       4.2506E-03
    70.79        8.425        1982.       4.2506E-03
    72.44        8.425        1982.       4.2506E-03
    74.13        8.426        1982.       4.2506E-03
    75.86        8.426        1982.       4.2506E-03
    77.62        8.425        1982.       4.2506E-03
    79.43        8.426        1982.       4.2506E-03
    81.28        8.426        1982.       4.2506E-03
    83.18        8.427        1982.       4.2506E-03
    85.11        8.427        1983.       4.2506E-03
    87.10        8.426        1982.       4.2506E-03
    89.13        8.427        1983.       4.2506E-03
    91.20        8.427        1983.       4.2506E-03
    93.33        8.428        1983.       4.2506E-03
    95.50        8.428        1983.       4.2506E-03
    97.72        8.428        1983.       4.2506E-03
    100.0        8.428        1983.       4.2506E-03
    102.3        8.429        1983.       4.2506E-03
    104.7        8.429        1983.       4.2506E-03
    107.2        8.429        1983.       4.2506E-03
    109.6        8.429        1983.       4.2506E-03
    112.2        8.430        1983.       4.2506E-03
    114.8        8.430        1983.       4.2506E-03
    117.5        8.430        1983.       4.2506E-03
    120.2        8.430        1983.       4.2506E-03
    123.0        8.430        1983.       4.2506E-03
    125.9        8.430        1983.       4.2506E-03
    128.8        8.430        1983.       4.2506E-03
    131.8        8.430        1983.       4.2506E-03
    134.9        8.431        1983.       4.2506E-03
    138.0        8.430        1983.       4.2506E-03
    141.3        8.430        1983.       4.2506E-03
    144.5        8.431        1983.       4.2506E-03
    147.9        8.430        1983.       4.2506E-03
    151.4        8.431        1983.       4.2506E-03
    154.9        8.431        1983.       4.2506E-03
    158.5        8.430        1983.       4.2506E-03
    162.2        8.430        1983.       4.2506E-03
    166.0        8.430        1983.       4.2506E-03
    169.8        8.430        1983.       4.2506E-03
    173.8        8.429        1983.       4.2506E-03
    177.8        8.429        1983.       4.2506E-03
    182.0        8.429        1983.       4.2506E-03
    186.2        8.429        1983.       4.2506E-03
    190.5        8.429        1983.       4.2506E-03
    195.0        8.428        1983.       4.2506E-03
    199.5        8.427        1982.       4.2506E-03
    204.2        8.426        1982.       4.2506E-03
    208.9        8.426        1982.       4.2506E-03
    213.8        8.426        1982.       4.2506E-03
    218.8        8.425        1982.       4.2506E-03
    223.9        8.425        1982.       4.2506E-03
    229.1        8.423        1982.       4.2506E-03
    234.4        8.422        1981.       4.2506E-03
    239.9        8.422        1981.       4.2506E-03
    245.5        8.421        1981.       4.2506E-03
    251.2        8.420        1981.       4.2506E-03
    257.0        8.419        1981.       4.2506E-03
    263.0        8.417        1980.       4.2506E-03
    269.2        8.416        1980.       4.2506E-03
    275.4        8.415        1980.       4.2506E-03
    281.8        8.414        1980.       4.2506E-03
    288.4        8.413        1979.       4.2506E-03
    295.1        8.412        1979.       4.2506E-03
    302.0        8.409        1978.       4.2506E-03
    309.0        8.408        1978.       4.2506E-03
    316.2        8.406        1978.       4.2506E-03
    323.6        8.405        1977.       4.2506E-03
    331.1        8.403        1977.       4.2506E-03
    338.8        8.400        1976.       4.2506E-03
    346.7        8.399        1976.       4.2506E-03
    354.8        8.397        1975.       4.2506E-03
    363.1        8.395        1975.       4.2506E-03
    371.5        8.393        1975.       4.2506E-03
    380.2        8.390        1974.       4.2506E-03
    389.0        8.388        1973.       4.2506E-03
    398.1        8.385        1973.       4.2506E-03
    407.4        8.383        1972.       4.2506E-03
    416.9        8.381        1972.       4.2506E-03
    426.6        8.377        1971.       4.2506E-03
    436.5        8.375        1970.       4.2506E-03
    446.7        8.372        1970.       4.2506E-03
    457.1        8.369        1969.       4.2506E-03
    467.7        8.365        1968.       4.2506E-03
    478.6        8.362        1967.       4.2506E-03
    489.8        8.359        1967.       4.2506E-03
    501.2        8.356        1966.       4.2506E-03
    512.9        8.352        1965.       4.2506E-03
    524.8        8.348        1964.       4.2506E-03
    537.0        8.345        1963.       4.2506E-03
    549.5        8.341        1962.       4.2506E-03
    562.3        8.337        1961.       4.2506E-03
    575.4        8.333        1960.       4.2506E-03
    588.8        8.329        1959.       4.2506E-03
    602.6        8.325        1958.       4.2506E-03
    616.6        8.321        1958.       4.2506E-03
    631.0        8.315        1956.       4.2506E-03
    645.7        8.311        1955.       4.2506E-03
    660.7        8.307        1954.       4.2506E-03
    676.1        8.302        1953.       4.2506E-03
    691.8        8.297        1952.       4.2506E-03
    707.9        8.291        1951.       4.2506E-03
    724.4        8.286        1949.       4.2506E-03
    741.3        8.281        1948.       4.2506E-03
    758.6        8.276        1947.       4.2506E-03
    776.2        8.271        1946.       4.2506E-03
    794.3        8.264        1944.       4.2506E-03
    812.8        8.259        1943.       4.2506E-03
    831.8        8.253        1942.       4.2506E-03
    851.1        8.247        1940.       4.2506E-03
    871.0        8.241        1939.       4.2506E-03
    891.3        8.235        1937.       4.2506E-03
    912.0        8.229        1936.       4.2506E-03
    933.3        8.221        1934.       4.2506E-03
    955.0        8.215        1933.       4.2506E-03
    977.2        8.209        1931.       4.2506E-03
    1000.        8.202        1930.       4.2506E-03
    1023.        8.195        1928.       4.2506E-03
    1047.        8.188        1926.       4.2506E-03
    1072.        8.180        1924.       4.2506E-03
    1096.        8.173        1923.       4.2506E-03
    1122.        8.165        1921.       4.2506E-03
    1148.        8.158        1919.       4.2506E-03
    1175.        8.151        1918.       4.2506E-03
    1202.        8.143        1916.       4.2506E-03
    1230.        8.134        1913.       4.2506E-03
    1259.        8.126        1912.       4.2506E-03
    1288.        8.118        1910.       4.2506E-03
    1318.        8.110        1908.       4.2506E-03
    1349.        8.101        1906.       4.2506E-03
    1380.        8.093        1904.       4.2506E-03
    1413.        8.083        1902.       4.2506E-03
    1445.        8.074        1900.       4.2506E-03
    1479.        8.065        1897.       4.2506E-03
    1514.        8.056        1895.       4.2506E-03
    1549.        8.047        1893.       4.2506E-03
    1585.        8.037        1891.       4.2506E-03
    1622.        8.027        1889.       4.2506E-03
    1660.        8.018        1886.       4.2506E-03
    1698.        8.008        1884.       4.2506E-03
    1738.        7.997        1881.       4.2506E-03
    1778.        7.987        1879.       4.2506E-03
    1820.        7.977        1877.       4.2506E-03
    1862.        7.967        1874.       4.2506E-03
    1905.        7.956        1872.       4.2506E-03
    1950.        7.946        1869.       4.2506E-03
    1995.        7.935        1867.       4.2506E-03
    2042.        7.924        1864.       4.2506E-03
    2089.        7.913        1862.       4.2506E-03
    2138.        7.902        1859.       4.2506E-03
    2188.        7.890        1856.       4.2506E-03
    2239.        7.879        1854.       4.2506E-03
    2291.        7.867        1851.       4.2506E-03
    2344.        7.856        1848.       4.2506E-03
    2399.        7.844        1845.       4.2506E-03
    2455.        7.832        1843.       4.2506E-03
    2512.        7.819        1840.       4.2506E-03
    2570.        7.807        1837.       4.2506E-03
    2630.        7.794        1834.       4.2506E-03
    2692.        7.782        1831.       4.2506E-03
    2754.        7.770        1828.       4.2506E-03
    2818.        7.757        1825.       4.2506E-03
    2884.        7.744        1822.       4.2506E-03
    2951.        7.730        1819.       4.2506E-03
    3020.        7.717        1816.       4.2506E-03
    3090.        7.704        1812.       4.2506E-03
    3162.        7.691        1809.       4.2506E-03
    3236.        7.678        1806.       4.2506E-03
    3311.        7.664        1803.       4.2506E-03
    3388.        7.649        1799.       4.2506E-03
    3467.        7.635        1796.       4.2506E-03
    3548.        7.621        1793.       4.2506E-03
    3631.        7.608        1790.       4.2506E-03
    3715.        7.593        1786.       4.2506E-03
    3802.        7.579        1783.       4.2506E-03
    3890.        7.565        1780.       4.2506E-03
    3981.        7.549        1776.       4.2506E-03
    4074.        7.534        1772.       4.2506E-03
    4169.        7.519        1769.       4.2506E-03
    4266.        7.505        1766.       4.2506E-03
    4365.        7.490        1762.       4.2506E-03
    4467.        7.475        1758.       4.2506E-03
    4571.        7.459        1755.       4.2506E-03
    4677.        7.442        1751.       4.2506E-03
    4786.        7.427        1747.       4.2506E-03
    4898.        7.412        1744.       4.2506E-03
    5012.        7.396        1740.       4.2506E-03
    5129.        7.380        1736.       4.2506E-03
    5248.        7.364        1732.       4.2506E-03
    5370.        7.347        1728.       4.2506E-03
    5495.        7.330        1725.       4.2506E-03
    5623.        7.314        1721.       4.2506E-03
    5754.        7.298        1717.       4.2506E-03
    5888.        7.281        1713.       4.2506E-03
    6026.        7.265        1709.       4.2506E-03
    6166.        7.248        1705.       4.2506E-03
    6310.        7.230        1701.       4.2506E-03
    6457.        7.213        1697.       4.2506E-03
    6607.        7.196        1693.       4.2506E-03
    6761.        7.179        1689.       4.2506E-03
    6918.        7.161        1685.       4.2506E-03
    7079.        7.143        1680.       4.2506E-03
    7244.        7.125        1676.       4.2506E-03
    7413.        7.108        1672.       4.2506E-03
    7586.        7.090        1668.       4.2506E-03
    7762.        7.072        1664.       4.2506E-03
    7943.        7.054        1660.       4.2506E-03
    8128.        7.035        1655.       4.2506E-03
    8318.        7.017        1651.       4.2506E-03
    8511.        6.999        1647.       4.2506E-03
    8710.        6.981        1642.       4.2506E-03
    8913.        6.962        1638.       4.2506E-03
    9120.        6.943        1633.       4.2506E-03
    9333.        6.925        1629.       4.2506E-03
    9550.        6.906        1625.       4.2506E-03
    9772.        6.886        1620.       4.2506E-03
   1.0000E+04    6.867        1616.       4.2506E-03
