# SCIN  xmin =   1.0000E-02 norm= 1
 # norm=1: /r.l, 2: mb/ingredient, 3: /(g/cm2), 4:/cm, 5: area norm 
#  Ee- masele, tprob*NC, tprob, NC 
   0.1000        5.172        1217.       4.2506E-03
   0.1023        5.175        1218.       4.2506E-03
   0.1047        5.179        1218.       4.2506E-03
   0.1072        5.182        1219.       4.2506E-03
   0.1096        5.185        1220.       4.2506E-03
   0.1122        5.188        1221.       4.2506E-03
   0.1148        5.191        1221.       4.2506E-03
   0.1175        5.194        1222.       4.2506E-03
   0.1202        5.198        1223.       4.2506E-03
   0.1230        5.201        1223.       4.2506E-03
   0.1259        5.204        1224.       4.2506E-03
   0.1288        5.206        1225.       4.2506E-03
   0.1318        5.209        1226.       4.2506E-03
   0.1349        5.212        1226.       4.2506E-03
   0.1380        5.215        1227.       4.2506E-03
   0.1413        5.218        1228.       4.2506E-03
   0.1445        5.221        1228.       4.2506E-03
   0.1479        5.223        1229.       4.2506E-03
   0.1514        5.226        1229.       4.2506E-03
   0.1549        5.229        1230.       4.2506E-03
   0.1585        5.231        1231.       4.2506E-03
   0.1622        5.234        1231.       4.2506E-03
   0.1660        5.236        1232.       4.2506E-03
   0.1698        5.239        1233.       4.2506E-03
   0.1738        5.241        1233.       4.2506E-03
   0.1778        5.244        1234.       4.2506E-03
   0.1820        5.246        1234.       4.2506E-03
   0.1862        5.249        1235.       4.2506E-03
   0.1905        5.251        1235.       4.2506E-03
   0.1950        5.253        1236.       4.2506E-03
   0.1995        5.256        1236.       4.2506E-03
   0.2042        5.258        1237.       4.2506E-03
   0.2089        5.260        1237.       4.2506E-03
   0.2138        5.262        1238.       4.2506E-03
   0.2188        5.264        1239.       4.2506E-03
   0.2239        5.267        1239.       4.2506E-03
   0.2291        5.269        1240.       4.2506E-03
   0.2344        5.271        1240.       4.2506E-03
   0.2399        5.273        1240.       4.2506E-03
   0.2455        5.275        1241.       4.2506E-03
   0.2512        5.277        1241.       4.2506E-03
   0.2570        5.279        1242.       4.2506E-03
   0.2630        5.281        1242.       4.2506E-03
   0.2692        5.283        1243.       4.2506E-03
   0.2754        5.284        1243.       4.2506E-03
   0.2818        5.286        1244.       4.2506E-03
   0.2884        5.288        1244.       4.2506E-03
   0.2951        5.290        1244.       4.2506E-03
   0.3020        5.292        1245.       4.2506E-03
   0.3090        5.293        1245.       4.2506E-03
   0.3162        5.295        1246.       4.2506E-03
   0.3236        5.297        1246.       4.2506E-03
   0.3311        5.298        1247.       4.2506E-03
   0.3388        5.300        1247.       4.2506E-03
   0.3467        5.302        1247.       4.2506E-03
   0.3548        5.303        1248.       4.2506E-03
   0.3631        5.305        1248.       4.2506E-03
   0.3715        5.306        1248.       4.2506E-03
   0.3802        5.308        1249.       4.2506E-03
   0.3890        5.309        1249.       4.2506E-03
   0.3981        5.311        1249.       4.2506E-03
   0.4074        5.312        1250.       4.2506E-03
   0.4169        5.314        1250.       4.2506E-03
   0.4266        5.315        1250.       4.2506E-03
   0.4365        5.317        1251.       4.2506E-03
   0.4467        5.318        1251.       4.2506E-03
   0.4571        5.319        1251.       4.2506E-03
   0.4677        5.321        1252.       4.2506E-03
   0.4786        5.322        1252.       4.2506E-03
   0.4898        5.323        1252.       4.2506E-03
   0.5012        5.325        1253.       4.2506E-03
   0.5129        5.326        1253.       4.2506E-03
   0.5248        5.327        1253.       4.2506E-03
   0.5370        5.328        1254.       4.2506E-03
   0.5495        5.329        1254.       4.2506E-03
   0.5623        5.331        1254.       4.2506E-03
   0.5754        5.332        1254.       4.2506E-03
   0.5888        5.333        1255.       4.2506E-03
   0.6026        5.334        1255.       4.2506E-03
   0.6166        5.335        1255.       4.2506E-03
   0.6310        5.336        1255.       4.2506E-03
   0.6457        5.337        1256.       4.2506E-03
   0.6607        5.338        1256.       4.2506E-03
   0.6761        5.339        1256.       4.2506E-03
   0.6918        5.340        1256.       4.2506E-03
   0.7079        5.341        1257.       4.2506E-03
   0.7244        5.342        1257.       4.2506E-03
   0.7413        5.343        1257.       4.2506E-03
   0.7586        5.344        1257.       4.2506E-03
   0.7762        5.345        1258.       4.2506E-03
   0.7943        5.346        1258.       4.2506E-03
   0.8128        5.347        1258.       4.2506E-03
   0.8318        5.348        1258.       4.2506E-03
   0.8511        5.349        1258.       4.2506E-03
   0.8710        5.350        1259.       4.2506E-03
   0.8913        5.351        1259.       4.2506E-03
   0.9120        5.351        1259.       4.2506E-03
   0.9333        5.352        1259.       4.2506E-03
   0.9550        5.353        1259.       4.2506E-03
   0.9772        5.354        1260.       4.2506E-03
    1.000        5.355        1260.       4.2506E-03
    1.023        5.355        1260.       4.2506E-03
    1.047        5.356        1260.       4.2506E-03
    1.072        5.357        1260.       4.2506E-03
    1.096        5.358        1260.       4.2506E-03
    1.122        5.358        1261.       4.2506E-03
    1.148        5.359        1261.       4.2506E-03
    1.175        5.360        1261.       4.2506E-03
    1.202        5.361        1261.       4.2506E-03
    1.230        5.361        1261.       4.2506E-03
    1.259        5.362        1261.       4.2506E-03
    1.288        5.363        1262.       4.2506E-03
    1.318        5.363        1262.       4.2506E-03
    1.349        5.364        1262.       4.2506E-03
    1.380        5.364        1262.       4.2506E-03
    1.413        5.365        1262.       4.2506E-03
    1.445        5.366        1262.       4.2506E-03
    1.479        5.366        1262.       4.2506E-03
    1.514        5.367        1263.       4.2506E-03
    1.549        5.367        1263.       4.2506E-03
    1.585        5.368        1263.       4.2506E-03
    1.622        5.369        1263.       4.2506E-03
    1.660        5.369        1263.       4.2506E-03
    1.698        5.370        1263.       4.2506E-03
    1.738        5.370        1263.       4.2506E-03
    1.778        5.371        1264.       4.2506E-03
    1.820        5.371        1264.       4.2506E-03
    1.862        5.372        1264.       4.2506E-03
    1.905        5.372        1264.       4.2506E-03
    1.950        5.373        1264.       4.2506E-03
    1.995        5.373        1264.       4.2506E-03
    2.042        5.374        1264.       4.2506E-03
    2.089        5.374        1264.       4.2506E-03
    2.138        5.374        1264.       4.2506E-03
    2.188        5.375        1265.       4.2506E-03
    2.239        5.375        1265.       4.2506E-03
    2.291        5.376        1265.       4.2506E-03
    2.344        5.376        1265.       4.2506E-03
    2.399        5.377        1265.       4.2506E-03
    2.455        5.377        1265.       4.2506E-03
    2.512        5.377        1265.       4.2506E-03
    2.570        5.378        1265.       4.2506E-03
    2.630        5.378        1265.       4.2506E-03
    2.692        5.379        1265.       4.2506E-03
    2.754        5.379        1265.       4.2506E-03
    2.818        5.379        1266.       4.2506E-03
    2.884        5.380        1266.       4.2506E-03
    2.951        5.380        1266.       4.2506E-03
    3.020        5.380        1266.       4.2506E-03
    3.090        5.381        1266.       4.2506E-03
    3.162        5.381        1266.       4.2506E-03
    3.236        5.381        1266.       4.2506E-03
    3.311        5.382        1266.       4.2506E-03
    3.388        5.382        1266.       4.2506E-03
    3.467        5.382        1266.       4.2506E-03
    3.548        5.382        1266.       4.2506E-03
    3.631        5.383        1266.       4.2506E-03
    3.715        5.383        1266.       4.2506E-03
    3.802        5.383        1266.       4.2506E-03
    3.890        5.384        1267.       4.2506E-03
    3.981        5.384        1267.       4.2506E-03
    4.074        5.384        1267.       4.2506E-03
    4.169        5.384        1267.       4.2506E-03
    4.266        5.385        1267.       4.2506E-03
    4.365        5.385        1267.       4.2506E-03
    4.467        5.385        1267.       4.2506E-03
    4.571        5.385        1267.       4.2506E-03
    4.677        5.386        1267.       4.2506E-03
    4.786        5.386        1267.       4.2506E-03
    4.898        5.386        1267.       4.2506E-03
    5.012        5.386        1267.       4.2506E-03
    5.129        5.387        1267.       4.2506E-03
    5.248        5.387        1267.       4.2506E-03
    5.370        5.387        1267.       4.2506E-03
    5.495        5.387        1267.       4.2506E-03
    5.623        5.387        1267.       4.2506E-03
    5.754        5.388        1268.       4.2506E-03
    5.888        5.388        1268.       4.2506E-03
    6.026        5.388        1268.       4.2506E-03
    6.166        5.388        1268.       4.2506E-03
    6.310        5.388        1268.       4.2506E-03
    6.457        5.389        1268.       4.2506E-03
    6.607        5.389        1268.       4.2506E-03
    6.761        5.389        1268.       4.2506E-03
    6.918        5.389        1268.       4.2506E-03
    7.079        5.389        1268.       4.2506E-03
    7.244        5.389        1268.       4.2506E-03
    7.413        5.390        1268.       4.2506E-03
    7.586        5.390        1268.       4.2506E-03
    7.762        5.390        1268.       4.2506E-03
    7.943        5.390        1268.       4.2506E-03
    8.128        5.390        1268.       4.2506E-03
    8.318        5.390        1268.       4.2506E-03
    8.511        5.391        1268.       4.2506E-03
    8.710        5.391        1268.       4.2506E-03
    8.913        5.391        1268.       4.2506E-03
    9.120        5.391        1268.       4.2506E-03
    9.333        5.391        1268.       4.2506E-03
    9.550        5.391        1268.       4.2506E-03
    9.772        5.391        1268.       4.2506E-03
    10.00        5.391        1268.       4.2506E-03
    10.23        5.397        1270.       4.2506E-03
    10.47        5.397        1270.       4.2506E-03
    10.72        5.397        1270.       4.2506E-03
    10.96        5.397        1270.       4.2506E-03
    11.22        5.397        1270.       4.2506E-03
    11.48        5.397        1270.       4.2506E-03
    11.75        5.397        1270.       4.2506E-03
    12.02        5.397        1270.       4.2506E-03
    12.30        5.397        1270.       4.2506E-03
    12.59        5.397        1270.       4.2506E-03
    12.88        5.397        1270.       4.2506E-03
    13.18        5.397        1270.       4.2506E-03
    13.49        5.397        1270.       4.2506E-03
    13.80        5.397        1270.       4.2506E-03
    14.13        5.397        1270.       4.2506E-03
    14.45        5.397        1270.       4.2506E-03
    14.79        5.397        1270.       4.2506E-03
    15.14        5.397        1270.       4.2506E-03
    15.49        5.397        1270.       4.2506E-03
    15.85        5.397        1270.       4.2506E-03
    16.22        5.397        1270.       4.2506E-03
    16.60        5.397        1270.       4.2506E-03
    16.98        5.397        1270.       4.2506E-03
    17.38        5.397        1270.       4.2506E-03
    17.78        5.397        1270.       4.2506E-03
    18.20        5.397        1270.       4.2506E-03
    18.62        5.397        1270.       4.2506E-03
    19.05        5.397        1270.       4.2506E-03
    19.50        5.397        1270.       4.2506E-03
    19.95        5.397        1270.       4.2506E-03
    20.42        5.397        1270.       4.2506E-03
    20.89        5.397        1270.       4.2506E-03
    21.38        5.397        1270.       4.2506E-03
    21.88        5.397        1270.       4.2506E-03
    22.39        5.397        1270.       4.2506E-03
    22.91        5.397        1270.       4.2506E-03
    23.44        5.397        1270.       4.2506E-03
    23.99        5.397        1270.       4.2506E-03
    24.55        5.397        1270.       4.2506E-03
    25.12        5.397        1270.       4.2506E-03
    25.70        5.397        1270.       4.2506E-03
    26.30        5.397        1270.       4.2506E-03
    26.92        5.397        1270.       4.2506E-03
    27.54        5.397        1270.       4.2506E-03
    28.18        5.397        1270.       4.2506E-03
    28.84        5.397        1270.       4.2506E-03
    29.51        5.397        1270.       4.2506E-03
    30.20        5.397        1270.       4.2506E-03
    30.90        5.397        1270.       4.2506E-03
    31.62        5.397        1270.       4.2506E-03
    32.36        5.397        1270.       4.2506E-03
    33.11        5.397        1270.       4.2506E-03
    33.88        5.397        1270.       4.2506E-03
    34.67        5.397        1270.       4.2506E-03
    35.48        5.397        1270.       4.2506E-03
    36.31        5.397        1270.       4.2506E-03
    37.15        5.397        1270.       4.2506E-03
    38.02        5.397        1270.       4.2506E-03
    38.90        5.349        1258.       4.2506E-03
    39.81        5.349        1258.       4.2506E-03
    40.74        5.349        1258.       4.2506E-03
    41.69        5.349        1258.       4.2506E-03
    42.66        5.349        1258.       4.2506E-03
    43.65        5.349        1258.       4.2506E-03
    44.67        5.349        1258.       4.2506E-03
    45.71        5.349        1258.       4.2506E-03
    46.77        5.349        1258.       4.2506E-03
    47.86        5.349        1258.       4.2506E-03
    48.98        5.349        1258.       4.2506E-03
    50.12        5.349        1258.       4.2506E-03
    51.29        5.349        1258.       4.2506E-03
    52.48        5.349        1258.       4.2506E-03
    53.70        5.349        1258.       4.2506E-03
    54.95        5.349        1258.       4.2506E-03
    56.23        5.349        1258.       4.2506E-03
    57.54        5.349        1258.       4.2506E-03
    58.88        5.349        1258.       4.2506E-03
    60.26        5.349        1258.       4.2506E-03
    61.66        5.349        1258.       4.2506E-03
    63.10        5.349        1258.       4.2506E-03
    64.57        5.349        1258.       4.2506E-03
    66.07        5.349        1258.       4.2506E-03
    67.61        5.349        1258.       4.2506E-03
    69.18        5.349        1258.       4.2506E-03
    70.79        5.349        1258.       4.2506E-03
    72.44        5.349        1258.       4.2506E-03
    74.13        5.349        1258.       4.2506E-03
    75.86        5.349        1258.       4.2506E-03
    77.62        5.349        1258.       4.2506E-03
    79.43        5.349        1258.       4.2506E-03
    81.28        5.349        1258.       4.2506E-03
    83.18        5.349        1258.       4.2506E-03
    85.11        5.349        1258.       4.2506E-03
    87.10        5.349        1258.       4.2506E-03
    89.13        5.349        1258.       4.2506E-03
    91.20        5.349        1258.       4.2506E-03
    93.33        5.349        1258.       4.2506E-03
    95.50        5.349        1258.       4.2506E-03
    97.72        5.349        1258.       4.2506E-03
    100.0        5.349        1258.       4.2506E-03
    102.3        5.349        1258.       4.2506E-03
    104.7        5.349        1258.       4.2506E-03
    107.2        5.349        1258.       4.2506E-03
    109.6        5.349        1258.       4.2506E-03
    112.2        5.349        1258.       4.2506E-03
    114.8        5.349        1258.       4.2506E-03
    117.5        5.349        1258.       4.2506E-03
    120.2        5.349        1258.       4.2506E-03
    123.0        5.349        1258.       4.2506E-03
    125.9        5.349        1258.       4.2506E-03
    128.8        5.349        1258.       4.2506E-03
    131.8        5.349        1258.       4.2506E-03
    134.9        5.349        1258.       4.2506E-03
    138.0        5.349        1258.       4.2506E-03
    141.3        5.349        1258.       4.2506E-03
    144.5        5.349        1258.       4.2506E-03
    147.9        5.349        1258.       4.2506E-03
    151.4        5.349        1258.       4.2506E-03
    154.9        5.349        1258.       4.2506E-03
    158.5        5.349        1258.       4.2506E-03
    162.2        5.349        1258.       4.2506E-03
    166.0        5.349        1258.       4.2506E-03
    169.8        5.349        1258.       4.2506E-03
    173.8        5.349        1258.       4.2506E-03
    177.8        5.349        1258.       4.2506E-03
    182.0        5.349        1258.       4.2506E-03
    186.2        5.349        1258.       4.2506E-03
    190.5        5.349        1258.       4.2506E-03
    195.0        5.349        1258.       4.2506E-03
    199.5        5.349        1258.       4.2506E-03
    204.2        5.349        1258.       4.2506E-03
    208.9        5.349        1258.       4.2506E-03
    213.8        5.349        1258.       4.2506E-03
    218.8        5.349        1258.       4.2506E-03
    223.9        5.349        1258.       4.2506E-03
    229.1        5.349        1258.       4.2506E-03
    234.4        5.349        1258.       4.2506E-03
    239.9        5.349        1258.       4.2506E-03
    245.5        5.349        1258.       4.2506E-03
    251.2        5.349        1258.       4.2506E-03
    257.0        5.349        1258.       4.2506E-03
    263.0        5.349        1258.       4.2506E-03
    269.2        5.349        1258.       4.2506E-03
    275.4        5.349        1258.       4.2506E-03
    281.8        5.349        1258.       4.2506E-03
    288.4        5.349        1258.       4.2506E-03
    295.1        5.349        1258.       4.2506E-03
    302.0        5.349        1258.       4.2506E-03
    309.0        5.349        1258.       4.2506E-03
    316.2        5.349        1258.       4.2506E-03
    323.6        5.349        1258.       4.2506E-03
    331.1        5.349        1258.       4.2506E-03
    338.8        5.349        1258.       4.2506E-03
    346.7        5.349        1258.       4.2506E-03
    354.8        5.349        1258.       4.2506E-03
    363.1        5.349        1258.       4.2506E-03
    371.5        5.349        1258.       4.2506E-03
    380.2        5.349        1258.       4.2506E-03
    389.0        5.349        1258.       4.2506E-03
    398.1        5.349        1258.       4.2506E-03
    407.4        5.349        1258.       4.2506E-03
    416.9        5.348        1258.       4.2506E-03
    426.6        5.348        1258.       4.2506E-03
    436.5        5.348        1258.       4.2506E-03
    446.7        5.348        1258.       4.2506E-03
    457.1        5.347        1258.       4.2506E-03
    467.7        5.347        1258.       4.2506E-03
    478.6        5.347        1258.       4.2506E-03
    489.8        5.347        1258.       4.2506E-03
    501.2        5.347        1258.       4.2506E-03
    512.9        5.347        1258.       4.2506E-03
    524.8        5.347        1258.       4.2506E-03
    537.0        5.347        1258.       4.2506E-03
    549.5        5.347        1258.       4.2506E-03
    562.3        5.347        1258.       4.2506E-03
    575.4        5.347        1258.       4.2506E-03
    588.8        5.347        1258.       4.2506E-03
    602.6        5.347        1258.       4.2506E-03
    616.6        5.347        1258.       4.2506E-03
    631.0        5.347        1258.       4.2506E-03
    645.7        5.347        1258.       4.2506E-03
    660.7        5.347        1258.       4.2506E-03
    676.1        5.348        1258.       4.2506E-03
    691.8        5.348        1258.       4.2506E-03
    707.9        5.347        1258.       4.2506E-03
    724.4        5.348        1258.       4.2506E-03
    741.3        5.348        1258.       4.2506E-03
    758.6        5.349        1258.       4.2506E-03
    776.2        5.349        1258.       4.2506E-03
    794.3        5.348        1258.       4.2506E-03
    812.8        5.348        1258.       4.2506E-03
    831.8        5.349        1258.       4.2506E-03
    851.1        5.349        1258.       4.2506E-03
    871.0        5.350        1259.       4.2506E-03
    891.3        5.350        1259.       4.2506E-03
    912.0        5.351        1259.       4.2506E-03
    933.3        5.350        1259.       4.2506E-03
    955.0        5.350        1259.       4.2506E-03
    977.2        5.351        1259.       4.2506E-03
    1000.        5.351        1259.       4.2506E-03
    1023.        5.352        1259.       4.2506E-03
    1047.        5.352        1259.       4.2506E-03
    1072.        5.351        1259.       4.2506E-03
    1096.        5.351        1259.       4.2506E-03
    1122.        5.352        1259.       4.2506E-03
    1148.        5.352        1259.       4.2506E-03
    1175.        5.353        1259.       4.2506E-03
    1202.        5.353        1259.       4.2506E-03
    1230.        5.352        1259.       4.2506E-03
    1259.        5.352        1259.       4.2506E-03
    1288.        5.353        1259.       4.2506E-03
    1318.        5.353        1259.       4.2506E-03
    1349.        5.353        1259.       4.2506E-03
    1380.        5.354        1259.       4.2506E-03
    1413.        5.352        1259.       4.2506E-03
    1445.        5.353        1259.       4.2506E-03
    1479.        5.353        1259.       4.2506E-03
    1514.        5.353        1259.       4.2506E-03
    1549.        5.353        1259.       4.2506E-03
    1585.        5.352        1259.       4.2506E-03
    1622.        5.352        1259.       4.2506E-03
    1660.        5.353        1259.       4.2506E-03
    1698.        5.353        1259.       4.2506E-03
    1738.        5.351        1259.       4.2506E-03
    1778.        5.352        1259.       4.2506E-03
    1820.        5.352        1259.       4.2506E-03
    1862.        5.351        1259.       4.2506E-03
    1905.        5.350        1259.       4.2506E-03
    1950.        5.350        1259.       4.2506E-03
    1995.        5.350        1259.       4.2506E-03
    2042.        5.350        1259.       4.2506E-03
    2089.        5.349        1258.       4.2506E-03
    2138.        5.348        1258.       4.2506E-03
    2188.        5.347        1258.       4.2506E-03
    2239.        5.347        1258.       4.2506E-03
    2291.        5.346        1258.       4.2506E-03
    2344.        5.346        1258.       4.2506E-03
    2399.        5.345        1257.       4.2506E-03
    2455.        5.344        1257.       4.2506E-03
    2512.        5.343        1257.       4.2506E-03
    2570.        5.342        1257.       4.2506E-03
    2630.        5.340        1256.       4.2506E-03
    2692.        5.339        1256.       4.2506E-03
    2754.        5.338        1256.       4.2506E-03
    2818.        5.337        1256.       4.2506E-03
    2884.        5.336        1255.       4.2506E-03
    2951.        5.334        1255.       4.2506E-03
    3020.        5.333        1255.       4.2506E-03
    3090.        5.331        1254.       4.2506E-03
    3162.        5.330        1254.       4.2506E-03
    3236.        5.329        1254.       4.2506E-03
    3311.        5.327        1253.       4.2506E-03
    3388.        5.324        1253.       4.2506E-03
    3467.        5.322        1252.       4.2506E-03
    3548.        5.321        1252.       4.2506E-03
    3631.        5.319        1251.       4.2506E-03
    3715.        5.317        1251.       4.2506E-03
    3802.        5.315        1250.       4.2506E-03
    3890.        5.313        1250.       4.2506E-03
    3981.        5.309        1249.       4.2506E-03
    4074.        5.307        1249.       4.2506E-03
    4169.        5.305        1248.       4.2506E-03
    4266.        5.302        1247.       4.2506E-03
    4365.        5.300        1247.       4.2506E-03
    4467.        5.297        1246.       4.2506E-03
    4571.        5.294        1246.       4.2506E-03
    4677.        5.290        1245.       4.2506E-03
    4786.        5.287        1244.       4.2506E-03
    4898.        5.284        1243.       4.2506E-03
    5012.        5.281        1243.       4.2506E-03
    5129.        5.278        1242.       4.2506E-03
    5248.        5.275        1241.       4.2506E-03
    5370.        5.270        1240.       4.2506E-03
    5495.        5.267        1239.       4.2506E-03
    5623.        5.263        1238.       4.2506E-03
    5754.        5.260        1237.       4.2506E-03
    5888.        5.256        1236.       4.2506E-03
    6026.        5.252        1236.       4.2506E-03
    6166.        5.248        1235.       4.2506E-03
    6310.        5.243        1233.       4.2506E-03
    6457.        5.238        1232.       4.2506E-03
    6607.        5.234        1231.       4.2506E-03
    6761.        5.230        1230.       4.2506E-03
    6918.        5.225        1229.       4.2506E-03
    7079.        5.219        1228.       4.2506E-03
    7244.        5.215        1227.       4.2506E-03
    7413.        5.210        1226.       4.2506E-03
    7586.        5.205        1225.       4.2506E-03
    7762.        5.200        1223.       4.2506E-03
    7943.        5.195        1222.       4.2506E-03
    8128.        5.188        1221.       4.2506E-03
    8318.        5.183        1219.       4.2506E-03
    8511.        5.177        1218.       4.2506E-03
    8710.        5.172        1217.       4.2506E-03
    8913.        5.165        1215.       4.2506E-03
    9120.        5.159        1214.       4.2506E-03
    9333.        5.153        1212.       4.2506E-03
    9550.        5.147        1211.       4.2506E-03
    9772.        5.140        1209.       4.2506E-03
   1.0000E+04    5.134        1208.       4.2506E-03
