# W  xmin =   1.0000E-02 norm= 1
 # norm=1: /r.l, 2: mb/ingredient, 3: /(g/cm2), 4:/cm, 5: area norm 
#  Ee- masele, tprob*NC, tprob, NC 
   0.1000        5.295       2.3904E+05   2.2152E-05
   0.1023        5.298       2.3915E+05   2.2152E-05
   0.1047        5.300       2.3925E+05   2.2152E-05
   0.1072        5.302       2.3935E+05   2.2152E-05
   0.1096        5.304       2.3945E+05   2.2152E-05
   0.1122        5.306       2.3954E+05   2.2152E-05
   0.1148        5.309       2.3964E+05   2.2152E-05
   0.1175        5.311       2.3973E+05   2.2152E-05
   0.1202        5.313       2.3983E+05   2.2152E-05
   0.1230        5.315       2.3992E+05   2.2152E-05
   0.1259        5.317       2.4001E+05   2.2152E-05
   0.1288        5.319       2.4010E+05   2.2152E-05
   0.1318        5.321       2.4018E+05   2.2152E-05
   0.1349        5.323       2.4027E+05   2.2152E-05
   0.1380        5.324       2.4035E+05   2.2152E-05
   0.1413        5.326       2.4044E+05   2.2152E-05
   0.1445        5.328       2.4052E+05   2.2152E-05
   0.1479        5.330       2.4060E+05   2.2152E-05
   0.1514        5.332       2.4068E+05   2.2152E-05
   0.1549        5.333       2.4076E+05   2.2152E-05
   0.1585        5.335       2.4083E+05   2.2152E-05
   0.1622        5.337       2.4091E+05   2.2152E-05
   0.1660        5.338       2.4098E+05   2.2152E-05
   0.1698        5.340       2.4106E+05   2.2152E-05
   0.1738        5.342       2.4113E+05   2.2152E-05
   0.1778        5.343       2.4120E+05   2.2152E-05
   0.1820        5.345       2.4127E+05   2.2152E-05
   0.1862        5.346       2.4134E+05   2.2152E-05
   0.1905        5.348       2.4140E+05   2.2152E-05
   0.1950        5.349       2.4147E+05   2.2152E-05
   0.1995        5.351       2.4154E+05   2.2152E-05
   0.2042        5.352       2.4160E+05   2.2152E-05
   0.2089        5.353       2.4166E+05   2.2152E-05
   0.2138        5.355       2.4173E+05   2.2152E-05
   0.2188        5.356       2.4179E+05   2.2152E-05
   0.2239        5.357       2.4185E+05   2.2152E-05
   0.2291        5.359       2.4191E+05   2.2152E-05
   0.2344        5.360       2.4197E+05   2.2152E-05
   0.2399        5.361       2.4202E+05   2.2152E-05
   0.2455        5.363       2.4208E+05   2.2152E-05
   0.2512        5.364       2.4213E+05   2.2152E-05
   0.2570        5.365       2.4219E+05   2.2152E-05
   0.2630        5.366       2.4224E+05   2.2152E-05
   0.2692        5.367       2.4229E+05   2.2152E-05
   0.2754        5.369       2.4235E+05   2.2152E-05
   0.2818        5.370       2.4240E+05   2.2152E-05
   0.2884        5.371       2.4245E+05   2.2152E-05
   0.2951        5.372       2.4250E+05   2.2152E-05
   0.3020        5.373       2.4255E+05   2.2152E-05
   0.3090        5.374       2.4259E+05   2.2152E-05
   0.3162        5.375       2.4264E+05   2.2152E-05
   0.3236        5.376       2.4269E+05   2.2152E-05
   0.3311        5.377       2.4273E+05   2.2152E-05
   0.3388        5.378       2.4277E+05   2.2152E-05
   0.3467        5.379       2.4282E+05   2.2152E-05
   0.3548        5.380       2.4286E+05   2.2152E-05
   0.3631        5.381       2.4290E+05   2.2152E-05
   0.3715        5.382       2.4294E+05   2.2152E-05
   0.3802        5.383       2.4299E+05   2.2152E-05
   0.3890        5.384       2.4303E+05   2.2152E-05
   0.3981        5.384       2.4306E+05   2.2152E-05
   0.4074        5.385       2.4310E+05   2.2152E-05
   0.4169        5.386       2.4314E+05   2.2152E-05
   0.4266        5.387       2.4318E+05   2.2152E-05
   0.4365        5.388       2.4322E+05   2.2152E-05
   0.4467        5.389       2.4325E+05   2.2152E-05
   0.4571        5.389       2.4329E+05   2.2152E-05
   0.4677        5.390       2.4332E+05   2.2152E-05
   0.4786        5.391       2.4336E+05   2.2152E-05
   0.4898        5.392       2.4339E+05   2.2152E-05
   0.5012        5.392       2.4342E+05   2.2152E-05
   0.5129        5.393       2.4345E+05   2.2152E-05
   0.5248        5.394       2.4349E+05   2.2152E-05
   0.5370        5.394       2.4352E+05   2.2152E-05
   0.5495        5.395       2.4355E+05   2.2152E-05
   0.5623        5.396       2.4358E+05   2.2152E-05
   0.5754        5.396       2.4361E+05   2.2152E-05
   0.5888        5.397       2.4364E+05   2.2152E-05
   0.6026        5.398       2.4366E+05   2.2152E-05
   0.6166        5.398       2.4369E+05   2.2152E-05
   0.6310        5.399       2.4372E+05   2.2152E-05
   0.6457        5.400       2.4375E+05   2.2152E-05
   0.6607        5.400       2.4377E+05   2.2152E-05
   0.6761        5.401       2.4380E+05   2.2152E-05
   0.6918        5.401       2.4382E+05   2.2152E-05
   0.7079        5.402       2.4385E+05   2.2152E-05
   0.7244        5.402       2.4387E+05   2.2152E-05
   0.7413        5.403       2.4390E+05   2.2152E-05
   0.7586        5.403       2.4392E+05   2.2152E-05
   0.7762        5.404       2.4394E+05   2.2152E-05
   0.7943        5.404       2.4397E+05   2.2152E-05
   0.8128        5.405       2.4399E+05   2.2152E-05
   0.8318        5.405       2.4401E+05   2.2152E-05
   0.8511        5.406       2.4403E+05   2.2152E-05
   0.8710        5.406       2.4405E+05   2.2152E-05
   0.8913        5.407       2.4408E+05   2.2152E-05
   0.9120        5.407       2.4410E+05   2.2152E-05
   0.9333        5.408       2.4412E+05   2.2152E-05
   0.9550        5.408       2.4414E+05   2.2152E-05
   0.9772        5.409       2.4415E+05   2.2152E-05
    1.000        5.409       2.4417E+05   2.2152E-05
    1.023        5.409       2.4419E+05   2.2152E-05
    1.047        5.410       2.4421E+05   2.2152E-05
    1.072        5.410       2.4423E+05   2.2152E-05
    1.096        5.411       2.4424E+05   2.2152E-05
    1.122        5.411       2.4426E+05   2.2152E-05
    1.148        5.411       2.4428E+05   2.2152E-05
    1.175        5.412       2.4430E+05   2.2152E-05
    1.202        5.412       2.4431E+05   2.2152E-05
    1.230        5.412       2.4433E+05   2.2152E-05
    1.259        5.413       2.4434E+05   2.2152E-05
    1.288        5.413       2.4436E+05   2.2152E-05
    1.318        5.413       2.4437E+05   2.2152E-05
    1.349        5.414       2.4439E+05   2.2152E-05
    1.380        5.414       2.4440E+05   2.2152E-05
    1.413        5.414       2.4442E+05   2.2152E-05
    1.445        5.415       2.4443E+05   2.2152E-05
    1.479        5.415       2.4444E+05   2.2152E-05
    1.514        5.415       2.4446E+05   2.2152E-05
    1.549        5.416       2.4447E+05   2.2152E-05
    1.585        5.416       2.4448E+05   2.2152E-05
    1.622        5.416       2.4449E+05   2.2152E-05
    1.660        5.416       2.4451E+05   2.2152E-05
    1.698        5.417       2.4452E+05   2.2152E-05
    1.738        5.417       2.4453E+05   2.2152E-05
    1.778        5.417       2.4454E+05   2.2152E-05
    1.820        5.417       2.4455E+05   2.2152E-05
    1.862        5.418       2.4456E+05   2.2152E-05
    1.905        5.418       2.4457E+05   2.2152E-05
    1.950        5.418       2.4459E+05   2.2152E-05
    1.995        5.418       2.4460E+05   2.2152E-05
    2.042        5.419       2.4461E+05   2.2152E-05
    2.089        5.419       2.4462E+05   2.2152E-05
    2.138        5.419       2.4463E+05   2.2152E-05
    2.188        5.419       2.4464E+05   2.2152E-05
    2.239        5.419       2.4464E+05   2.2152E-05
    2.291        5.420       2.4465E+05   2.2152E-05
    2.344        5.420       2.4466E+05   2.2152E-05
    2.399        5.420       2.4467E+05   2.2152E-05
    2.455        5.420       2.4468E+05   2.2152E-05
    2.512        5.420       2.4469E+05   2.2152E-05
    2.570        5.421       2.4470E+05   2.2152E-05
    2.630        5.421       2.4471E+05   2.2152E-05
    2.692        5.421       2.4471E+05   2.2152E-05
    2.754        5.421       2.4472E+05   2.2152E-05
    2.818        5.421       2.4473E+05   2.2152E-05
    2.884        5.421       2.4474E+05   2.2152E-05
    2.951        5.422       2.4474E+05   2.2152E-05
    3.020        5.422       2.4475E+05   2.2152E-05
    3.090        5.422       2.4476E+05   2.2152E-05
    3.162        5.422       2.4476E+05   2.2152E-05
    3.236        5.422       2.4477E+05   2.2152E-05
    3.311        5.422       2.4478E+05   2.2152E-05
    3.388        5.423       2.4478E+05   2.2152E-05
    3.467        5.423       2.4479E+05   2.2152E-05
    3.548        5.423       2.4480E+05   2.2152E-05
    3.631        5.361       2.4200E+05   2.2152E-05
    3.715        5.361       2.4199E+05   2.2152E-05
    3.802        5.360       2.4198E+05   2.2152E-05
    3.890        5.360       2.4197E+05   2.2152E-05
    3.981        5.360       2.4198E+05   2.2152E-05
    4.074        5.360       2.4198E+05   2.2152E-05
    4.169        5.360       2.4197E+05   2.2152E-05
    4.266        5.361       2.4199E+05   2.2152E-05
    4.365        5.361       2.4199E+05   2.2152E-05
    4.467        5.361       2.4199E+05   2.2152E-05
    4.571        5.361       2.4200E+05   2.2152E-05
    4.677        5.361       2.4201E+05   2.2152E-05
    4.786        5.361       2.4201E+05   2.2152E-05
    4.898        5.361       2.4201E+05   2.2152E-05
    5.012        5.362       2.4204E+05   2.2152E-05
    5.129        5.362       2.4206E+05   2.2152E-05
    5.248        5.362       2.4204E+05   2.2152E-05
    5.370        5.362       2.4207E+05   2.2152E-05
    5.495        5.363       2.4210E+05   2.2152E-05
    5.623        5.364       2.4212E+05   2.2152E-05
    5.754        5.363       2.4209E+05   2.2152E-05
    5.888        5.364       2.4212E+05   2.2152E-05
    6.026        5.364       2.4216E+05   2.2152E-05
    6.166        5.365       2.4219E+05   2.2152E-05
    6.310        5.366       2.4222E+05   2.2152E-05
    6.457        5.366       2.4225E+05   2.2152E-05
    6.607        5.366       2.4221E+05   2.2152E-05
    6.761        5.366       2.4225E+05   2.2152E-05
    6.918        5.367       2.4229E+05   2.2152E-05
    7.079        5.368       2.4233E+05   2.2152E-05
    7.244        5.369       2.4237E+05   2.2152E-05
    7.413        5.370       2.4240E+05   2.2152E-05
    7.586        5.369       2.4236E+05   2.2152E-05
    7.762        5.370       2.4240E+05   2.2152E-05
    7.943        5.371       2.4244E+05   2.2152E-05
    8.128        5.372       2.4249E+05   2.2152E-05
    8.318        5.373       2.4253E+05   2.2152E-05
    8.511        5.373       2.4256E+05   2.2152E-05
    8.710        5.374       2.4260E+05   2.2152E-05
    8.913        5.373       2.4257E+05   2.2152E-05
    9.120        5.374       2.4261E+05   2.2152E-05
    9.333        5.375       2.4265E+05   2.2152E-05
    9.550        5.376       2.4269E+05   2.2152E-05
    9.772        5.377       2.4273E+05   2.2152E-05
    10.00        5.378       2.4277E+05   2.2152E-05
    10.23        5.377       2.4274E+05   2.2152E-05
    10.47        5.378       2.4278E+05   2.2152E-05
    10.72        5.379       2.4282E+05   2.2152E-05
    10.96        5.380       2.4286E+05   2.2152E-05
    11.22        5.381       2.4290E+05   2.2152E-05
    11.48        5.380       2.4287E+05   2.2152E-05
    11.75        5.381       2.4291E+05   2.2152E-05
    12.02        5.382       2.4294E+05   2.2152E-05
    12.30        5.383       2.4298E+05   2.2152E-05
    12.59        5.383       2.4301E+05   2.2152E-05
    12.88        5.384       2.4305E+05   2.2152E-05
    13.18        5.383       2.4302E+05   2.2152E-05
    13.49        5.384       2.4305E+05   2.2152E-05
    13.80        5.385       2.4309E+05   2.2152E-05
    14.13        5.386       2.4311E+05   2.2152E-05
    14.45        5.385       2.4309E+05   2.2152E-05
    14.79        5.386       2.4312E+05   2.2152E-05
    15.14        5.386       2.4315E+05   2.2152E-05
    15.49        5.387       2.4317E+05   2.2152E-05
    15.85        5.386       2.4315E+05   2.2152E-05
    16.22        5.387       2.4317E+05   2.2152E-05
    16.60        5.387       2.4319E+05   2.2152E-05
    16.98        5.387       2.4317E+05   2.2152E-05
    17.38        5.387       2.4319E+05   2.2152E-05
    17.78        5.387       2.4320E+05   2.2152E-05
    18.20        5.387       2.4318E+05   2.2152E-05
    18.62        5.387       2.4319E+05   2.2152E-05
    19.05        5.387       2.4318E+05   2.2152E-05
    19.50        5.387       2.4317E+05   2.2152E-05
    19.95        5.387       2.4317E+05   2.2152E-05
    20.42        5.386       2.4315E+05   2.2152E-05
    20.89        5.386       2.4315E+05   2.2152E-05
    21.38        5.386       2.4314E+05   2.2152E-05
    21.88        5.385       2.4309E+05   2.2152E-05
    22.39        5.385       2.4308E+05   2.2152E-05
    22.91        5.385       2.4307E+05   2.2152E-05
    23.44        5.384       2.4306E+05   2.2152E-05
    23.99        5.384       2.4304E+05   2.2152E-05
    24.55        5.382       2.4295E+05   2.2152E-05
    25.12        5.382       2.4293E+05   2.2152E-05
    25.70        5.381       2.4291E+05   2.2152E-05
    26.30        5.380       2.4288E+05   2.2152E-05
    26.92        5.380       2.4284E+05   2.2152E-05
    27.54        5.379       2.4280E+05   2.2152E-05
    28.18        5.376       2.4269E+05   2.2152E-05
    28.84        5.375       2.4265E+05   2.2152E-05
    29.51        5.374       2.4261E+05   2.2152E-05
    30.20        5.373       2.4256E+05   2.2152E-05
    30.90        5.372       2.4250E+05   2.2152E-05
    31.62        5.371       2.4244E+05   2.2152E-05
    32.36        5.369       2.4238E+05   2.2152E-05
    33.11        5.366       2.4224E+05   2.2152E-05
    33.88        5.365       2.4218E+05   2.2152E-05
    34.67        5.363       2.4210E+05   2.2152E-05
    35.48        5.361       2.4203E+05   2.2152E-05
    36.31        5.360       2.4195E+05   2.2152E-05
    37.15        5.358       2.4186E+05   2.2152E-05
    38.02        5.354       2.4169E+05   2.2152E-05
    38.90        5.352       2.4160E+05   2.2152E-05
    39.81        5.350       2.4151E+05   2.2152E-05
    40.74        5.348       2.4141E+05   2.2152E-05
    41.69        5.345       2.4130E+05   2.2152E-05
    42.66        5.343       2.4119E+05   2.2152E-05
    43.65        5.340       2.4107E+05   2.2152E-05
    44.67        5.336       2.4088E+05   2.2152E-05
    45.71        5.333       2.4076E+05   2.2152E-05
    46.77        5.331       2.4063E+05   2.2152E-05
    47.86        5.328       2.4050E+05   2.2152E-05
    48.98        5.325       2.4036E+05   2.2152E-05
    50.12        5.321       2.4022E+05   2.2152E-05
    51.29        5.317       2.4000E+05   2.2152E-05
    52.48        5.313       2.3985E+05   2.2152E-05
    53.70        5.310       2.3970E+05   2.2152E-05
    54.95        5.306       2.3953E+05   2.2152E-05
    56.23        5.302       2.3937E+05   2.2152E-05
    57.54        5.299       2.3919E+05   2.2152E-05
    58.88        5.293       2.3896E+05   2.2152E-05
    60.26        5.289       2.3878E+05   2.2152E-05
    61.66        5.285       2.3859E+05   2.2152E-05
    63.10        5.281       2.3839E+05   2.2152E-05
    64.57        5.276       2.3819E+05   2.2152E-05
    66.07        5.271       2.3794E+05   2.2152E-05
    67.61        5.266       2.3773E+05   2.2152E-05
    69.18        5.262       2.3752E+05   2.2152E-05
    70.79        5.257       2.3729E+05   2.2152E-05
    72.44        5.252       2.3707E+05   2.2152E-05
    74.13        5.246       2.3680E+05   2.2152E-05
    75.86        5.240       2.3656E+05   2.2152E-05
    77.62        5.235       2.3631E+05   2.2152E-05
    79.43        5.229       2.3606E+05   2.2152E-05
    81.28        5.223       2.3578E+05   2.2152E-05
    83.18        5.217       2.3552E+05   2.2152E-05
    85.11        5.211       2.3525E+05   2.2152E-05
    87.10        5.205       2.3496E+05   2.2152E-05
    89.13        5.199       2.3468E+05   2.2152E-05
    91.20        5.192       2.3438E+05   2.2152E-05
    93.33        5.186       2.3409E+05   2.2152E-05
    95.50        5.179       2.3379E+05   2.2152E-05
    97.72        5.172       2.3348E+05   2.2152E-05
    100.0        5.165       2.3316E+05   2.2152E-05
    102.3        5.158       2.3285E+05   2.2152E-05
    104.7        5.151       2.3253E+05   2.2152E-05
    107.2        5.144       2.3220E+05   2.2152E-05
    109.6        5.136       2.3184E+05   2.2152E-05
    112.2        5.128       2.3150E+05   2.2152E-05
    114.8        5.121       2.3116E+05   2.2152E-05
    117.5        5.113       2.3081E+05   2.2152E-05
    120.2        5.105       2.3046E+05   2.2152E-05
    123.0        5.097       2.3010E+05   2.2152E-05
    125.9        5.088       2.2968E+05   2.2152E-05
    128.8        5.080       2.2932E+05   2.2152E-05
    131.8        5.072       2.2894E+05   2.2152E-05
    134.9        5.063       2.2856E+05   2.2152E-05
    138.0        5.055       2.2817E+05   2.2152E-05
    141.3        5.046       2.2778E+05   2.2152E-05
    144.5        5.037       2.2737E+05   2.2152E-05
    147.9        5.028       2.2697E+05   2.2152E-05
    151.4        5.018       2.2650E+05   2.2152E-05
    154.9        5.008       2.2609E+05   2.2152E-05
    158.5        4.999       2.2567E+05   2.2152E-05
    162.2        4.990       2.2524E+05   2.2152E-05
    166.0        4.980       2.2480E+05   2.2152E-05
    169.8        4.970       2.2436E+05   2.2152E-05
    173.8        4.960       2.2392E+05   2.2152E-05
    177.8        4.950       2.2346E+05   2.2152E-05
    182.0        4.940       2.2300E+05   2.2152E-05
    186.2        4.929       2.2248E+05   2.2152E-05
    190.5        4.918       2.2202E+05   2.2152E-05
    195.0        4.908       2.2155E+05   2.2152E-05
    199.5        4.897       2.2107E+05   2.2152E-05
    204.2        4.886       2.2058E+05   2.2152E-05
    208.9        4.876       2.2009E+05   2.2152E-05
    213.8        4.865       2.1960E+05   2.2152E-05
    218.8        4.853       2.1909E+05   2.2152E-05
    223.9        4.842       2.1858E+05   2.2152E-05
    229.1        4.831       2.1807E+05   2.2152E-05
    234.4        4.818       2.1750E+05   2.2152E-05
    239.9        4.807       2.1698E+05   2.2152E-05
    245.5        4.795       2.1645E+05   2.2152E-05
    251.2        4.783       2.1592E+05   2.2152E-05
    257.0        4.771       2.1538E+05   2.2152E-05
    263.0        4.759       2.1483E+05   2.2152E-05
    269.2        4.747       2.1428E+05   2.2152E-05
    275.4        4.734       2.1372E+05   2.2152E-05
    281.8        4.722       2.1316E+05   2.2152E-05
    288.4        4.709       2.1259E+05   2.2152E-05
    295.1        4.696       2.1197E+05   2.2152E-05
    302.0        4.683       2.1140E+05   2.2152E-05
    309.0        4.670       2.1082E+05   2.2152E-05
    316.2        4.657       2.1024E+05   2.2152E-05
    323.6        4.644       2.0965E+05   2.2152E-05
    331.1        4.631       2.0905E+05   2.2152E-05
    338.8        4.618       2.0845E+05   2.2152E-05
    346.7        4.604       2.0785E+05   2.2152E-05
    354.8        4.591       2.0724E+05   2.2152E-05
    363.1        4.577       2.0662E+05   2.2152E-05
    371.5        4.563       2.0600E+05   2.2152E-05
    380.2        4.549       2.0533E+05   2.2152E-05
    389.0        4.535       2.0471E+05   2.2152E-05
    398.1        4.521       2.0408E+05   2.2152E-05
    407.4        4.507       2.0344E+05   2.2152E-05
    416.9        4.493       2.0280E+05   2.2152E-05
    426.6        4.478       2.0216E+05   2.2152E-05
    436.5        4.464       2.0151E+05   2.2152E-05
    446.7        4.449       2.0085E+05   2.2152E-05
    457.1        4.435       2.0019E+05   2.2152E-05
    467.7        4.420       1.9953E+05   2.2152E-05
    478.6        4.405       1.9886E+05   2.2152E-05
    489.8        4.389       1.9815E+05   2.2152E-05
    501.2        4.375       1.9748E+05   2.2152E-05
    512.9        4.360       1.9680E+05   2.2152E-05
    524.8        4.344       1.9612E+05   2.2152E-05
    537.0        4.329       1.9543E+05   2.2152E-05
    549.5        4.314       1.9474E+05   2.2152E-05
    562.3        4.299       1.9405E+05   2.2152E-05
    575.4        4.283       1.9335E+05   2.2152E-05
    588.8        4.268       1.9265E+05   2.2152E-05
    602.6        4.252       1.9194E+05   2.2152E-05
    616.6        4.236       1.9123E+05   2.2152E-05
    631.0        4.220       1.9052E+05   2.2152E-05
    645.7        4.204       1.8977E+05   2.2152E-05
    660.7        4.188       1.8906E+05   2.2152E-05
    676.1        4.172       1.8834E+05   2.2152E-05
    691.8        4.156       1.8761E+05   2.2152E-05
    707.9        4.140       1.8688E+05   2.2152E-05
    724.4        4.124       1.8615E+05   2.2152E-05
    741.3        4.107       1.8542E+05   2.2152E-05
    758.6        4.091       1.8468E+05   2.2152E-05
    776.2        4.075       1.8394E+05   2.2152E-05
    794.3        4.058       1.8320E+05   2.2152E-05
    812.8        4.042       1.8245E+05   2.2152E-05
    831.8        4.025       1.8170E+05   2.2152E-05
    851.1        4.008       1.8093E+05   2.2152E-05
    871.0        3.991       1.8017E+05   2.2152E-05
    891.3        3.975       1.7942E+05   2.2152E-05
    912.0        3.958       1.7866E+05   2.2152E-05
    933.3        3.941       1.7790E+05   2.2152E-05
    955.0        3.924       1.7714E+05   2.2152E-05
    977.2        3.907       1.7637E+05   2.2152E-05
    1000.        3.890       1.7560E+05   2.2152E-05
    1023.        3.873       1.7483E+05   2.2152E-05
    1047.        3.856       1.7406E+05   2.2152E-05
    1072.        3.839       1.7329E+05   2.2152E-05
    1096.        3.821       1.7251E+05   2.2152E-05
    1122.        3.804       1.7171E+05   2.2152E-05
    1148.        3.787       1.7093E+05   2.2152E-05
    1175.        3.769       1.7015E+05   2.2152E-05
    1202.        3.752       1.6937E+05   2.2152E-05
    1230.        3.735       1.6858E+05   2.2152E-05
    1259.        3.717       1.6780E+05   2.2152E-05
    1288.        3.700       1.6701E+05   2.2152E-05
    1318.        3.682       1.6622E+05   2.2152E-05
    1349.        3.665       1.6543E+05   2.2152E-05
    1380.        3.647       1.6464E+05   2.2152E-05
    1413.        3.629       1.6384E+05   2.2152E-05
    1445.        3.612       1.6305E+05   2.2152E-05
    1479.        3.594       1.6224E+05   2.2152E-05
    1514.        3.576       1.6144E+05   2.2152E-05
    1549.        3.559       1.6064E+05   2.2152E-05
    1585.        3.541       1.5984E+05   2.2152E-05
    1622.        3.523       1.5904E+05   2.2152E-05
    1660.        3.505       1.5824E+05   2.2152E-05
    1698.        3.488       1.5744E+05   2.2152E-05
    1738.        3.470       1.5664E+05   2.2152E-05
    1778.        3.452       1.5583E+05   2.2152E-05
    1820.        3.434       1.5503E+05   2.2152E-05
    1862.        3.416       1.5422E+05   2.2152E-05
    1905.        3.399       1.5342E+05   2.2152E-05
    1950.        3.381       1.5260E+05   2.2152E-05
    1995.        3.363       1.5180E+05   2.2152E-05
    2042.        3.345       1.5099E+05   2.2152E-05
    2089.        3.327       1.5019E+05   2.2152E-05
    2138.        3.309       1.4938E+05   2.2152E-05
    2188.        3.291       1.4857E+05   2.2152E-05
    2239.        3.273       1.4776E+05   2.2152E-05
    2291.        3.255       1.4696E+05   2.2152E-05
    2344.        3.238       1.4615E+05   2.2152E-05
    2399.        3.220       1.4534E+05   2.2152E-05
    2455.        3.202       1.4453E+05   2.2152E-05
    2512.        3.184       1.4372E+05   2.2152E-05
    2570.        3.166       1.4292E+05   2.2152E-05
    2630.        3.148       1.4211E+05   2.2152E-05
    2692.        3.130       1.4130E+05   2.2152E-05
    2754.        3.112       1.4050E+05   2.2152E-05
    2818.        3.094       1.3969E+05   2.2152E-05
    2884.        3.077       1.3889E+05   2.2152E-05
    2951.        3.059       1.3808E+05   2.2152E-05
    3020.        3.041       1.3728E+05   2.2152E-05
    3090.        3.023       1.3647E+05   2.2152E-05
    3162.        3.005       1.3567E+05   2.2152E-05
    3236.        2.988       1.3487E+05   2.2152E-05
    3311.        2.970       1.3407E+05   2.2152E-05
    3388.        2.952       1.3327E+05   2.2152E-05
    3467.        2.934       1.3247E+05   2.2152E-05
    3548.        2.917       1.3167E+05   2.2152E-05
    3631.        2.899       1.3087E+05   2.2152E-05
    3715.        2.881       1.3008E+05   2.2152E-05
    3802.        2.864       1.2928E+05   2.2152E-05
    3890.        2.846       1.2849E+05   2.2152E-05
    3981.        2.829       1.2769E+05   2.2152E-05
    4074.        2.811       1.2690E+05   2.2152E-05
    4169.        2.794       1.2611E+05   2.2152E-05
    4266.        2.776       1.2532E+05   2.2152E-05
    4365.        2.759       1.2453E+05   2.2152E-05
    4467.        2.741       1.2375E+05   2.2152E-05
    4571.        2.724       1.2296E+05   2.2152E-05
    4677.        2.707       1.2218E+05   2.2152E-05
    4786.        2.689       1.2140E+05   2.2152E-05
    4898.        2.672       1.2062E+05   2.2152E-05
    5012.        2.655       1.1984E+05   2.2152E-05
    5129.        2.638       1.1906E+05   2.2152E-05
    5248.        2.620       1.1829E+05   2.2152E-05
    5370.        2.603       1.1751E+05   2.2152E-05
    5495.        2.586       1.1674E+05   2.2152E-05
    5623.        2.569       1.1597E+05   2.2152E-05
    5754.        2.552       1.1520E+05   2.2152E-05
    5888.        2.535       1.1444E+05   2.2152E-05
    6026.        2.518       1.1367E+05   2.2152E-05
    6166.        2.501       1.1291E+05   2.2152E-05
    6310.        2.484       1.1215E+05   2.2152E-05
    6457.        2.468       1.1139E+05   2.2152E-05
    6607.        2.451       1.1064E+05   2.2152E-05
    6761.        2.434       1.0988E+05   2.2152E-05
    6918.        2.417       1.0913E+05   2.2152E-05
    7079.        2.401       1.0838E+05   2.2152E-05
    7244.        2.384       1.0763E+05   2.2152E-05
    7413.        2.368       1.0689E+05   2.2152E-05
    7586.        2.351       1.0615E+05   2.2152E-05
    7762.        2.335       1.0541E+05   2.2152E-05
    7943.        2.319       1.0467E+05   2.2152E-05
    8128.        2.302       1.0393E+05   2.2152E-05
    8318.        2.286       1.0320E+05   2.2152E-05
    8511.        2.270       1.0247E+05   2.2152E-05
    8710.        2.254       1.0174E+05   2.2152E-05
    8913.        2.238       1.0101E+05   2.2152E-05
    9120.        2.222       1.0029E+05   2.2152E-05
    9333.        2.206       9.9571E+04   2.2152E-05
    9550.        2.190       9.8853E+04   2.2152E-05
    9772.        2.174       9.8138E+04   2.2152E-05
   1.0000E+04    2.158       9.7425E+04   2.2152E-05
