# W  xmin =   1.0000E-03 norm= 1
 # norm=1: /r.l, 2: mb/ingredient, 3: /(g/cm2), 4:/cm, 5: area norm 
#  Ee- masele, tprob*NC, tprob, NC 
   0.1000        8.425       3.8033E+05   2.2152E-05
   0.1023        8.427       3.8043E+05   2.2152E-05
   0.1047        8.430       3.8053E+05   2.2152E-05
   0.1072        8.432       3.8063E+05   2.2152E-05
   0.1096        8.434       3.8073E+05   2.2152E-05
   0.1122        8.436       3.8083E+05   2.2152E-05
   0.1148        8.438       3.8093E+05   2.2152E-05
   0.1175        8.441       3.8102E+05   2.2152E-05
   0.1202        8.443       3.8112E+05   2.2152E-05
   0.1230        8.445       3.8121E+05   2.2152E-05
   0.1259        8.447       3.8130E+05   2.2152E-05
   0.1288        8.449       3.8139E+05   2.2152E-05
   0.1318        8.451       3.8147E+05   2.2152E-05
   0.1349        8.452       3.8156E+05   2.2152E-05
   0.1380        8.454       3.8165E+05   2.2152E-05
   0.1413        8.456       3.8173E+05   2.2152E-05
   0.1445        8.458       3.8181E+05   2.2152E-05
   0.1479        8.460       3.8189E+05   2.2152E-05
   0.1514        8.462       3.8197E+05   2.2152E-05
   0.1549        8.463       3.8205E+05   2.2152E-05
   0.1585        8.465       3.8213E+05   2.2152E-05
   0.1622        8.467       3.8220E+05   2.2152E-05
   0.1660        8.468       3.8228E+05   2.2152E-05
   0.1698        8.470       3.8235E+05   2.2152E-05
   0.1738        8.472       3.8242E+05   2.2152E-05
   0.1778        8.473       3.8250E+05   2.2152E-05
   0.1820        8.475       3.8257E+05   2.2152E-05
   0.1862        8.476       3.8264E+05   2.2152E-05
   0.1905        8.478       3.8270E+05   2.2152E-05
   0.1950        8.479       3.8277E+05   2.2152E-05
   0.1995        8.481       3.8284E+05   2.2152E-05
   0.2042        8.482       3.8290E+05   2.2152E-05
   0.2089        8.484       3.8296E+05   2.2152E-05
   0.2138        8.485       3.8303E+05   2.2152E-05
   0.2188        8.486       3.8309E+05   2.2152E-05
   0.2239        8.488       3.8315E+05   2.2152E-05
   0.2291        8.489       3.8321E+05   2.2152E-05
   0.2344        8.490       3.8327E+05   2.2152E-05
   0.2399        8.492       3.8332E+05   2.2152E-05
   0.2455        8.493       3.8338E+05   2.2152E-05
   0.2512        8.494       3.8344E+05   2.2152E-05
   0.2570        8.495       3.8349E+05   2.2152E-05
   0.2630        8.496       3.8355E+05   2.2152E-05
   0.2692        8.498       3.8360E+05   2.2152E-05
   0.2754        8.499       3.8365E+05   2.2152E-05
   0.2818        8.500       3.8370E+05   2.2152E-05
   0.2884        8.501       3.8375E+05   2.2152E-05
   0.2951        8.502       3.8380E+05   2.2152E-05
   0.3020        8.503       3.8385E+05   2.2152E-05
   0.3090        8.504       3.8390E+05   2.2152E-05
   0.3162        8.505       3.8394E+05   2.2152E-05
   0.3236        8.506       3.8399E+05   2.2152E-05
   0.3311        8.507       3.8404E+05   2.2152E-05
   0.3388        8.508       3.8408E+05   2.2152E-05
   0.3467        8.509       3.8412E+05   2.2152E-05
   0.3548        8.510       3.8417E+05   2.2152E-05
   0.3631        8.511       3.8421E+05   2.2152E-05
   0.3715        8.512       3.8425E+05   2.2152E-05
   0.3802        8.513       3.8429E+05   2.2152E-05
   0.3890        8.514       3.8433E+05   2.2152E-05
   0.3981        8.515       3.8437E+05   2.2152E-05
   0.4074        8.516       3.8441E+05   2.2152E-05
   0.4169        8.516       3.8445E+05   2.2152E-05
   0.4266        8.517       3.8449E+05   2.2152E-05
   0.4365        8.518       3.8452E+05   2.2152E-05
   0.4467        8.519       3.8456E+05   2.2152E-05
   0.4571        8.520       3.8459E+05   2.2152E-05
   0.4677        8.520       3.8463E+05   2.2152E-05
   0.4786        8.521       3.8466E+05   2.2152E-05
   0.4898        8.522       3.8470E+05   2.2152E-05
   0.5012        8.523       3.8473E+05   2.2152E-05
   0.5129        8.523       3.8476E+05   2.2152E-05
   0.5248        8.524       3.8479E+05   2.2152E-05
   0.5370        8.525       3.8483E+05   2.2152E-05
   0.5495        8.525       3.8486E+05   2.2152E-05
   0.5623        8.526       3.8489E+05   2.2152E-05
   0.5754        8.527       3.8492E+05   2.2152E-05
   0.5888        8.527       3.8495E+05   2.2152E-05
   0.6026        8.528       3.8497E+05   2.2152E-05
   0.6166        8.529       3.8500E+05   2.2152E-05
   0.6310        8.529       3.8503E+05   2.2152E-05
   0.6457        8.530       3.8506E+05   2.2152E-05
   0.6607        8.530       3.8508E+05   2.2152E-05
   0.6761        8.531       3.8511E+05   2.2152E-05
   0.6918        8.532       3.8514E+05   2.2152E-05
   0.7079        8.532       3.8516E+05   2.2152E-05
   0.7244        8.533       3.8518E+05   2.2152E-05
   0.7413        8.533       3.8521E+05   2.2152E-05
   0.7586        8.534       3.8523E+05   2.2152E-05
   0.7762        8.534       3.8526E+05   2.2152E-05
   0.7943        8.535       3.8528E+05   2.2152E-05
   0.8128        8.535       3.8530E+05   2.2152E-05
   0.8318        8.536       3.8532E+05   2.2152E-05
   0.8511        8.536       3.8534E+05   2.2152E-05
   0.8710        8.537       3.8537E+05   2.2152E-05
   0.8913        8.537       3.8539E+05   2.2152E-05
   0.9120        8.538       3.8541E+05   2.2152E-05
   0.9333        8.538       3.8543E+05   2.2152E-05
   0.9550        8.539       3.8545E+05   2.2152E-05
   0.9772        8.539       3.8547E+05   2.2152E-05
    1.000        8.539       3.8549E+05   2.2152E-05
    1.023        8.540       3.8550E+05   2.2152E-05
    1.047        8.540       3.8552E+05   2.2152E-05
    1.072        8.541       3.8554E+05   2.2152E-05
    1.096        8.541       3.8556E+05   2.2152E-05
    1.122        8.541       3.8557E+05   2.2152E-05
    1.148        8.542       3.8559E+05   2.2152E-05
    1.175        8.542       3.8561E+05   2.2152E-05
    1.202        8.542       3.8562E+05   2.2152E-05
    1.230        8.543       3.8564E+05   2.2152E-05
    1.259        8.543       3.8566E+05   2.2152E-05
    1.288        8.544       3.8567E+05   2.2152E-05
    1.318        8.544       3.8569E+05   2.2152E-05
    1.349        8.544       3.8570E+05   2.2152E-05
    1.380        8.544       3.8571E+05   2.2152E-05
    1.413        8.545       3.8573E+05   2.2152E-05
    1.445        8.545       3.8574E+05   2.2152E-05
    1.479        8.545       3.8576E+05   2.2152E-05
    1.514        8.546       3.8577E+05   2.2152E-05
    1.549        8.546       3.8578E+05   2.2152E-05
    1.585        8.546       3.8579E+05   2.2152E-05
    1.622        8.547       3.8581E+05   2.2152E-05
    1.660        8.547       3.8582E+05   2.2152E-05
    1.698        8.547       3.8583E+05   2.2152E-05
    1.738        8.547       3.8584E+05   2.2152E-05
    1.778        8.548       3.8586E+05   2.2152E-05
    1.820        8.548       3.8587E+05   2.2152E-05
    1.862        8.548       3.8588E+05   2.2152E-05
    1.905        8.548       3.8589E+05   2.2152E-05
    1.950        8.549       3.8590E+05   2.2152E-05
    1.995        8.549       3.8591E+05   2.2152E-05
    2.042        8.549       3.8592E+05   2.2152E-05
    2.089        8.549       3.8593E+05   2.2152E-05
    2.138        8.549       3.8594E+05   2.2152E-05
    2.188        8.550       3.8595E+05   2.2152E-05
    2.239        8.550       3.8596E+05   2.2152E-05
    2.291        8.550       3.8597E+05   2.2152E-05
    2.344        8.550       3.8598E+05   2.2152E-05
    2.399        8.550       3.8599E+05   2.2152E-05
    2.455        8.551       3.8599E+05   2.2152E-05
    2.512        8.551       3.8600E+05   2.2152E-05
    2.570        8.551       3.8601E+05   2.2152E-05
    2.630        8.551       3.8602E+05   2.2152E-05
    2.692        8.551       3.8603E+05   2.2152E-05
    2.754        8.552       3.8603E+05   2.2152E-05
    2.818        8.552       3.8604E+05   2.2152E-05
    2.884        8.552       3.8605E+05   2.2152E-05
    2.951        8.552       3.8606E+05   2.2152E-05
    3.020        8.552       3.8606E+05   2.2152E-05
    3.090        8.552       3.8607E+05   2.2152E-05
    3.162        8.553       3.8608E+05   2.2152E-05
    3.236        8.553       3.8609E+05   2.2152E-05
    3.311        8.553       3.8609E+05   2.2152E-05
    3.388        8.553       3.8610E+05   2.2152E-05
    3.467        8.553       3.8610E+05   2.2152E-05
    3.548        8.553       3.8611E+05   2.2152E-05
    3.631        8.445       3.8120E+05   2.2152E-05
    3.715        8.443       3.8112E+05   2.2152E-05
    3.802        8.440       3.8098E+05   2.2152E-05
    3.890        8.438       3.8089E+05   2.2152E-05
    3.981        8.435       3.8079E+05   2.2152E-05
    4.074        8.433       3.8069E+05   2.2152E-05
    4.169        8.430       3.8055E+05   2.2152E-05
    4.266        8.428       3.8044E+05   2.2152E-05
    4.365        8.424       3.8029E+05   2.2152E-05
    4.467        8.422       3.8017E+05   2.2152E-05
    4.571        8.418       3.8002E+05   2.2152E-05
    4.677        8.415       3.7988E+05   2.2152E-05
    4.786        8.412       3.7974E+05   2.2152E-05
    4.898        8.409       3.7958E+05   2.2152E-05
    5.012        8.405       3.7943E+05   2.2152E-05
    5.129        8.402       3.7928E+05   2.2152E-05
    5.248        8.397       3.7908E+05   2.2152E-05
    5.370        8.394       3.7892E+05   2.2152E-05
    5.495        8.390       3.7875E+05   2.2152E-05
    5.623        8.386       3.7858E+05   2.2152E-05
    5.754        8.381       3.7834E+05   2.2152E-05
    5.888        8.377       3.7816E+05   2.2152E-05
    6.026        8.373       3.7798E+05   2.2152E-05
    6.166        8.369       3.7778E+05   2.2152E-05
    6.310        8.364       3.7759E+05   2.2152E-05
    6.457        8.360       3.7738E+05   2.2152E-05
    6.607        8.354       3.7709E+05   2.2152E-05
    6.761        8.349       3.7688E+05   2.2152E-05
    6.918        8.344       3.7667E+05   2.2152E-05
    7.079        8.339       3.7644E+05   2.2152E-05
    7.244        8.334       3.7621E+05   2.2152E-05
    7.413        8.329       3.7597E+05   2.2152E-05
    7.586        8.321       3.7565E+05   2.2152E-05
    7.762        8.316       3.7540E+05   2.2152E-05
    7.943        8.310       3.7515E+05   2.2152E-05
    8.128        8.305       3.7489E+05   2.2152E-05
    8.318        8.299       3.7463E+05   2.2152E-05
    8.511        8.293       3.7435E+05   2.2152E-05
    8.710        8.287       3.7407E+05   2.2152E-05
    8.913        8.279       3.7372E+05   2.2152E-05
    9.120        8.272       3.7343E+05   2.2152E-05
    9.333        8.266       3.7314E+05   2.2152E-05
    9.550        8.259       3.7283E+05   2.2152E-05
    9.772        8.252       3.7253E+05   2.2152E-05
    10.00        8.245       3.7221E+05   2.2152E-05
    10.23        8.237       3.7182E+05   2.2152E-05
    10.47        8.230       3.7150E+05   2.2152E-05
    10.72        8.222       3.7117E+05   2.2152E-05
    10.96        8.215       3.7083E+05   2.2152E-05
    11.22        8.207       3.7048E+05   2.2152E-05
    11.48        8.198       3.7006E+05   2.2152E-05
    11.75        8.190       3.6971E+05   2.2152E-05
    12.02        8.182       3.6935E+05   2.2152E-05
    12.30        8.174       3.6898E+05   2.2152E-05
    12.59        8.166       3.6861E+05   2.2152E-05
    12.88        8.157       3.6822E+05   2.2152E-05
    13.18        8.147       3.6778E+05   2.2152E-05
    13.49        8.139       3.6739E+05   2.2152E-05
    13.80        8.130       3.6699E+05   2.2152E-05
    14.13        8.121       3.6658E+05   2.2152E-05
    14.45        8.110       3.6612E+05   2.2152E-05
    14.79        8.101       3.6570E+05   2.2152E-05
    15.14        8.092       3.6528E+05   2.2152E-05
    15.49        8.082       3.6485E+05   2.2152E-05
    15.85        8.072       3.6437E+05   2.2152E-05
    16.22        8.062       3.6393E+05   2.2152E-05
    16.60        8.052       3.6348E+05   2.2152E-05
    16.98        8.041       3.6298E+05   2.2152E-05
    17.38        8.031       3.6252E+05   2.2152E-05
    17.78        8.020       3.6206E+05   2.2152E-05
    18.20        8.009       3.6155E+05   2.2152E-05
    18.62        7.999       3.6107E+05   2.2152E-05
    19.05        7.987       3.6057E+05   2.2152E-05
    19.50        7.976       3.6006E+05   2.2152E-05
    19.95        7.965       3.5956E+05   2.2152E-05
    20.42        7.953       3.5903E+05   2.2152E-05
    20.89        7.942       3.5852E+05   2.2152E-05
    21.38        7.931       3.5800E+05   2.2152E-05
    21.88        7.918       3.5743E+05   2.2152E-05
    22.39        7.906       3.5690E+05   2.2152E-05
    22.91        7.894       3.5637E+05   2.2152E-05
    23.44        7.882       3.5583E+05   2.2152E-05
    23.99        7.870       3.5527E+05   2.2152E-05
    24.55        7.856       3.5466E+05   2.2152E-05
    25.12        7.844       3.5410E+05   2.2152E-05
    25.70        7.832       3.5353E+05   2.2152E-05
    26.30        7.819       3.5296E+05   2.2152E-05
    26.92        7.806       3.5238E+05   2.2152E-05
    27.54        7.793       3.5179E+05   2.2152E-05
    28.18        7.778       3.5113E+05   2.2152E-05
    28.84        7.765       3.5054E+05   2.2152E-05
    29.51        7.752       3.4994E+05   2.2152E-05
    30.20        7.738       3.4933E+05   2.2152E-05
    30.90        7.725       3.4871E+05   2.2152E-05
    31.62        7.711       3.4809E+05   2.2152E-05
    32.36        7.697       3.4746E+05   2.2152E-05
    33.11        7.682       3.4676E+05   2.2152E-05
    33.88        7.667       3.4612E+05   2.2152E-05
    34.67        7.653       3.4548E+05   2.2152E-05
    35.48        7.639       3.4483E+05   2.2152E-05
    36.31        7.624       3.4418E+05   2.2152E-05
    37.15        7.610       3.4351E+05   2.2152E-05
    38.02        7.593       3.4277E+05   2.2152E-05
    38.90        7.578       3.4210E+05   2.2152E-05
    39.81        7.563       3.4143E+05   2.2152E-05
    40.74        7.548       3.4074E+05   2.2152E-05
    41.69        7.533       3.4006E+05   2.2152E-05
    42.66        7.518       3.3936E+05   2.2152E-05
    43.65        7.502       3.3866E+05   2.2152E-05
    44.67        7.485       3.3788E+05   2.2152E-05
    45.71        7.469       3.3717E+05   2.2152E-05
    46.77        7.453       3.3646E+05   2.2152E-05
    47.86        7.437       3.3574E+05   2.2152E-05
    48.98        7.421       3.3501E+05   2.2152E-05
    50.12        7.405       3.3428E+05   2.2152E-05
    51.29        7.387       3.3347E+05   2.2152E-05
    52.48        7.371       3.3273E+05   2.2152E-05
    53.70        7.354       3.3199E+05   2.2152E-05
    54.95        7.338       3.3123E+05   2.2152E-05
    56.23        7.321       3.3047E+05   2.2152E-05
    57.54        7.304       3.2971E+05   2.2152E-05
    58.88        7.286       3.2888E+05   2.2152E-05
    60.26        7.268       3.2811E+05   2.2152E-05
    61.66        7.251       3.2733E+05   2.2152E-05
    63.10        7.234       3.2655E+05   2.2152E-05
    64.57        7.216       3.2576E+05   2.2152E-05
    66.07        7.198       3.2492E+05   2.2152E-05
    67.61        7.180       3.2412E+05   2.2152E-05
    69.18        7.162       3.2331E+05   2.2152E-05
    70.79        7.144       3.2250E+05   2.2152E-05
    72.44        7.126       3.2169E+05   2.2152E-05
    74.13        7.107       3.2083E+05   2.2152E-05
    75.86        7.089       3.2001E+05   2.2152E-05
    77.62        7.071       3.1918E+05   2.2152E-05
    79.43        7.052       3.1835E+05   2.2152E-05
    81.28        7.033       3.1748E+05   2.2152E-05
    83.18        7.014       3.1664E+05   2.2152E-05
    85.11        6.995       3.1579E+05   2.2152E-05
    87.10        6.976       3.1491E+05   2.2152E-05
    89.13        6.957       3.1406E+05   2.2152E-05
    91.20        6.938       3.1318E+05   2.2152E-05
    93.33        6.919       3.1232E+05   2.2152E-05
    95.50        6.899       3.1144E+05   2.2152E-05
    97.72        6.880       3.1056E+05   2.2152E-05
    100.0        6.860       3.0966E+05   2.2152E-05
    102.3        6.840       3.0878E+05   2.2152E-05
    104.7        6.821       3.0789E+05   2.2152E-05
    107.2        6.801       3.0700E+05   2.2152E-05
    109.6        6.780       3.0607E+05   2.2152E-05
    112.2        6.760       3.0517E+05   2.2152E-05
    114.8        6.740       3.0427E+05   2.2152E-05
    117.5        6.720       3.0336E+05   2.2152E-05
    120.2        6.700       3.0245E+05   2.2152E-05
    123.0        6.680       3.0153E+05   2.2152E-05
    125.9        6.658       3.0056E+05   2.2152E-05
    128.8        6.638       2.9964E+05   2.2152E-05
    131.8        6.617       2.9872E+05   2.2152E-05
    134.9        6.597       2.9779E+05   2.2152E-05
    138.0        6.576       2.9685E+05   2.2152E-05
    141.3        6.555       2.9591E+05   2.2152E-05
    144.5        6.534       2.9497E+05   2.2152E-05
    147.9        6.513       2.9402E+05   2.2152E-05
    151.4        6.491       2.9302E+05   2.2152E-05
    154.9        6.470       2.9207E+05   2.2152E-05
    158.5        6.449       2.9111E+05   2.2152E-05
    162.2        6.428       2.9016E+05   2.2152E-05
    166.0        6.406       2.8919E+05   2.2152E-05
    169.8        6.385       2.8823E+05   2.2152E-05
    173.8        6.363       2.8726E+05   2.2152E-05
    177.8        6.342       2.8628E+05   2.2152E-05
    182.0        6.320       2.8530E+05   2.2152E-05
    186.2        6.297       2.8427E+05   2.2152E-05
    190.5        6.276       2.8329E+05   2.2152E-05
    195.0        6.254       2.8231E+05   2.2152E-05
    199.5        6.232       2.8132E+05   2.2152E-05
    204.2        6.210       2.8033E+05   2.2152E-05
    208.9        6.188       2.7934E+05   2.2152E-05
    213.8        6.166       2.7834E+05   2.2152E-05
    218.8        6.144       2.7734E+05   2.2152E-05
    223.9        6.121       2.7633E+05   2.2152E-05
    229.1        6.099       2.7532E+05   2.2152E-05
    234.4        6.076       2.7427E+05   2.2152E-05
    239.9        6.053       2.7326E+05   2.2152E-05
    245.5        6.031       2.7225E+05   2.2152E-05
    251.2        6.008       2.7123E+05   2.2152E-05
    257.0        5.986       2.7021E+05   2.2152E-05
    263.0        5.963       2.6919E+05   2.2152E-05
    269.2        5.941       2.6817E+05   2.2152E-05
    275.4        5.918       2.6714E+05   2.2152E-05
    281.8        5.895       2.6611E+05   2.2152E-05
    288.4        5.872       2.6508E+05   2.2152E-05
    295.1        5.848       2.6400E+05   2.2152E-05
    302.0        5.825       2.6297E+05   2.2152E-05
    309.0        5.802       2.6193E+05   2.2152E-05
    316.2        5.779       2.6089E+05   2.2152E-05
    323.6        5.756       2.5985E+05   2.2152E-05
    331.1        5.733       2.5881E+05   2.2152E-05
    338.8        5.710       2.5777E+05   2.2152E-05
    346.7        5.687       2.5672E+05   2.2152E-05
    354.8        5.664       2.5567E+05   2.2152E-05
    363.1        5.640       2.5462E+05   2.2152E-05
    371.5        5.617       2.5356E+05   2.2152E-05
    380.2        5.593       2.5247E+05   2.2152E-05
    389.0        5.569       2.5141E+05   2.2152E-05
    398.1        5.546       2.5036E+05   2.2152E-05
    407.4        5.523       2.4930E+05   2.2152E-05
    416.9        5.499       2.4824E+05   2.2152E-05
    426.6        5.476       2.4718E+05   2.2152E-05
    436.5        5.452       2.4612E+05   2.2152E-05
    446.7        5.428       2.4505E+05   2.2152E-05
    457.1        5.405       2.4398E+05   2.2152E-05
    467.7        5.381       2.4292E+05   2.2152E-05
    478.6        5.357       2.4185E+05   2.2152E-05
    489.8        5.333       2.4074E+05   2.2152E-05
    501.2        5.309       2.3967E+05   2.2152E-05
    512.9        5.286       2.3860E+05   2.2152E-05
    524.8        5.262       2.3753E+05   2.2152E-05
    537.0        5.238       2.3646E+05   2.2152E-05
    549.5        5.214       2.3538E+05   2.2152E-05
    562.3        5.190       2.3431E+05   2.2152E-05
    575.4        5.167       2.3323E+05   2.2152E-05
    588.8        5.143       2.3215E+05   2.2152E-05
    602.6        5.119       2.3108E+05   2.2152E-05
    616.6        5.095       2.3000E+05   2.2152E-05
    631.0        5.071       2.2892E+05   2.2152E-05
    645.7        5.046       2.2781E+05   2.2152E-05
    660.7        5.023       2.2673E+05   2.2152E-05
    676.1        4.999       2.2565E+05   2.2152E-05
    691.8        4.975       2.2457E+05   2.2152E-05
    707.9        4.951       2.2349E+05   2.2152E-05
    724.4        4.927       2.2241E+05   2.2152E-05
    741.3        4.903       2.2133E+05   2.2152E-05
    758.6        4.879       2.2025E+05   2.2152E-05
    776.2        4.855       2.1916E+05   2.2152E-05
    794.3        4.831       2.1808E+05   2.2152E-05
    812.8        4.807       2.1700E+05   2.2152E-05
    831.8        4.783       2.1592E+05   2.2152E-05
    851.1        4.759       2.1481E+05   2.2152E-05
    871.0        4.735       2.1373E+05   2.2152E-05
    891.3        4.711       2.1265E+05   2.2152E-05
    912.0        4.687       2.1157E+05   2.2152E-05
    933.3        4.663       2.1049E+05   2.2152E-05
    955.0        4.639       2.0941E+05   2.2152E-05
    977.2        4.615       2.0833E+05   2.2152E-05
    1000.        4.591       2.0725E+05   2.2152E-05
    1023.        4.567       2.0617E+05   2.2152E-05
    1047.        4.543       2.0509E+05   2.2152E-05
    1072.        4.519       2.0401E+05   2.2152E-05
    1096.        4.495       2.0293E+05   2.2152E-05
    1122.        4.471       2.0183E+05   2.2152E-05
    1148.        4.447       2.0076E+05   2.2152E-05
    1175.        4.423       1.9968E+05   2.2152E-05
    1202.        4.400       1.9861E+05   2.2152E-05
    1230.        4.376       1.9753E+05   2.2152E-05
    1259.        4.352       1.9646E+05   2.2152E-05
    1288.        4.328       1.9539E+05   2.2152E-05
    1318.        4.305       1.9432E+05   2.2152E-05
    1349.        4.281       1.9325E+05   2.2152E-05
    1380.        4.257       1.9218E+05   2.2152E-05
    1413.        4.233       1.9111E+05   2.2152E-05
    1445.        4.210       1.9004E+05   2.2152E-05
    1479.        4.186       1.8896E+05   2.2152E-05
    1514.        4.162       1.8790E+05   2.2152E-05
    1549.        4.139       1.8683E+05   2.2152E-05
    1585.        4.115       1.8577E+05   2.2152E-05
    1622.        4.092       1.8471E+05   2.2152E-05
    1660.        4.068       1.8365E+05   2.2152E-05
    1698.        4.045       1.8260E+05   2.2152E-05
    1738.        4.022       1.8154E+05   2.2152E-05
    1778.        3.998       1.8049E+05   2.2152E-05
    1820.        3.975       1.7943E+05   2.2152E-05
    1862.        3.952       1.7838E+05   2.2152E-05
    1905.        3.928       1.7733E+05   2.2152E-05
    1950.        3.905       1.7628E+05   2.2152E-05
    1995.        3.882       1.7523E+05   2.2152E-05
    2042.        3.859       1.7419E+05   2.2152E-05
    2089.        3.836       1.7315E+05   2.2152E-05
    2138.        3.813       1.7211E+05   2.2152E-05
    2188.        3.790       1.7107E+05   2.2152E-05
    2239.        3.767       1.7003E+05   2.2152E-05
    2291.        3.744       1.6900E+05   2.2152E-05
    2344.        3.721       1.6797E+05   2.2152E-05
    2399.        3.698       1.6693E+05   2.2152E-05
    2455.        3.675       1.6590E+05   2.2152E-05
    2512.        3.652       1.6488E+05   2.2152E-05
    2570.        3.630       1.6386E+05   2.2152E-05
    2630.        3.607       1.6283E+05   2.2152E-05
    2692.        3.585       1.6182E+05   2.2152E-05
    2754.        3.562       1.6080E+05   2.2152E-05
    2818.        3.540       1.5978E+05   2.2152E-05
    2884.        3.517       1.5877E+05   2.2152E-05
    2951.        3.495       1.5776E+05   2.2152E-05
    3020.        3.473       1.5676E+05   2.2152E-05
    3090.        3.450       1.5575E+05   2.2152E-05
    3162.        3.428       1.5475E+05   2.2152E-05
    3236.        3.406       1.5375E+05   2.2152E-05
    3311.        3.384       1.5276E+05   2.2152E-05
    3388.        3.362       1.5176E+05   2.2152E-05
    3467.        3.340       1.5077E+05   2.2152E-05
    3548.        3.318       1.4979E+05   2.2152E-05
    3631.        3.296       1.4880E+05   2.2152E-05
    3715.        3.275       1.4782E+05   2.2152E-05
    3802.        3.253       1.4684E+05   2.2152E-05
    3890.        3.231       1.4586E+05   2.2152E-05
    3981.        3.210       1.4489E+05   2.2152E-05
    4074.        3.188       1.4392E+05   2.2152E-05
    4169.        3.167       1.4295E+05   2.2152E-05
    4266.        3.145       1.4199E+05   2.2152E-05
    4365.        3.124       1.4103E+05   2.2152E-05
    4467.        3.103       1.4007E+05   2.2152E-05
    4571.        3.082       1.3911E+05   2.2152E-05
    4677.        3.061       1.3816E+05   2.2152E-05
    4786.        3.040       1.3721E+05   2.2152E-05
    4898.        3.019       1.3627E+05   2.2152E-05
    5012.        2.998       1.3533E+05   2.2152E-05
    5129.        2.977       1.3439E+05   2.2152E-05
    5248.        2.956       1.3345E+05   2.2152E-05
    5370.        2.936       1.3252E+05   2.2152E-05
    5495.        2.915       1.3159E+05   2.2152E-05
    5623.        2.895       1.3066E+05   2.2152E-05
    5754.        2.874       1.2974E+05   2.2152E-05
    5888.        2.854       1.2882E+05   2.2152E-05
    6026.        2.833       1.2791E+05   2.2152E-05
    6166.        2.813       1.2700E+05   2.2152E-05
    6310.        2.793       1.2609E+05   2.2152E-05
    6457.        2.773       1.2518E+05   2.2152E-05
    6607.        2.753       1.2428E+05   2.2152E-05
    6761.        2.733       1.2339E+05   2.2152E-05
    6918.        2.713       1.2249E+05   2.2152E-05
    7079.        2.694       1.2160E+05   2.2152E-05
    7244.        2.674       1.2072E+05   2.2152E-05
    7413.        2.655       1.1983E+05   2.2152E-05
    7586.        2.635       1.1895E+05   2.2152E-05
    7762.        2.616       1.1808E+05   2.2152E-05
    7943.        2.596       1.1720E+05   2.2152E-05
    8128.        2.577       1.1634E+05   2.2152E-05
    8318.        2.558       1.1547E+05   2.2152E-05
    8511.        2.539       1.1461E+05   2.2152E-05
    8710.        2.520       1.1376E+05   2.2152E-05
    8913.        2.501       1.1290E+05   2.2152E-05
    9120.        2.482       1.1205E+05   2.2152E-05
    9333.        2.464       1.1121E+05   2.2152E-05
    9550.        2.445       1.1037E+05   2.2152E-05
    9772.        2.426       1.0953E+05   2.2152E-05
   1.0000E+04    2.408       1.0870E+05   2.2152E-05
