      .00000     7.85327   0.100E-05
      .05000     7.83328   0.100E-05
      .10000     7.74599   0.100E-05
      .15000     7.61411   0.100E-05
      .20000     7.44648   0.100E-05
      .25000     7.25292   0.100E-05
      .30000     7.03983   0.100E-05
      .35000     6.81482   0.100E-05
      .40000     6.58628   0.100E-05
      .45000     6.35593   0.100E-05
      .50000     6.12420   0.100E-05
      .55000     5.89276   0.100E-05
      .60000     5.66431   0.100E-05
      .65000     5.44261   0.100E-05
      .70000     5.22956   0.100E-05
      .75000     5.02806   0.100E-05
      .80000     4.84142   0.100E-05
      .85000     4.67199   0.100E-05
      .90000     4.52130   0.100E-05
      .92500     4.45442   0.100E-05
      .95000     4.40017   0.100E-05
      .97000     4.37233   0.100E-05
      .99000     4.36154   0.100E-05
      .99500     4.36352   0.100E-05
      .99900     4.36397   0.100E-05
      .99950     4.36376   0.100E-05
      .99990     4.36476   0.100E-05
      .99995     4.36555   0.100E-05
      .99999     4.36623   0.100E-05
     1.00000     4.36018   0.100E-05

      .00000     8.38529   0.150E-05
      .05000     8.39187   0.150E-05
      .10000     8.27239   0.150E-05
      .15000     8.07164   0.150E-05
      .20000     7.81859   0.150E-05
      .25000     7.54226   0.150E-05
      .30000     7.25267   0.150E-05
      .35000     6.95767   0.150E-05
      .40000     6.66559   0.150E-05
      .45000     6.37667   0.150E-05
      .50000     6.08974   0.150E-05
      .55000     5.80585   0.150E-05
      .60000     5.52694   0.150E-05
      .65000     5.25608   0.150E-05
      .70000     4.99307   0.150E-05
      .75000     4.73698   0.150E-05
      .80000     4.48638   0.150E-05
      .85000     4.23887   0.150E-05
      .90000     4.00420   0.150E-05
      .92500     3.90445   0.150E-05
      .95000     3.82824   0.150E-05
      .97000     3.79020   0.150E-05
      .99000     3.75410   0.150E-05
      .99500     3.74301   0.150E-05
      .99900     3.74069   0.150E-05
      .99950     3.74125   0.150E-05
      .99990     3.73944   0.150E-05
      .99995     3.73793   0.150E-05
      .99999     3.73665   0.150E-05
     1.00000     3.75587   0.150E-05

      .00000     8.80528   0.200E-05
      .05000     8.80075   0.200E-05
      .10000     8.63765   0.200E-05
      .15000     8.37704   0.200E-05
      .20000     8.05882   0.200E-05
      .25000     7.72174   0.200E-05
      .30000     7.37749   0.200E-05
      .35000     7.03399   0.200E-05
      .40000     6.69913   0.200E-05
      .45000     6.37253   0.200E-05
      .50000     6.05210   0.200E-05
      .55000     5.73860   0.200E-05
      .60000     5.43147   0.200E-05
      .65000     5.13207   0.200E-05
      .70000     4.83927   0.200E-05
      .75000     4.55066   0.200E-05
      .80000     4.26311   0.200E-05
      .85000     3.97230   0.200E-05
      .90000     3.68231   0.200E-05
      .92500     3.54818   0.200E-05
      .95000     3.43720   0.200E-05
      .97000     3.37442   0.200E-05
      .99000     3.32562   0.200E-05
      .99500     3.31227   0.200E-05
      .99900     3.30778   0.200E-05
      .99950     3.30809   0.200E-05
      .99990     3.30606   0.200E-05
      .99995     3.30449   0.200E-05
      .99999     3.30320   0.200E-05
     1.00000     3.32040   0.200E-05

      .00000     9.44642   0.300E-05
      .05000     9.39057   0.300E-05
      .10000     9.13992   0.300E-05
      .15000     8.78090   0.300E-05
      .20000     8.36532   0.300E-05
      .25000     7.94143   0.300E-05
      .30000     7.52170   0.300E-05
      .35000     7.11342   0.300E-05
      .40000     6.72301   0.300E-05
      .45000     6.34907   0.300E-05
      .50000     5.98809   0.300E-05
      .55000     5.64072   0.300E-05
      .60000     5.30179   0.300E-05
      .65000     4.96954   0.300E-05
      .70000     4.64206   0.300E-05
      .75000     4.31596   0.300E-05
      .80000     3.98685   0.300E-05
      .85000     3.64834   0.300E-05
      .90000     3.29150   0.300E-05
      .92500     3.10925   0.300E-05
      .95000     2.94438   0.300E-05
      .97000     2.83802   0.300E-05
      .99000     2.76388   0.300E-05
      .99500     2.74751   0.300E-05
      .99900     2.73747   0.300E-05
      .99950     2.73670   0.300E-05
      .99990     2.73498   0.300E-05
      .99995     2.73407   0.300E-05
      .99999     2.73342   0.300E-05
     1.00000     2.73968   0.300E-05

      .00000     9.92979   0.400E-05
      .05000     9.81696   0.400E-05
      .10000     9.48791   0.400E-05
      .15000     9.05010   0.400E-05
      .20000     8.56198   0.400E-05
      .25000     8.07642   0.400E-05
      .30000     7.60536   0.400E-05
      .35000     7.15446   0.400E-05
      .40000     6.72841   0.400E-05
      .45000     6.32441   0.400E-05
      .50000     5.93852   0.400E-05
      .55000     5.57117   0.400E-05
      .60000     5.21388   0.400E-05
      .65000     4.86271   0.400E-05
      .70000     4.51537   0.400E-05
      .75000     4.16819   0.400E-05
      .80000     3.81616   0.400E-05
      .85000     3.45146   0.400E-05
      .90000     3.05658   0.400E-05
      .92500     2.84577   0.400E-05
      .95000     2.64672   0.400E-05
      .97000     2.50927   0.400E-05
      .99000     2.40890   0.400E-05
      .99500     2.38760   0.400E-05
      .99900     2.37152   0.400E-05
      .99950     2.36967   0.400E-05
      .99990     2.36798   0.400E-05
      .99995     2.36753   0.400E-05
      .99999     2.36730   0.400E-05
     1.00000     2.36695   0.400E-05

      .00000    10.31651   0.500E-05
      .05000    10.15055   0.500E-05
      .10000     9.75274   0.500E-05
      .15000     9.24941   0.500E-05
      .20000     8.70338   0.500E-05
      .25000     8.17030   0.500E-05
      .30000     7.66113   0.500E-05
      .35000     7.17936   0.500E-05
      .40000     6.72780   0.500E-05
      .45000     6.30223   0.500E-05
      .50000     5.89892   0.500E-05
      .55000     5.51753   0.500E-05
      .60000     5.14787   0.500E-05
      .65000     4.78416   0.500E-05
      .70000     4.42392   0.500E-05
      .75000     4.06325   0.500E-05
      .80000     3.69669   0.500E-05
      .85000     3.31538   0.500E-05
      .90000     2.89659   0.500E-05
      .92500     2.66790   0.500E-05
      .95000     2.44621   0.500E-05
      .97000     2.28613   0.500E-05
      .99000     2.16150   0.500E-05
      .99500     2.13454   0.500E-05
      .99900     2.11267   0.500E-05
      .99950     2.10989   0.500E-05
      .99990     2.10799   0.500E-05
      .99995     2.10778   0.500E-05
      .99999     2.10776   0.500E-05
     1.00000     2.10417   0.500E-05

      .00000    10.63768   0.600E-05
      .05000    10.42400   0.600E-05
      .10000     9.96565   0.600E-05
      .15000     9.40625   0.600E-05
      .20000     8.81204   0.600E-05
      .25000     8.24059   0.600E-05
      .30000     7.70162   0.600E-05
      .35000     7.19621   0.600E-05
      .40000     6.72507   0.600E-05
      .45000     6.28299   0.600E-05
      .50000     5.86644   0.600E-05
      .55000     5.47405   0.600E-05
      .60000     5.09523   0.600E-05
      .65000     4.72252   0.600E-05
      .70000     4.35324   0.600E-05
      .75000     3.98327   0.600E-05
      .80000     3.60676   0.600E-05
      .85000     3.21401   0.600E-05
      .90000     2.77933   0.600E-05
      .92500     2.53906   0.600E-05
      .95000     2.30166   0.600E-05
      .97000     2.12438   0.600E-05
      .99000     1.97783   0.600E-05
      .99500     1.94509   0.600E-05
      .99900     1.91795   0.600E-05
      .99950     1.91438   0.600E-05
      .99990     1.91213   0.600E-05
      .99995     1.91201   0.600E-05
      .99999     1.91206   0.600E-05
     1.00000     1.90727   0.600E-05

      .00000    11.14991   0.800E-05
      .05000    10.85602   0.800E-05
      .10000    10.29567   0.800E-05
      .15000     9.64392   0.800E-05
      .20000     8.97229   0.800E-05
      .25000     8.34139   0.800E-05
      .30000     7.75783   0.800E-05
      .35000     7.21810   0.800E-05
      .40000     6.71838   0.800E-05
      .45000     6.25196   0.800E-05
      .50000     5.81568   0.800E-05
      .55000     5.40617   0.800E-05
      .60000     5.01426   0.800E-05
      .65000     4.62938   0.800E-05
      .70000     4.24845   0.800E-05
      .75000     3.86677   0.800E-05
      .80000     3.47771   0.800E-05
      .85000     3.07040   0.800E-05
      .90000     2.61730   0.800E-05
      .92500     2.36447   0.800E-05
      .95000     2.10745   0.800E-05
      .97000     1.90541   0.800E-05
      .99000     1.72107   0.800E-05
      .99500     1.67740   0.800E-05
      .99900     1.64123   0.800E-05
      .99950     1.63642   0.800E-05
      .99990     1.63332   0.800E-05
      .99995     1.63313   0.800E-05
      .99999     1.63311   0.800E-05
     1.00000     1.62900   0.800E-05

      .00000    11.55073   0.100E-04
      .05000    11.18994   0.100E-04
      .10000    10.54520   0.100E-04
      .15000     9.81903   0.100E-04
      .20000     9.08677   0.100E-04
      .25000     8.41120   0.100E-04
      .30000     7.79509   0.100E-04
      .35000     7.23094   0.100E-04
      .40000     6.71118   0.100E-04
      .45000     6.22636   0.100E-04
      .50000     5.77566   0.100E-04
      .55000     5.35307   0.100E-04
      .60000     4.95213   0.100E-04
      .65000     4.55943   0.100E-04
      .70000     4.17153   0.100E-04
      .75000     3.78303   0.100E-04
      .80000     3.38660   0.100E-04
      .85000     2.97075   0.100E-04
      .90000     2.50858   0.100E-04
      .92500     2.25027   0.100E-04
      .95000     1.98179   0.100E-04
      .97000     1.76244   0.100E-04
      .99000     1.54766   0.100E-04
      .99500     1.49466   0.100E-04
      .99900     1.45120   0.100E-04
      .99950     1.44545   0.100E-04
      .99990     1.44153   0.100E-04
      .99995     1.44117   0.100E-04
      .99999     1.44100   0.100E-04
     1.00000     1.43872   0.100E-04

      .00000    12.29079   0.150E-04
      .05000    11.78779   0.150E-04
      .10000    10.97502   0.150E-04
      .15000    10.10980   0.150E-04
      .20000     9.26918   0.150E-04
      .25000     8.51677   0.150E-04
      .30000     7.84625   0.150E-04
      .35000     7.24114   0.150E-04
      .40000     6.68847   0.150E-04
      .45000     6.16939   0.150E-04
      .50000     5.69531   0.150E-04
      .55000     5.24968   0.150E-04
      .60000     4.83535   0.150E-04
      .65000     4.43235   0.150E-04
      .70000     4.03605   0.150E-04
      .75000     3.63949   0.150E-04
      .80000     3.23420   0.150E-04
      .85000     2.80880   0.150E-04
      .90000     2.34021   0.150E-04
      .92500     2.07873   0.150E-04
      .95000     1.79537   0.150E-04
      .97000     1.54855   0.150E-04
      .99000     1.28189   0.150E-04
      .99500     1.21231   0.150E-04
      .99900     1.15595   0.150E-04
      .99950     1.14858   0.150E-04
      .99990     1.14311   0.150E-04
      .99995     1.14237   0.150E-04
      .99999     1.14187   0.150E-04
     1.00000     1.14276   0.150E-04

      .00000    13.06510   0.200E-04
      .05000    12.13155   0.200E-04
      .10000    11.10834   0.200E-04
      .15000    10.19703   0.200E-04
      .20000     9.36966   0.200E-04
      .25000     8.61214   0.200E-04
      .30000     7.91526   0.200E-04
      .35000     7.27162   0.200E-04
      .40000     6.67443   0.200E-04
      .45000     6.11665   0.200E-04
      .50000     5.61692   0.200E-04
      .55000     5.15458   0.200E-04
      .60000     4.73425   0.200E-04
      .65000     4.32892   0.200E-04
      .70000     3.93286   0.200E-04
      .75000     3.54035   0.200E-04
      .80000     3.14124   0.200E-04
      .85000     2.71550   0.200E-04
      .90000     2.23943   0.200E-04
      .92500     1.97444   0.200E-04
      .95000     1.68362   0.200E-04
      .97000     1.42449   0.200E-04
      .99000     1.12865   0.200E-04
      .99500     1.04464   0.200E-04
      .99900      .98097   0.200E-04
      .99950      .97364   0.200E-04
      .99990      .96670   0.200E-04
      .99995      .96568   0.200E-04
      .99999      .96479   0.200E-04
     1.00000      .96670   0.200E-04

      .00000    13.83092   0.300E-04
      .05000    12.70853   0.300E-04
      .10000    11.49943   0.300E-04
      .15000    10.45149   0.300E-04
      .20000     9.51904   0.300E-04
      .25000     8.67719   0.300E-04
      .30000     7.91473   0.300E-04
      .35000     7.22469   0.300E-04
      .40000     6.58019   0.300E-04
      .45000     5.99878   0.300E-04
      .50000     5.48748   0.300E-04
      .55000     5.01611   0.300E-04
      .60000     4.59200   0.300E-04
      .65000     4.18824   0.300E-04
      .70000     3.79203   0.300E-04
      .75000     3.39849   0.300E-04
      .80000     2.99905   0.300E-04
      .85000     2.57710   0.300E-04
      .90000     2.10901   0.300E-04
      .92500     1.84578   0.300E-04
      .95000     1.54922   0.300E-04
      .97000     1.27600   0.300E-04
      .99000      .94702   0.300E-04
      .99500      .84875   0.300E-04
      .99900      .77610   0.300E-04
      .99950      .76780   0.300E-04
      .99990      .75968   0.300E-04
      .99995      .75848   0.300E-04
      .99999      .75736   0.300E-04
     1.00000      .75856   0.300E-04

      .00000    14.40859   0.400E-04
      .05000    13.11946   0.400E-04
      .10000    11.76323   0.400E-04
      .15000    10.61131   0.400E-04
      .20000     9.60026   0.400E-04
      .25000     8.69773   0.400E-04
      .30000     7.88742   0.400E-04
      .35000     7.16059   0.400E-04
      .40000     6.48788   0.400E-04
      .45000     5.88807   0.400E-04
      .50000     5.37302   0.400E-04
      .55000     4.89803   0.400E-04
      .60000     4.46954   0.400E-04
      .65000     4.07056   0.400E-04
      .70000     3.67769   0.400E-04
      .75000     3.28673   0.400E-04
      .80000     2.89039   0.400E-04
      .85000     2.47464   0.400E-04
      .90000     2.01634   0.400E-04
      .92500     1.75717   0.400E-04
      .95000     1.46066   0.400E-04
      .97000     1.18207   0.400E-04
      .99000      .83688   0.400E-04
      .99500      .73180   0.400E-04
      .99900      .65460   0.400E-04
      .99950      .64571   0.400E-04
      .99990      .63710   0.400E-04
      .99995      .63591   0.400E-04
      .99999      .63478   0.400E-04
     1.00000      .63488   0.400E-04

      .00000    14.90026   0.500E-04
      .05000    13.41782   0.500E-04
      .10000    11.92174   0.500E-04
      .15000    10.68494   0.500E-04
      .20000     9.62016   0.500E-04
      .25000     8.68659   0.500E-04
      .30000     7.85752   0.500E-04
      .35000     7.11100   0.500E-04
      .40000     6.42614   0.500E-04
      .45000     5.81540   0.500E-04
      .50000     5.29513   0.500E-04
      .55000     4.81166   0.500E-04
      .60000     4.37024   0.500E-04
      .65000     3.97017   0.500E-04
      .70000     3.57475   0.500E-04
      .75000     3.17836   0.500E-04
      .80000     2.77700   0.500E-04
      .85000     2.36995   0.500E-04
      .90000     1.93962   0.500E-04
      .92500     1.69464   0.500E-04
      .95000     1.40109   0.500E-04
      .97000     1.11246   0.500E-04
      .99000      .75437   0.500E-04
      .99500      .65417   0.500E-04
      .99900      .57239   0.500E-04
      .99950      .56197   0.500E-04
      .99990      .55364   0.500E-04
      .99995      .55265   0.500E-04
      .99999      .55175   0.500E-04
     1.00000      .55079   0.500E-04

      .00000    15.35082   0.600E-04
      .05000    13.68326   0.600E-04
      .10000    12.06199   0.600E-04
      .15000    10.74995   0.600E-04
      .20000     9.63605   0.600E-04
      .25000     8.67348   0.600E-04
      .30000     7.82683   0.600E-04
      .35000     7.05764   0.600E-04
      .40000     6.35576   0.600E-04
      .45000     5.73676   0.600E-04
      .50000     5.20765   0.600E-04
      .55000     4.71492   0.600E-04
      .60000     4.26168   0.600E-04
      .65000     3.86279   0.600E-04
      .70000     3.47453   0.600E-04
      .75000     3.09009   0.600E-04
      .80000     2.70378   0.600E-04
      .85000     2.30686   0.600E-04
      .90000     1.87668   0.600E-04
      .92500     1.63000   0.600E-04
      .95000     1.33739   0.600E-04
      .97000     1.05345   0.600E-04
      .99000      .70046   0.600E-04
      .99500      .59640   0.600E-04
      .99900      .50947   0.600E-04
      .99950      .49914   0.600E-04
      .99990      .49273   0.600E-04
      .99995      .49200   0.600E-04
      .99999      .49043   0.600E-04
     1.00000      .48896   0.600E-04

      .00000    16.19688   0.800E-04
      .05000    14.15639   0.800E-04
      .10000    12.30348   0.800E-04
      .15000    10.85188   0.800E-04
      .20000     9.64741   0.800E-04
      .25000     8.62750   0.800E-04
      .30000     7.74516   0.800E-04
      .35000     6.94383   0.800E-04
      .40000     6.21365   0.800E-04
      .45000     5.59476   0.800E-04
      .50000     5.06022   0.800E-04
      .55000     4.56222   0.800E-04
      .60000     4.09769   0.800E-04
      .65000     3.69812   0.800E-04
      .70000     3.31846   0.800E-04
      .75000     2.93816   0.800E-04
      .80000     2.55313   0.800E-04
      .85000     2.16640   0.800E-04
      .90000     1.76286   0.800E-04
      .92500     1.53304   0.800E-04
      .95000     1.25404   0.800E-04
      .97000      .97190   0.800E-04
      .99000      .60884   0.800E-04
      .99500      .50823   0.800E-04
      .99900      .42480   0.800E-04
      .99950      .41392   0.800E-04
      .99990      .40568   0.800E-04
      .99995      .40486   0.800E-04
      .99999      .40420   0.800E-04
     1.00000      .40215   0.800E-04

      .00000    16.93994   0.100E-03
      .05000    14.54746   0.100E-03
      .10000    12.51018   0.100E-03
      .15000    10.95374   0.100E-03
      .20000     9.68561   0.100E-03
      .25000     8.61574   0.100E-03
      .30000     7.68902   0.100E-03
      .35000     6.85892   0.100E-03
      .40000     6.10705   0.100E-03
      .45000     5.48147   0.100E-03
      .50000     4.93742   0.100E-03
      .55000     4.42741   0.100E-03
      .60000     3.95051   0.100E-03
      .65000     3.54457   0.100E-03
      .70000     3.17904   0.100E-03
      .75000     2.81232   0.100E-03
      .80000     2.43771   0.100E-03
      .85000     2.05965   0.100E-03
      .90000     1.66956   0.100E-03
      .92500     1.45024   0.100E-03
      .95000     1.17971   0.100E-03
      .97000      .90312   0.100E-03
      .99000      .54756   0.100E-03
      .99500      .44837   0.100E-03
      .99900      .36484   0.100E-03
      .99950      .35362   0.100E-03
      .99990      .34590   0.100E-03
      .99995      .34523   0.100E-03
      .99999      .34458   0.100E-03
     1.00000      .34276   0.100E-03

      .00000    18.73528   0.150E-03
      .05000    15.40073   0.150E-03
      .10000    12.95641   0.150E-03
      .15000    11.18537   0.150E-03
      .20000     9.79845   0.150E-03
      .25000     8.62800   0.150E-03
      .30000     7.59189   0.150E-03
      .35000     6.68532   0.150E-03
      .40000     5.91765   0.150E-03
      .45000     5.27548   0.150E-03
      .50000     4.71613   0.150E-03
      .55000     4.19262   0.150E-03
      .60000     3.69869   0.150E-03
      .65000     3.26130   0.150E-03
      .70000     2.90125   0.150E-03
      .75000     2.55315   0.150E-03
      .80000     2.20083   0.150E-03
      .85000     1.84924   0.150E-03
      .90000     1.49031   0.150E-03
      .92500     1.28883   0.150E-03
      .95000     1.03867   0.150E-03
      .97000      .78035   0.150E-03
      .99000      .44445   0.150E-03
      .99500      .34997   0.150E-03
      .99900      .27040   0.150E-03
      .99950      .25974   0.150E-03
      .99990      .25217   0.150E-03
      .99995      .25134   0.150E-03
      .99999      .25037   0.150E-03
     1.00000      .25056   0.150E-03

      .00000    20.30812   0.200E-03
      .05000    16.24655   0.200E-03
      .10000    13.46393   0.200E-03
      .15000    11.44636   0.200E-03
      .20000     9.87265   0.200E-03
      .25000     8.59427   0.200E-03
      .30000     7.50890   0.200E-03
      .35000     6.57378   0.200E-03
      .40000     5.80803   0.200E-03
      .45000     5.16658   0.200E-03
      .50000     4.59548   0.200E-03
      .55000     4.05972   0.200E-03
      .60000     3.54913   0.200E-03
      .65000     3.08097   0.200E-03
      .70000     2.69354   0.200E-03
      .75000     2.35514   0.200E-03
      .80000     2.02247   0.200E-03
      .85000     1.69651   0.200E-03
      .90000     1.36181   0.200E-03
      .92500     1.17128   0.200E-03
      .95000      .93752   0.200E-03
      .97000      .69742   0.200E-03
      .99000      .38029   0.200E-03
      .99500      .28903   0.200E-03
      .99900      .21510   0.200E-03
      .99950      .20557   0.200E-03
      .99990      .19788   0.200E-03
      .99995      .19662   0.200E-03
      .99999      .19574   0.200E-03
     1.00000      .19736   0.200E-03

      .00000    23.25490   0.300E-03
      .05000    17.49451   0.300E-03
      .10000    14.20286   0.300E-03
      .15000    11.95736   0.300E-03
      .20000    10.20457   0.300E-03
      .25000     8.74324   0.300E-03
      .30000     7.55480   0.300E-03
      .35000     6.56122   0.300E-03
      .40000     5.74637   0.300E-03
      .45000     5.07201   0.300E-03
      .50000     4.47291   0.300E-03
      .55000     3.91521   0.300E-03
      .60000     3.38858   0.300E-03
      .65000     2.89818   0.300E-03
      .70000     2.46792   0.300E-03
      .75000     2.12401   0.300E-03
      .80000     1.80810   0.300E-03
      .85000     1.50088   0.300E-03
      .90000     1.19416   0.300E-03
      .92500     1.02371   0.300E-03
      .95000      .81248   0.300E-03
      .97000      .59325   0.300E-03
      .99000      .30563   0.300E-03
      .99500      .22444   0.300E-03
      .99900      .15659   0.300E-03
      .99950      .14751   0.300E-03
      .99990      .14062   0.300E-03
      .99995      .13965   0.300E-03
      .99999      .13840   0.300E-03
     1.00000      .14057   0.300E-03

      .00000    25.73999   0.400E-03
      .05000    18.65190   0.400E-03
      .10000    14.96648   0.400E-03
      .15000    12.45346   0.400E-03
      .20000    10.52676   0.400E-03
      .25000     8.91933   0.400E-03
      .30000     7.65840   0.400E-03
      .35000     6.65026   0.400E-03
      .40000     5.81635   0.400E-03
      .45000     5.10944   0.400E-03
      .50000     4.48261   0.400E-03
      .55000     3.90504   0.400E-03
      .60000     3.36210   0.400E-03
      .65000     2.85178   0.400E-03
      .70000     2.38848   0.400E-03
      .75000     2.00381   0.400E-03
      .80000     1.69553   0.400E-03
      .85000     1.39277   0.400E-03
      .90000     1.09616   0.400E-03
      .92500      .94182   0.400E-03
      .95000      .74576   0.400E-03
      .97000      .53805   0.400E-03
      .99000      .26675   0.400E-03
      .99500      .19040   0.400E-03
      .99900      .12737   0.400E-03
      .99950      .11900   0.400E-03
      .99990      .11240   0.400E-03
      .99995      .11144   0.400E-03
      .99999      .11064   0.400E-03
     1.00000      .11164   0.400E-03

      .00000    27.89619   0.500E-03
      .05000    19.67752   0.500E-03
      .10000    15.68138   0.500E-03
      .15000    12.91435   0.500E-03
      .20000    10.84461   0.500E-03
      .25000     9.14726   0.500E-03
      .30000     7.83063   0.500E-03
      .35000     6.79875   0.500E-03
      .40000     5.94536   0.500E-03
      .45000     5.20942   0.500E-03
      .50000     4.55527   0.500E-03
      .55000     3.95813   0.500E-03
      .60000     3.39965   0.500E-03
      .65000     2.87286   0.500E-03
      .70000     2.38574   0.500E-03
      .75000     1.96227   0.500E-03
      .80000     1.63388   0.500E-03
      .85000     1.33553   0.500E-03
      .90000     1.04524   0.500E-03
      .92500      .89566   0.500E-03
      .95000      .70623   0.500E-03
      .97000      .50542   0.500E-03
      .99000      .24420   0.500E-03
      .99500      .17165   0.500E-03
      .99900      .11057   0.500E-03
      .99950      .10236   0.500E-03
      .99990      .09614   0.500E-03
      .99995      .09539   0.500E-03
      .99999      .09474   0.500E-03
     1.00000      .09447   0.500E-03

      .00000    29.80029   0.600E-03
      .05000    20.59290   0.600E-03
      .10000    16.33705   0.600E-03
      .15000    13.33606   0.600E-03
      .20000    11.13591   0.600E-03
      .25000     9.39107   0.600E-03
      .30000     8.04152   0.600E-03
      .35000     6.98293   0.600E-03
      .40000     6.10459   0.600E-03
      .45000     5.34166   0.600E-03
      .50000     4.66250   0.600E-03
      .55000     4.04611   0.600E-03
      .60000     3.47232   0.600E-03
      .65000     2.93068   0.600E-03
      .70000     2.42441   0.600E-03
      .75000     1.96998   0.600E-03
      .80000     1.60535   0.600E-03
      .85000     1.30772   0.600E-03
      .90000     1.01954   0.600E-03
      .92500      .87154   0.600E-03
      .95000      .68462   0.600E-03
      .97000      .48684   0.600E-03
      .99000      .23085   0.600E-03
      .99500      .16021   0.600E-03
      .99900      .09989   0.600E-03
      .99950      .09175   0.600E-03
      .99990      .08578   0.600E-03
      .99995      .08518   0.600E-03
      .99999      .08465   0.600E-03
     1.00000      .08346   0.600E-03

      .00000    32.99527   0.800E-03
      .05000    22.15825   0.800E-03
      .10000    17.47101   0.800E-03
      .15000    14.09663   0.800E-03
      .20000    11.67971   0.800E-03
      .25000     9.88116   0.800E-03
      .30000     8.49911   0.800E-03
      .35000     7.39585   0.800E-03
      .40000     6.46656   0.800E-03
      .45000     5.65523   0.800E-03
      .50000     4.93383   0.800E-03
      .55000     4.28220   0.800E-03
      .60000     3.67859   0.800E-03
      .65000     3.10903   0.800E-03
      .70000     2.57051   0.800E-03
      .75000     2.06955   0.800E-03
      .80000     1.63370   0.800E-03
      .85000     1.30432   0.800E-03
      .90000     1.01235   0.800E-03
      .92500      .86259   0.800E-03
      .95000      .67412   0.800E-03
      .97000      .47545   0.800E-03
      .99000      .21913   0.800E-03
      .99500      .14830   0.800E-03
      .99900      .08758   0.800E-03
      .99950      .07944   0.800E-03
      .99990      .07362   0.800E-03
      .99995      .07316   0.800E-03
      .99999      .07277   0.800E-03
     1.00000      .07106   0.800E-03

      .00000    35.56744   0.100E-02
      .05000    23.45410   0.100E-02
      .10000    18.40639   0.100E-02
      .15000    14.76335   0.100E-02
      .20000    12.21226   0.100E-02
      .25000    10.36761   0.100E-02
      .30000     8.96008   0.100E-02
      .35000     7.82075   0.100E-02
      .40000     6.84914   0.100E-02
      .45000     5.99783   0.100E-02
      .50000     5.24143   0.100E-02
      .55000     4.55847   0.100E-02
      .60000     3.92651   0.100E-02
      .65000     3.33016   0.100E-02
      .70000     2.76279   0.100E-02
      .75000     2.22429   0.100E-02
      .80000     1.73213   0.100E-02
      .85000     1.33973   0.100E-02
      .90000     1.03784   0.100E-02
      .92500      .88284   0.100E-02
      .95000      .68809   0.100E-02
      .97000      .48310   0.100E-02
      .99000      .21775   0.100E-02
      .99500      .14378   0.100E-02
      .99900      .08129   0.100E-02
      .99950      .07302   0.100E-02
      .99990      .06707   0.100E-02
      .99995      .06658   0.100E-02
      .99999      .06621   0.100E-02
     1.00000      .06494   0.100E-02

      .00000    40.25667   0.150E-02
      .05000    25.88895   0.150E-02
      .10000    20.16734   0.150E-02
      .15000    16.11061   0.150E-02
      .20000    13.49273   0.150E-02
      .25000    11.54986   0.150E-02
      .30000    10.05522   0.150E-02
      .35000     8.82601   0.150E-02
      .40000     7.77255   0.150E-02
      .45000     6.84719   0.150E-02
      .50000     6.02094   0.150E-02
      .55000     5.27030   0.150E-02
      .60000     4.57487   0.150E-02
      .65000     3.91872   0.150E-02
      .70000     3.28973   0.150E-02
      .75000     2.67767   0.150E-02
      .80000     2.08530   0.150E-02
      .85000     1.54736   0.150E-02
      .90000     1.15454   0.150E-02
      .92500      .98002   0.150E-02
      .95000      .76033   0.150E-02
      .97000      .52957   0.150E-02
      .99000      .23020   0.150E-02
      .99500      .14592   0.150E-02
      .99900      .07648   0.150E-02
      .99950      .06743   0.150E-02
      .99990      .06039   0.150E-02
      .99995      .05956   0.150E-02
      .99999      .05892   0.150E-02
     1.00000      .05899   0.150E-02

      .00000    43.42175   0.200E-02
      .05000    27.55630   0.200E-02
      .10000    21.44513   0.200E-02
      .15000    17.21954   0.200E-02
      .20000    14.61232   0.200E-02
      .25000    12.60693   0.200E-02
      .30000    11.03273   0.200E-02
      .35000     9.72429   0.200E-02
      .40000     8.60526   0.200E-02
      .45000     7.62343   0.200E-02
      .50000     6.74383   0.200E-02
      .55000     5.94048   0.200E-02
      .60000     5.19452   0.200E-02
      .65000     4.48945   0.200E-02
      .70000     3.80939   0.200E-02
      .75000     3.13809   0.200E-02
      .80000     2.47190   0.200E-02
      .85000     1.83722   0.200E-02
      .90000     1.30579   0.200E-02
      .92500     1.09742   0.200E-02
      .95000      .84623   0.200E-02
      .97000      .58720   0.200E-02
      .99000      .25009   0.200E-02
      .99500      .15595   0.200E-02
      .99900      .07837   0.200E-02
      .99950      .06793   0.200E-02
      .99990      .05907   0.200E-02
      .99995      .05779   0.200E-02
      .99999      .05640   0.200E-02
     1.00000      .05726   0.200E-02

      .00000    47.38277   0.300E-02
      .05000    29.69830   0.300E-02
      .10000    23.28105   0.300E-02
      .15000    19.06989   0.300E-02
      .20000    16.37830   0.300E-02
      .25000    14.28566   0.300E-02
      .30000    12.62539   0.300E-02
      .35000    11.23433   0.300E-02
      .40000    10.03020   0.300E-02
      .45000     8.96246   0.300E-02
      .50000     8.00033   0.300E-02
      .55000     7.11840   0.300E-02
      .60000     6.29465   0.300E-02
      .65000     5.51005   0.300E-02
      .70000     4.74790   0.300E-02
      .75000     3.99052   0.300E-02
      .80000     3.22514   0.300E-02
      .85000     2.45271   0.300E-02
      .90000     1.69363   0.300E-02
      .92500     1.34656   0.300E-02
      .95000     1.02416   0.300E-02
      .97000      .70299   0.300E-02
      .99000      .29812   0.300E-02
      .99500      .18437   0.300E-02
      .99900      .08723   0.300E-02
      .99950      .07389   0.300E-02
      .99990      .06126   0.300E-02
      .99995      .05855   0.300E-02
      .99999      .05605   0.300E-02
     1.00000      .05579   0.300E-02

      .00000    49.85606   0.400E-02
      .05000    30.87401   0.400E-02
      .10000    24.48538   0.400E-02
      .15000    20.48300   0.400E-02
      .20000    17.77687   0.400E-02
      .25000    15.63906   0.400E-02
      .30000    13.91354   0.400E-02
      .35000    12.45251   0.400E-02
      .40000    11.17929   0.400E-02
      .45000    10.04591   0.400E-02
      .50000     9.02231   0.400E-02
      .55000     8.08278   0.400E-02
      .60000     7.20426   0.400E-02
      .65000     6.36676   0.400E-02
      .70000     5.55297   0.400E-02
      .75000     4.74400   0.400E-02
      .80000     3.91790   0.400E-02
      .85000     3.04821   0.400E-02
      .90000     2.11498   0.400E-02
      .92500     1.63400   0.400E-02
      .95000     1.18978   0.400E-02
      .97000      .81530   0.400E-02
      .99000      .34864   0.400E-02
      .99500      .21560   0.400E-02
      .99900      .09954   0.400E-02
      .99950      .08228   0.400E-02
      .99990      .06492   0.400E-02
      .99995      .06137   0.400E-02
      .99999      .05645   0.400E-02
     1.00000      .05485   0.400E-02

      .00000    51.30644   0.500E-02
      .05000    31.58098   0.500E-02
      .10000    25.49998   0.500E-02
      .15000    21.70885   0.500E-02
      .20000    18.99536   0.500E-02
      .25000    16.78514   0.500E-02
      .30000    14.96173   0.500E-02
      .35000    13.40592   0.500E-02
      .40000    12.06142   0.500E-02
      .45000    10.88062   0.500E-02
      .50000     9.82781   0.500E-02
      .55000     8.87048   0.500E-02
      .60000     7.97681   0.500E-02
      .65000     7.12012   0.500E-02
      .70000     6.28055   0.500E-02
      .75000     5.43532   0.500E-02
      .80000     4.55462   0.500E-02
      .85000     3.59563   0.500E-02
      .90000     2.51474   0.500E-02
      .92500     1.92775   0.500E-02
      .95000     1.34576   0.500E-02
      .97000      .92727   0.500E-02
      .99000      .40154   0.500E-02
      .99500      .24765   0.500E-02
      .99900      .11227   0.500E-02
      .99950      .09140   0.500E-02
      .99990      .06910   0.500E-02
      .99995      .06422   0.500E-02
      .99999      .05738   0.500E-02
     1.00000      .05424   0.500E-02

      .00000    52.54506   0.600E-02
      .05000    32.03690   0.600E-02
      .10000    26.23207   0.600E-02
      .15000    22.56586   0.600E-02
      .20000    19.88246   0.600E-02
      .25000    17.66672   0.600E-02
      .30000    15.82393   0.600E-02
      .35000    14.24097   0.600E-02
      .40000    12.86573   0.600E-02
      .45000    11.65269   0.600E-02
      .50000    10.56772   0.600E-02
      .55000     9.57924   0.600E-02
      .60000     8.65608   0.600E-02
      .65000     7.77118   0.600E-02
      .70000     6.90295   0.600E-02
      .75000     6.02553   0.600E-02
      .80000     5.10371   0.600E-02
      .85000     4.08368   0.600E-02
      .90000     2.90038   0.600E-02
      .92500     2.23157   0.600E-02
      .95000     1.53470   0.600E-02
      .97000     1.03380   0.600E-02
      .99000      .45249   0.600E-02
      .99500      .27999   0.600E-02
      .99900      .12548   0.600E-02
      .99950      .10081   0.600E-02
      .99990      .07333   0.600E-02
      .99995      .06707   0.600E-02
      .99999      .05827   0.600E-02
     1.00000      .05382   0.600E-02

      .00000    54.20055   0.800E-02
      .05000    32.57617   0.800E-02
      .10000    27.34602   0.800E-02
      .15000    23.85966   0.800E-02
      .20000    21.25040   0.800E-02
      .25000    19.04692   0.800E-02
      .30000    17.18927   0.800E-02
      .35000    15.57602   0.800E-02
      .40000    14.16337   0.800E-02
      .45000    12.90956   0.800E-02
      .50000    11.78294   0.800E-02
      .55000    10.75335   0.800E-02
      .60000     9.79073   0.800E-02
      .65000     8.86753   0.800E-02
      .70000     7.95971   0.800E-02
      .75000     7.03709   0.800E-02
      .80000     6.05640   0.800E-02
      .85000     4.94737   0.800E-02
      .90000     3.61085   0.800E-02
      .92500     2.81673   0.800E-02
      .95000     1.93098   0.800E-02
      .97000     1.23594   0.800E-02
      .99000      .55212   0.800E-02
      .99500      .34435   0.800E-02
      .99900      .15212   0.800E-02
      .99950      .11965   0.800E-02
      .99990      .08154   0.800E-02
      .99995      .07256   0.800E-02
      .99999      .05994   0.800E-02
     1.00000      .05329   0.800E-02

      .00000    55.23288   0.100E-01
      .05000    32.90854   0.100E-01
      .10000    28.13725   0.100E-01
      .15000    24.79907   0.100E-01
      .20000    22.26366   0.100E-01
      .25000    20.08841   0.100E-01
      .30000    18.23386   0.100E-01
      .35000    16.60938   0.100E-01
      .40000    15.17811   0.100E-01
      .45000    13.90189   0.100E-01
      .50000    12.75129   0.100E-01
      .55000    11.69752   0.100E-01
      .60000    10.71123   0.100E-01
      .65000     9.76466   0.100E-01
      .70000     8.83214   0.100E-01
      .75000     7.88056   0.100E-01
      .80000     6.86111   0.100E-01
      .85000     5.69170   0.100E-01
      .90000     4.24688   0.100E-01
      .92500     3.36122   0.100E-01
      .95000     2.33165   0.100E-01
      .97000     1.44283   0.100E-01
      .99000      .64765   0.100E-01
      .99500      .40715   0.100E-01
      .99900      .17838   0.100E-01
      .99950      .13805   0.100E-01
      .99990      .08926   0.100E-01
      .99995      .07764   0.100E-01
      .99999      .06143   0.100E-01
     1.00000      .05297   0.100E-01

      .00000    56.59717   0.150E-01
      .05000    33.44591   0.150E-01
      .10000    29.34048   0.150E-01
      .15000    26.31750   0.150E-01
      .20000    23.94151   0.150E-01
      .25000    21.85629   0.150E-01
      .30000    20.04164   0.150E-01
      .35000    18.42796   0.150E-01
      .40000    16.98950   0.150E-01
      .45000    15.69609   0.150E-01
      .50000    14.52344   0.150E-01
      .55000    13.44566   0.150E-01
      .60000    12.43488   0.150E-01
      .65000    11.46299   0.150E-01
      .70000    10.50227   0.150E-01
      .75000     9.51547   0.150E-01
      .80000     8.44520   0.150E-01
      .85000     7.19076   0.150E-01
      .90000     5.58062   0.150E-01
      .92500     4.54636   0.150E-01
      .95000     3.26893   0.150E-01
      .97000     2.04801   0.150E-01
      .99000      .86644   0.150E-01
      .99500      .55403   0.150E-01
      .99900      .24026   0.150E-01
      .99950      .18080   0.150E-01
      .99990      .10635   0.150E-01
      .99995      .08862   0.150E-01
      .99999      .06449   0.150E-01
     1.00000      .05254   0.150E-01

      .00000    57.28667   0.200E-01
      .05000    33.74335   0.200E-01
      .10000    30.02148   0.200E-01
      .15000    27.23167   0.200E-01
      .20000    24.98212   0.200E-01
      .25000    22.98299   0.200E-01
      .30000    21.22021   0.200E-01
      .35000    19.63779   0.200E-01
      .40000    18.21573   0.200E-01
      .45000    16.92958   0.200E-01
      .50000    15.75884   0.200E-01
      .55000    14.68028   0.200E-01
      .60000    13.66785   0.200E-01
      .65000    12.69407   0.200E-01
      .70000    11.73065   0.200E-01
      .75000    10.73790   0.200E-01
      .80000     9.65246   0.200E-01
      .85000     8.35935   0.200E-01
      .90000     6.65321   0.200E-01
      .92500     5.52372   0.200E-01
      .95000     4.08081   0.200E-01
      .97000     2.62456   0.200E-01
      .99000     1.06249   0.200E-01
      .99500      .69257   0.200E-01
      .99900      .29732   0.200E-01
      .99950      .21925   0.200E-01
      .99990      .12086   0.200E-01
      .99995      .09768   0.200E-01
      .99999      .06676   0.200E-01
     1.00000      .05232   0.200E-01

      .00000    58.04907   0.300E-01
      .05000    34.01364   0.300E-01
      .10000    30.77324   0.300E-01
      .15000    28.27583   0.300E-01
      .20000    26.20395   0.300E-01
      .25000    24.34190   0.300E-01
      .30000    22.67947   0.300E-01
      .35000    21.17416   0.300E-01
      .40000    19.81056   0.300E-01
      .45000    18.56888   0.300E-01
      .50000    17.43202   0.300E-01
      .55000    16.37946   0.300E-01
      .60000    15.38658   0.300E-01
      .65000    14.42722   0.300E-01
      .70000    13.47439   0.300E-01
      .75000    12.48783   0.300E-01
      .80000    11.40030   0.300E-01
      .85000    10.08466   0.300E-01
      .90000     8.30017   0.300E-01
      .92500     7.07887   0.300E-01
      .95000     5.45575   0.300E-01
      .97000     3.69734   0.300E-01
      .99000     1.39844   0.300E-01
      .99500      .92716   0.300E-01
      .99900      .39448   0.300E-01
      .99950      .28464   0.300E-01
      .99990      .14540   0.300E-01
      .99995      .11314   0.300E-01
      .99999      .07125   0.300E-01
     1.00000      .05210   0.300E-01

      .00000    58.33458   0.400E-01
      .05000    34.11751   0.400E-01
      .10000    31.17714   0.400E-01
      .15000    28.85959   0.400E-01
      .20000    26.90665   0.400E-01
      .25000    25.14401   0.400E-01
      .30000    23.56207   0.400E-01
      .35000    22.12527   0.400E-01
      .40000    20.81979   0.400E-01
      .45000    19.62790   0.400E-01
      .50000    18.53383   0.400E-01
      .55000    17.51823   0.400E-01
      .60000    16.55711   0.400E-01
      .65000    15.62497   0.400E-01
      .70000    14.69620   0.400E-01
      .75000    13.73101   0.400E-01
      .80000    12.66083   0.400E-01
      .85000    11.35255   0.400E-01
      .90000     9.54526   0.400E-01
      .92500     8.28171   0.400E-01
      .95000     6.56120   0.400E-01
      .97000     4.61666   0.400E-01
      .99000     1.77992   0.400E-01
      .99500     1.12564   0.400E-01
      .99900      .47553   0.400E-01
      .99950      .33873   0.400E-01
      .99990      .16559   0.400E-01
      .99995      .12599   0.400E-01
      .99999      .07538   0.400E-01
     1.00000      .05199   0.400E-01

      .00000    58.35318   0.500E-01
      .05000    34.17593   0.500E-01
      .10000    31.43628   0.500E-01
      .15000    29.23988   0.500E-01
      .20000    27.36916   0.500E-01
      .25000    25.67786   0.500E-01
      .30000    24.15616   0.500E-01
      .35000    22.77318   0.500E-01
      .40000    21.51595   0.500E-01
      .45000    20.36845   0.500E-01
      .50000    19.31535   0.500E-01
      .55000    18.33842   0.500E-01
      .60000    17.41402   0.500E-01
      .65000    16.51697   0.500E-01
      .70000    15.62189   0.500E-01
      .75000    14.68819   0.500E-01
      .80000    13.64421   0.500E-01
      .85000    12.34736   0.500E-01
      .90000    10.52625   0.500E-01
      .92500     9.24542   0.500E-01
      .95000     7.49286   0.500E-01
      .97000     5.44694   0.500E-01
      .99000     2.19893   0.500E-01
      .99500     1.29066   0.500E-01
      .99900      .54160   0.500E-01
      .99950      .38343   0.500E-01
      .99990      .18374   0.500E-01
      .99995      .13820   0.500E-01
      .99999      .07929   0.500E-01
     1.00000      .05192   0.500E-01

      .00000    58.16777   0.600E-01
      .05000    34.18411   0.600E-01
      .10000    31.59810   0.600E-01
      .15000    29.49982   0.600E-01
      .20000    27.69815   0.600E-01
      .25000    26.06653   0.600E-01
      .30000    24.59547   0.600E-01
      .35000    23.25774   0.600E-01
      .40000    22.04124   0.600E-01
      .45000    20.93132   0.600E-01
      .50000    19.91396   0.600E-01
      .55000    18.97293   0.600E-01
      .60000    18.08728   0.600E-01
      .65000    17.23119   0.600E-01
      .70000    16.37155   0.600E-01
      .75000    15.46081   0.600E-01
      .80000    14.42712   0.600E-01
      .85000    13.14255   0.600E-01
      .90000    11.34367   0.600E-01
      .92500    10.06587   0.600E-01
      .95000     8.28231   0.600E-01
      .97000     6.14301   0.600E-01
      .99000     2.60414   0.600E-01
      .99500     1.46794   0.600E-01
      .99900      .60140   0.600E-01
      .99950      .42402   0.600E-01
      .99990      .19964   0.600E-01
      .99995      .14836   0.600E-01
      .99999      .08307   0.600E-01
     1.00000      .05187   0.600E-01

      .00000    57.72517   0.800E-01
      .05000    34.22028   0.800E-01
      .10000    31.82518   0.800E-01
      .15000    29.84866   0.800E-01
      .20000    28.13231   0.800E-01
      .25000    26.57756   0.800E-01
      .30000    25.17564   0.800E-01
      .35000    23.90450   0.800E-01
      .40000    22.75354   0.800E-01
      .45000    21.70914   0.800E-01
      .50000    20.75758   0.800E-01
      .55000    19.88190   0.800E-01
      .60000    19.05864   0.800E-01
      .65000    18.26237   0.800E-01
      .70000    17.46735   0.800E-01
      .75000    16.63220   0.800E-01
      .80000    15.68130   0.800E-01
      .85000    14.45747   0.800E-01
      .90000    12.66386   0.800E-01
      .92500    11.36650   0.800E-01
      .95000     9.55105   0.800E-01
      .97000     7.32795   0.800E-01
      .99000     3.35735   0.800E-01
      .99500     1.86065   0.800E-01
      .99900      .70502   0.800E-01
      .99950      .49289   0.800E-01
      .99990      .22755   0.800E-01
      .99995      .16694   0.800E-01
      .99999      .09026   0.800E-01
     1.00000      .05181   0.800E-01

      .00000    57.29999   0.100E+00
      .05000    34.23114   0.100E+00
      .10000    31.96207   0.100E+00
      .15000    30.06836   0.100E+00
      .20000    28.41154   0.100E+00
      .25000    26.91077   0.100E+00
      .30000    25.55788   0.100E+00
      .35000    24.33440   0.100E+00
      .40000    23.23079   0.100E+00
      .45000    22.23457   0.100E+00
      .50000    21.33315   0.100E+00
      .55000    20.51007   0.100E+00
      .60000    19.74203   0.100E+00
      .65000    19.00388   0.100E+00
      .70000    18.26953   0.100E+00
      .75000    17.49715   0.100E+00
      .80000    16.60915   0.100E+00
      .85000    15.44178   0.100E+00
      .90000    13.68767   0.100E+00
      .92500    12.39874   0.100E+00
      .95000    10.57349   0.100E+00
      .97000     8.29436   0.100E+00
      .99000     4.02904   0.100E+00
      .99500     2.28102   0.100E+00
      .99900      .79416   0.100E+00
      .99950      .55215   0.100E+00
      .99990      .25193   0.100E+00
      .99995      .18353   0.100E+00
      .99999      .09705   0.100E+00
     1.00000      .05178   0.100E+00

      .00000    56.36497   0.150E+00
      .05000    34.24174   0.150E+00
      .10000    32.15471   0.150E+00
      .15000    30.38057   0.150E+00
      .20000    28.81133   0.150E+00
      .25000    27.39099   0.150E+00
      .30000    26.11267   0.150E+00
      .35000    24.96291   0.150E+00
      .40000    23.93430   0.150E+00
      .45000    23.01688   0.150E+00
      .50000    22.20015   0.150E+00
      .55000    21.46971   0.150E+00
      .60000    20.80415   0.150E+00
      .65000    20.17987   0.150E+00
      .70000    19.57156   0.150E+00
      .75000    18.93640   0.150E+00
      .80000    18.19319   0.150E+00
      .85000    17.16623   0.150E+00
      .90000    15.53043   0.150E+00
      .92500    14.28423   0.150E+00
      .95000    12.47212   0.150E+00
      .97000    10.13600   0.150E+00
      .99000     5.44035   0.150E+00
      .99500     3.27351   0.150E+00
      .99900      .98283   0.150E+00
      .99950      .67674   0.150E+00
      .99990      .30369   0.150E+00
      .99995      .21964   0.150E+00
      .99999      .11233   0.150E+00
     1.00000      .05173   0.150E+00

      .00000    55.00314   0.200E+00
      .05000    34.23216   0.200E+00
      .10000    32.25624   0.200E+00
      .15000    30.55406   0.200E+00
      .20000    29.03616   0.200E+00
      .25000    27.66081   0.200E+00
      .30000    26.42238   0.200E+00
      .35000    25.31160   0.200E+00
      .40000    24.32324   0.200E+00
      .45000    23.45021   0.200E+00
      .50000    22.68407   0.200E+00
      .55000    22.01373   0.200E+00
      .60000    21.42223   0.200E+00
      .65000    20.88736   0.200E+00
      .70000    20.37968   0.200E+00
      .75000    19.84465   0.200E+00
      .80000    19.19563   0.200E+00
      .85000    18.28166   0.200E+00
      .90000    16.79440   0.200E+00
      .92500    15.61748   0.200E+00
      .95000    13.83292   0.200E+00
      .97000    11.47762   0.200E+00
      .99000     6.57858   0.200E+00
      .99500     4.13235   0.200E+00
      .99900     1.14507   0.200E+00
      .99950      .78428   0.200E+00
      .99990      .34777   0.200E+00
      .99995      .25050   0.200E+00
      .99999      .12560   0.200E+00
     1.00000      .05171   0.200E+00

      .00000    51.63249   0.300E+00
      .05000    34.23053   0.300E+00
      .10000    32.36130   0.300E+00
      .15000    30.72900   0.300E+00
      .20000    29.26424   0.300E+00
      .25000    27.94012   0.300E+00
      .30000    26.75044   0.300E+00
      .35000    25.68893   0.300E+00
      .40000    24.75133   0.300E+00
      .45000    23.93246   0.300E+00
      .50000    23.22667   0.300E+00
      .55000    22.62531   0.300E+00
      .60000    22.11482   0.300E+00
      .65000    21.67735   0.300E+00
      .70000    21.28847   0.300E+00
      .75000    20.89986   0.300E+00
      .80000    20.43091   0.300E+00
      .85000    19.73311   0.300E+00
      .90000    18.48740   0.300E+00
      .92500    17.42624   0.300E+00
      .95000    15.72999   0.300E+00
      .97000    13.40457   0.300E+00
      .99000     8.31845   0.300E+00
      .99500     5.55428   0.300E+00
      .99900     1.43650   0.300E+00
      .99950      .97519   0.300E+00
      .99990      .42275   0.300E+00
      .99995      .30314   0.300E+00
      .99999      .14769   0.300E+00
     1.00000      .05168   0.300E+00

      .00000    48.77057   0.400E+00
      .05000    34.22855   0.400E+00
      .10000    32.41925   0.400E+00
      .15000    30.82349   0.400E+00
      .20000    29.38573   0.400E+00
      .25000    28.08788   0.400E+00
      .30000    26.92427   0.400E+00
      .35000    25.88976   0.400E+00
      .40000    24.98137   0.400E+00
      .45000    24.19441   0.400E+00
      .50000    23.52403   0.400E+00
      .55000    22.96255   0.400E+00
      .60000    22.49931   0.400E+00
      .65000    22.11942   0.400E+00
      .70000    21.80278   0.400E+00
      .75000    21.50737   0.400E+00
      .80000    21.16147   0.400E+00
      .85000    20.62843   0.400E+00
      .90000    19.58855   0.400E+00
      .92500    18.63455   0.400E+00
      .95000    17.03867   0.400E+00
      .97000    14.77357   0.400E+00
      .99000     9.63203   0.400E+00
      .99500     6.68947   0.400E+00
      .99900     1.69480   0.400E+00
      .99950     1.14644   0.400E+00
      .99990      .48774   0.400E+00
      .99995      .34768   0.400E+00
      .99999      .16630   0.400E+00
     1.00000      .05167   0.400E+00

      .00000    46.69637   0.500E+00
      .05000    34.22485   0.500E+00
      .10000    32.45363   0.500E+00
      .15000    30.88148   0.500E+00
      .20000    29.46185   0.500E+00
      .25000    28.18111   0.500E+00
      .30000    27.03407   0.500E+00
      .35000    26.01698   0.500E+00
      .40000    25.12730   0.500E+00
      .45000    24.36076   0.500E+00
      .50000    23.71236   0.500E+00
      .55000    23.17590   0.500E+00
      .60000    22.74295   0.500E+00
      .65000    22.40189   0.500E+00
      .70000    22.13564   0.500E+00
      .75000    21.90648   0.500E+00
      .80000    21.64978   0.500E+00
      .85000    21.24088   0.500E+00
      .90000    20.36609   0.500E+00
      .92500    19.50638   0.500E+00
      .95000    18.01341   0.500E+00
      .97000    15.83267   0.500E+00
      .99000    10.69648   0.500E+00
      .99500     7.61731   0.500E+00
      .99900     1.92679   0.500E+00
      .99950     1.30450   0.500E+00
      .99990      .54619   0.500E+00
      .99995      .38644   0.500E+00
      .99999      .18323   0.500E+00
     1.00000      .05166   0.500E+00

      .00000    45.26547   0.600E+00
      .05000    34.22159   0.600E+00
      .10000    32.47687   0.600E+00
      .15000    30.92085   0.600E+00
      .20000    29.51436   0.600E+00
      .25000    28.24532   0.600E+00
      .30000    27.10957   0.600E+00
      .35000    26.10442   0.600E+00
      .40000    25.22743   0.600E+00
      .45000    24.47499   0.600E+00
      .50000    23.84259   0.600E+00
      .55000    23.32471   0.600E+00
      .60000    22.91406   0.600E+00
      .65000    22.60091   0.600E+00
      .70000    22.37029   0.600E+00
      .75000    22.18822   0.600E+00
      .80000    21.99632   0.600E+00
      .85000    21.68098   0.600E+00
      .90000    20.94594   0.600E+00
      .92500    20.17708   0.600E+00
      .95000    18.78357   0.600E+00
      .97000    16.67441   0.600E+00
      .99000    11.56540   0.600E+00
      .99500     8.41652   0.600E+00
      .99900     2.27724   0.600E+00
      .99950     1.44754   0.600E+00
      .99990      .59956   0.600E+00
      .99995      .42257   0.600E+00
      .99999      .19852   0.600E+00
     1.00000      .05166   0.600E+00

      .00000    43.44806   0.800E+00
      .05000    34.21634   0.800E+00
      .10000    32.50523   0.800E+00
      .15000    30.97049   0.800E+00
      .20000    29.58144   0.800E+00
      .25000    28.32770   0.800E+00
      .30000    27.20708   0.800E+00
      .35000    26.21764   0.800E+00
      .40000    25.35756   0.800E+00
      .45000    24.62350   0.800E+00
      .50000    24.01228   0.800E+00
      .55000    23.51930   0.800E+00
      .60000    23.13873   0.800E+00
      .65000    22.86287   0.800E+00
      .70000    22.68027   0.800E+00
      .75000    22.56180   0.800E+00
      .80000    22.45842   0.800E+00
      .85000    22.27568   0.800E+00
      .90000    21.75429   0.800E+00
      .92500    21.13809   0.800E+00
      .95000    19.92796   0.800E+00
      .97000    17.96545   0.800E+00
      .99000    12.94739   0.800E+00
      .99500     9.72741   0.800E+00
      .99900     3.14080   0.800E+00
      .99950     1.70525   0.800E+00
      .99990      .69602   0.800E+00
      .99995      .48776   0.800E+00
      .99999      .22608   0.800E+00
     1.00000      .05165   0.800E+00

      .00000    42.29637   0.100E+01
      .05000    34.21248   0.100E+01
      .10000    32.52179   0.100E+01
      .15000    30.99998   0.100E+01
      .20000    29.62209   0.100E+01
      .25000    28.37820   0.100E+01
      .30000    27.26720   0.100E+01
      .35000    26.28775   0.100E+01
      .40000    25.43828   0.100E+01
      .45000    24.71614   0.100E+01
      .50000    24.11839   0.100E+01
      .55000    23.64120   0.100E+01
      .60000    23.27992   0.100E+01
      .65000    23.02805   0.100E+01
      .70000    22.87636   0.100E+01
      .75000    22.79912   0.100E+01
      .80000    22.75363   0.100E+01
      .85000    22.66026   0.100E+01
      .90000    22.29260   0.100E+01
      .92500    21.79578   0.100E+01
      .95000    20.74336   0.100E+01
      .97000    18.92307   0.100E+01
      .99000    14.01616   0.100E+01
      .99500    10.76949   0.100E+01
      .99900     3.86979   0.100E+01
      .99950     1.93408   0.100E+01
      .99990      .78283   0.100E+01
      .99995      .54640   0.100E+01
      .99999      .25067   0.100E+01
     1.00000      .05165   0.100E+01

      .00000    40.54385   0.150E+01
      .05000    34.20581   0.150E+01
      .10000    32.54314   0.150E+01
      .15000    31.03979   0.150E+01
      .20000    29.67651   0.150E+01
      .25000    28.44693   0.150E+01
      .30000    27.35011   0.150E+01
      .35000    26.38519   0.150E+01
      .40000    25.55031   0.150E+01
      .45000    24.84444   0.150E+01
      .50000    24.26559   0.150E+01
      .55000    23.81078   0.150E+01
      .60000    23.47696   0.150E+01
      .65000    23.25975   0.150E+01
      .70000    23.15286   0.150E+01
      .75000    23.13493   0.150E+01
      .80000    23.17325   0.150E+01
      .85000    23.21297   0.150E+01
      .90000    23.08815   0.150E+01
      .92500    22.79489   0.150E+01
      .95000    22.03224   0.150E+01
      .97000    20.51541   0.150E+01
      .99000    15.94843   0.150E+01
      .99500    12.73875   0.150E+01
      .99900     5.36966   0.150E+01
      .99950     2.70205   0.150E+01
      .99990      .97495   0.150E+01
      .99995      .67818   0.150E+01
      .99999      .30385   0.150E+01
     1.00000      .05164   0.150E+01

      .00000    39.54947   0.200E+01
      .05000    34.20168   0.200E+01
      .10000    32.55397   0.200E+01
      .15000    31.06010   0.200E+01
      .20000    29.70422   0.200E+01
      .25000    28.48216   0.200E+01
      .30000    27.39304   0.200E+01
      .35000    26.43573   0.200E+01
      .40000    25.60854   0.200E+01
      .45000    24.91138   0.200E+01
      .50000    24.34242   0.200E+01
      .55000    23.89948   0.200E+01
      .60000    23.58015   0.200E+01
      .65000    23.38133   0.200E+01
      .70000    23.29852   0.200E+01
      .75000    23.31380   0.200E+01
      .80000    23.39995   0.200E+01
      .85000    23.51427   0.200E+01
      .90000    23.52628   0.200E+01
      .92500    23.35544   0.200E+01
      .95000    22.78870   0.200E+01
      .97000    21.51370   0.200E+01
      .99000    17.27647   0.200E+01
      .99500    14.14412   0.200E+01
      .99900     6.54000   0.200E+01
      .99950     3.72020   0.200E+01
      .99990     1.14232   0.200E+01
      .99995      .79305   0.200E+01
      .99999      .34867   0.200E+01
     1.00000      .05164   0.200E+01

      .00000    38.48796   0.300E+01
      .05000    34.19731   0.300E+01
      .10000    32.56569   0.300E+01
      .15000    31.08153   0.300E+01
      .20000    29.73312   0.300E+01
      .25000    28.51869   0.300E+01
      .30000    27.43698   0.300E+01
      .35000    26.48697   0.300E+01
      .40000    25.66748   0.300E+01
      .45000    24.97920   0.300E+01
      .50000    24.42145   0.300E+01
      .55000    23.99309   0.300E+01
      .60000    23.68944   0.300E+01
      .65000    23.50810   0.300E+01
      .70000    23.44817   0.300E+01
      .75000    23.49904   0.300E+01
      .80000    23.64238   0.300E+01
      .85000    23.84338   0.300E+01
      .90000    23.99226   0.300E+01
      .92500    23.94449   0.300E+01
      .95000    23.62932   0.300E+01
      .97000    22.75015   0.300E+01
      .99000    19.07617   0.300E+01
      .99500    15.99422   0.300E+01
      .99900     8.36108   0.300E+01
      .99950     5.35448   0.300E+01
      .99990     1.43126   0.300E+01
      .99995      .97855   0.300E+01
      .99999      .42550   0.300E+01
     1.00000      .05164   0.300E+01

      .00000    37.92909   0.400E+01
      .05000    34.19489   0.400E+01
      .10000    32.57170   0.400E+01
      .15000    31.09209   0.400E+01
      .20000    29.74760   0.400E+01
      .25000    28.53699   0.400E+01
      .30000    27.45908   0.400E+01
      .35000    26.51297   0.400E+01
      .40000    25.69827   0.400E+01
      .45000    25.01498   0.400E+01
      .50000    24.46262   0.400E+01
      .55000    24.04085   0.400E+01
      .60000    23.74489   0.400E+01
      .65000    23.57343   0.400E+01
      .70000    23.52658   0.400E+01
      .75000    23.59593   0.400E+01
      .80000    23.76659   0.400E+01
      .85000    24.01219   0.400E+01
      .90000    24.24400   0.400E+01
      .92500    24.27130   0.400E+01
      .95000    24.09012   0.400E+01
      .97000    23.43474   0.400E+01
      .99000    20.26799   0.400E+01
      .99500    17.35123   0.400E+01
      .99900     9.72223   0.400E+01
      .99950     6.61994   0.400E+01
      .99990     1.68446   0.400E+01
      .99995     1.15120   0.400E+01
      .99999      .49128   0.400E+01
     1.00000      .05164   0.400E+01

      .00000    37.57637   0.500E+01
      .05000    34.19319   0.500E+01
      .10000    32.57539   0.500E+01
      .15000    31.09863   0.500E+01
      .20000    29.75655   0.500E+01
      .25000    28.54802   0.500E+01
      .30000    27.47243   0.500E+01
      .35000    26.52901   0.500E+01
      .40000    25.71732   0.500E+01
      .45000    25.03723   0.500E+01
      .50000    24.48824   0.500E+01
      .55000    24.07027   0.500E+01
      .60000    23.77910   0.500E+01
      .65000    23.61385   0.500E+01
      .70000    23.57539   0.500E+01
      .75000    23.65584   0.500E+01
      .80000    23.84277   0.500E+01
      .85000    24.11639   0.500E+01
      .90000    24.40245   0.500E+01
      .92500    24.47861   0.500E+01
      .95000    24.38400   0.500E+01
      .97000    23.88087   0.500E+01
      .99000    21.11858   0.500E+01
      .99500    18.36079   0.500E+01
      .99900    10.77621   0.500E+01
      .99950     7.60184   0.500E+01
      .99990     1.91195   0.500E+01
      .99995     1.30895   0.500E+01
      .99999      .54992   0.500E+01
     1.00000      .05164   0.500E+01

      .00000    37.32846   0.600E+01
      .05000    34.19212   0.600E+01
      .10000    32.57782   0.600E+01
      .15000    31.10303   0.600E+01
      .20000    29.76256   0.600E+01
      .25000    28.55576   0.600E+01
      .30000    27.48174   0.600E+01
      .35000    26.53995   0.600E+01
      .40000    25.73036   0.600E+01
      .45000    25.05235   0.600E+01
      .50000    24.50578   0.600E+01
      .55000    24.09050   0.600E+01
      .60000    23.80263   0.600E+01
      .65000    23.64156   0.600E+01
      .70000    23.60889   0.600E+01
      .75000    23.69702   0.600E+01
      .80000    23.89507   0.600E+01
      .85000    24.18768   0.600E+01
      .90000    24.51196   0.600E+01
      .92500    24.62308   0.600E+01
      .95000    24.58969   0.600E+01
      .97000    24.19562   0.600E+01
      .99000    21.75807   0.600E+01
      .99500    19.15221   0.600E+01
      .99900    11.65465   0.600E+01
      .99950     8.44425   0.600E+01
      .99990     2.60220   0.600E+01
      .99995     1.45514   0.600E+01
      .99999      .60352   0.600E+01
     1.00000      .05164   0.600E+01

      .00000    37.00685   0.800E+01
      .05000    34.19043   0.800E+01
      .10000    32.58044   0.800E+01
      .15000    31.10847   0.800E+01
      .20000    29.77040   0.800E+01
      .25000    28.56567   0.800E+01
      .30000    27.49367   0.800E+01
      .35000    26.55379   0.800E+01
      .40000    25.74638   0.800E+01
      .45000    25.07098   0.800E+01
      .50000    24.52740   0.800E+01
      .55000    24.11542   0.800E+01
      .60000    23.83183   0.800E+01
      .65000    23.67656   0.800E+01
      .70000    23.65149   0.800E+01
      .75000    23.74953   0.800E+01
      .80000    23.96214   0.800E+01
      .85000    24.27847   0.800E+01
      .90000    24.65137   0.800E+01
      .92500    24.81023   0.800E+01
      .95000    24.85995   0.800E+01
      .97000    24.61082   0.800E+01
      .99000    22.65410   0.800E+01
      .99500    20.32286   0.800E+01
      .99900    13.04413   0.800E+01
      .99950     9.80037   0.800E+01
      .99990     3.74580   0.800E+01
      .99995     1.79592   0.800E+01
      .99999      .70018   0.800E+01
     1.00000      .05164   0.800E+01

      .00000    36.81818   0.100E+02
      .05000    34.18954   0.100E+02
      .10000    32.58064   0.100E+02
      .15000    31.11049   0.100E+02
      .20000    29.77469   0.100E+02
      .25000    28.57158   0.100E+02
      .30000    27.50078   0.100E+02
      .35000    26.56229   0.100E+02
      .40000    25.75638   0.100E+02
      .45000    25.08269   0.100E+02
      .50000    24.54010   0.100E+02
      .55000    24.12822   0.100E+02
      .60000    23.84654   0.100E+02
      .65000    23.69566   0.100E+02
      .70000    23.67749   0.100E+02
      .75000    23.78223   0.100E+02
      .80000    24.00125   0.100E+02
      .85000    24.32928   0.100E+02
      .90000    24.73828   0.100E+02
      .92500    24.93436   0.100E+02
      .95000    25.02962   0.100E+02
      .97000    24.83568   0.100E+02
      .99000    23.24554   0.100E+02
      .99500    21.28584   0.100E+02
      .99900    14.07366   0.100E+02
      .99950    10.75739   0.100E+02
      .99990     4.57677   0.100E+02
      .99995     2.48366   0.100E+02
      .99999      .78238   0.100E+02
     1.00000      .05164   0.100E+02

