      .00000     4.26209   0.100E-05
      .05000     4.34226   0.100E-05
      .10000     4.41027   0.100E-05
      .15000     4.46729   0.100E-05
      .20000     4.51304   0.100E-05
      .25000     4.54770   0.100E-05
      .30000     4.57218   0.100E-05
      .35000     4.58849   0.100E-05
      .40000     4.59941   0.100E-05
      .45000     4.60561   0.100E-05
      .50000     4.60749   0.100E-05
      .55000     4.60563   0.100E-05
      .60000     4.60172   0.100E-05
      .65000     4.59713   0.100E-05
      .70000     4.59151   0.100E-05
      .75000     4.58411   0.100E-05
      .80000     4.57483   0.100E-05
      .85000     4.56663   0.100E-05
      .90000     4.56299   0.100E-05
      .92500     4.56256   0.100E-05
      .95000     4.56080   0.100E-05
      .97000     4.55743   0.100E-05
      .99000     4.55264   0.100E-05
      .99500     4.55113   0.100E-05
      .99900     4.54979   0.100E-05
      .99950     4.54961   0.100E-05
      .99990     4.54947   0.100E-05
      .99995     4.54945   0.100E-05
      .99999     4.54945   0.100E-05
     1.00000     4.54945   0.100E-05

      .00000     4.95553   0.150E-05
      .05000     5.04530   0.150E-05
      .10000     5.11651   0.150E-05
      .15000     5.17104   0.150E-05
      .20000     5.20869   0.150E-05
      .25000     5.23002   0.150E-05
      .30000     5.23676   0.150E-05
      .35000     5.23227   0.150E-05
      .40000     5.22104   0.150E-05
      .45000     5.20419   0.150E-05
      .50000     5.18227   0.150E-05
      .55000     5.15613   0.150E-05
      .60000     5.12758   0.150E-05
      .65000     5.09820   0.150E-05
      .70000     5.06762   0.150E-05
      .75000     5.03489   0.150E-05
      .80000     4.99978   0.150E-05
      .85000     4.96504   0.150E-05
      .90000     4.93437   0.150E-05
      .92500     4.92087   0.150E-05
      .95000     4.90743   0.150E-05
      .97000     4.89679   0.150E-05
      .99000     4.88715   0.150E-05
      .99500     4.88471   0.150E-05
      .99900     4.88262   0.150E-05
      .99950     4.88236   0.150E-05
      .99990     4.88218   0.150E-05
      .99995     4.88215   0.150E-05
      .99999     4.88212   0.150E-05
     1.00000     4.88209   0.150E-05

      .00000     5.46371   0.200E-05
      .05000     5.55668   0.200E-05
      .10000     5.62538   0.200E-05
      .15000     5.67254   0.200E-05
      .20000     5.69824   0.200E-05
      .25000     5.70354   0.200E-05
      .30000     5.69108   0.200E-05
      .35000     5.66565   0.200E-05
      .40000     5.63339   0.200E-05
      .45000     5.59593   0.200E-05
      .50000     5.55400   0.200E-05
      .55000     5.50873   0.200E-05
      .60000     5.46200   0.200E-05
      .65000     5.41546   0.200E-05
      .70000     5.36858   0.200E-05
      .75000     5.31993   0.200E-05
      .80000     5.26878   0.200E-05
      .85000     5.21806   0.200E-05
      .90000     5.17186   0.200E-05
      .92500     5.15098   0.200E-05
      .95000     5.13059   0.200E-05
      .97000     5.11497   0.200E-05
      .99000     5.10088   0.200E-05
      .99500     5.09746   0.200E-05
      .99900     5.09463   0.200E-05
      .99950     5.09429   0.200E-05
      .99990     5.09402   0.200E-05
      .99995     5.09400   0.200E-05
      .99999     5.09398   0.200E-05
     1.00000     5.09393   0.200E-05

      .00000     6.18460   0.300E-05
      .05000     6.29249   0.300E-05
      .10000     6.34969   0.300E-05
      .15000     6.36666   0.300E-05
      .20000     6.35310   0.300E-05
      .25000     6.32015   0.300E-05
      .30000     6.27194   0.300E-05
      .35000     6.21268   0.300E-05
      .40000     6.14758   0.300E-05
      .45000     6.07828   0.300E-05
      .50000     6.00579   0.300E-05
      .55000     5.93164   0.300E-05
      .60000     5.85697   0.300E-05
      .65000     5.78329   0.300E-05
      .70000     5.71101   0.300E-05
      .75000     5.64051   0.300E-05
      .80000     5.57202   0.300E-05
      .85000     5.50515   0.300E-05
      .90000     5.44113   0.300E-05
      .92500     5.41156   0.300E-05
      .95000     5.38334   0.300E-05
      .97000     5.36207   0.300E-05
      .99000     5.34099   0.300E-05
      .99500     5.33599   0.300E-05
      .99900     5.33202   0.300E-05
      .99950     5.33150   0.300E-05
      .99990     5.33112   0.300E-05
      .99995     5.33107   0.300E-05
      .99999     5.33102   0.300E-05
     1.00000     5.33101   0.300E-05

      .00000     6.70978   0.400E-05
      .05000     6.78935   0.400E-05
      .10000     6.82696   0.400E-05
      .15000     6.82947   0.400E-05
      .20000     6.79838   0.400E-05
      .25000     6.73721   0.400E-05
      .30000     6.65204   0.400E-05
      .35000     6.55259   0.400E-05
      .40000     6.45034   0.400E-05
      .45000     6.34851   0.400E-05
      .50000     6.24805   0.400E-05
      .55000     6.15077   0.400E-05
      .60000     6.05770   0.400E-05
      .65000     5.96993   0.400E-05
      .70000     5.88636   0.400E-05
      .75000     5.80360   0.400E-05
      .80000     5.71946   0.400E-05
      .85000     5.63817   0.400E-05
      .90000     5.56571   0.400E-05
      .92500     5.53337   0.400E-05
      .95000     5.50116   0.400E-05
      .97000     5.47531   0.400E-05
      .99000     5.45011   0.400E-05
      .99500     5.44405   0.400E-05
      .99900     5.43920   0.400E-05
      .99950     5.43859   0.400E-05
      .99990     5.43809   0.400E-05
      .99995     5.43805   0.400E-05
      .99999     5.43800   0.400E-05
     1.00000     5.43800   0.400E-05

      .00000     7.10958   0.500E-05
      .05000     7.17576   0.500E-05
      .10000     7.19340   0.500E-05
      .15000     7.17148   0.500E-05
      .20000     7.11238   0.500E-05
      .25000     7.02068   0.500E-05
      .30000     6.90399   0.500E-05
      .35000     6.77386   0.500E-05
      .40000     6.64370   0.500E-05
      .45000     6.51717   0.500E-05
      .50000     6.39526   0.500E-05
      .55000     6.27964   0.500E-05
      .60000     6.17074   0.500E-05
      .65000     6.06914   0.500E-05
      .70000     5.97353   0.500E-05
      .75000     5.87990   0.500E-05
      .80000     5.78572   0.500E-05
      .85000     5.69585   0.500E-05
      .90000     5.61711   0.500E-05
      .92500     5.58243   0.500E-05
      .95000     5.54762   0.500E-05
      .97000     5.51918   0.500E-05
      .99000     5.49107   0.500E-05
      .99500     5.48427   0.500E-05
      .99900     5.47881   0.500E-05
      .99950     5.47814   0.500E-05
      .99990     5.47757   0.500E-05
      .99995     5.47751   0.500E-05
      .99999     5.47746   0.500E-05
     1.00000     5.47747   0.500E-05

      .00000     7.43353   0.600E-05
      .05000     7.48448   0.600E-05
      .10000     7.48136   0.600E-05
      .15000     7.43536   0.600E-05
      .20000     7.34959   0.600E-05
      .25000     7.22968   0.600E-05
      .30000     7.08454   0.600E-05
      .35000     6.92722   0.600E-05
      .40000     6.77271   0.600E-05
      .45000     6.62490   0.600E-05
      .50000     6.48479   0.600E-05
      .55000     6.35368   0.600E-05
      .60000     6.23149   0.600E-05
      .65000     6.11815   0.600E-05
      .70000     6.01220   0.600E-05
      .75000     5.90929   0.600E-05
      .80000     5.80667   0.600E-05
      .85000     5.70974   0.600E-05
      .90000     5.62603   0.600E-05
      .92500     5.58962   0.600E-05
      .95000     5.55288   0.600E-05
      .97000     5.52258   0.600E-05
      .99000     5.49255   0.600E-05
      .99500     5.48525   0.600E-05
      .99900     5.47937   0.600E-05
      .99950     5.47865   0.600E-05
      .99990     5.47805   0.600E-05
      .99995     5.47799   0.600E-05
      .99999     5.47793   0.600E-05
     1.00000     5.47794   0.600E-05

      .00000     7.91340   0.800E-05
      .05000     7.98653   0.800E-05
      .10000     7.94719   0.800E-05
      .15000     7.82911   0.800E-05
      .20000     7.66352   0.800E-05
      .25000     7.48224   0.800E-05
      .30000     7.29437   0.800E-05
      .35000     7.10573   0.800E-05
      .40000     6.92288   0.800E-05
      .45000     6.74760   0.800E-05
      .50000     6.58078   0.800E-05
      .55000     6.42332   0.800E-05
      .60000     6.27504   0.800E-05
      .65000     6.13596   0.800E-05
      .70000     6.00642   0.800E-05
      .75000     5.88583   0.800E-05
      .80000     5.77368   0.800E-05
      .85000     5.66986   0.800E-05
      .90000     5.57648   0.800E-05
      .92500     5.53513   0.800E-05
      .95000     5.49522   0.800E-05
      .97000     5.46394   0.800E-05
      .99000     5.43137   0.800E-05
      .99500     5.42349   0.800E-05
      .99900     5.41722   0.800E-05
      .99950     5.41638   0.800E-05
      .99990     5.41578   0.800E-05
      .99995     5.41571   0.800E-05
      .99999     5.41565   0.800E-05
     1.00000     5.41563   0.800E-05

      .00000     8.29422   0.100E-04
      .05000     8.33998   0.100E-04
      .10000     8.26091   0.100E-04
      .15000     8.09734   0.100E-04
      .20000     7.88467   0.100E-04
      .25000     7.65845   0.100E-04
      .30000     7.42926   0.100E-04
      .35000     7.20429   0.100E-04
      .40000     6.99119   0.100E-04
      .45000     6.79045   0.100E-04
      .50000     6.60095   0.100E-04
      .55000     6.42200   0.100E-04
      .60000     6.25448   0.100E-04
      .65000     6.09869   0.100E-04
      .70000     5.95465   0.100E-04
      .75000     5.82085   0.100E-04
      .80000     5.69637   0.100E-04
      .85000     5.58257   0.100E-04
      .90000     5.48200   0.100E-04
      .92500     5.43735   0.100E-04
      .95000     5.39469   0.100E-04
      .97000     5.36197   0.100E-04
      .99000     5.32858   0.100E-04
      .99500     5.32048   0.100E-04
      .99900     5.31404   0.100E-04
      .99950     5.31319   0.100E-04
      .99990     5.31257   0.100E-04
      .99995     5.31249   0.100E-04
      .99999     5.31242   0.100E-04
     1.00000     5.31242   0.100E-04

      .00000     8.96772   0.150E-04
      .05000     8.94220   0.150E-04
      .10000     8.77153   0.150E-04
      .15000     8.51040   0.150E-04
      .20000     8.20190   0.150E-04
      .25000     7.88780   0.150E-04
      .30000     7.58052   0.150E-04
      .35000     7.28867   0.150E-04
      .40000     7.02088   0.150E-04
      .45000     6.77406   0.150E-04
      .50000     6.54341   0.150E-04
      .55000     6.32449   0.150E-04
      .60000     6.12076   0.150E-04
      .65000     5.93292   0.150E-04
      .70000     5.76025   0.150E-04
      .75000     5.59952   0.150E-04
      .80000     5.44905   0.150E-04
      .85000     5.31319   0.150E-04
      .90000     5.19493   0.150E-04
      .92500     5.14132   0.150E-04
      .95000     5.09137   0.150E-04
      .97000     5.05540   0.150E-04
      .99000     5.02164   0.150E-04
      .99500     5.01351   0.150E-04
      .99900     5.00710   0.150E-04
      .99950     5.00628   0.150E-04
      .99990     5.00568   0.150E-04
      .99995     5.00560   0.150E-04
      .99999     5.00552   0.150E-04
     1.00000     5.00552   0.150E-04

      .00000     9.47579   0.200E-04
      .05000     9.28791   0.200E-04
      .10000     9.02360   0.200E-04
      .15000     8.71935   0.200E-04
      .20000     8.38331   0.200E-04
      .25000     8.02625   0.200E-04
      .30000     7.66189   0.200E-04
      .35000     7.30757   0.200E-04
      .40000     6.98095   0.200E-04
      .45000     6.68431   0.200E-04
      .50000     6.41771   0.200E-04
      .55000     6.17626   0.200E-04
      .60000     5.95597   0.200E-04
      .65000     5.75047   0.200E-04
      .70000     5.55875   0.200E-04
      .75000     5.37856   0.200E-04
      .80000     5.20847   0.200E-04
      .85000     5.05042   0.200E-04
      .90000     4.90957   0.200E-04
      .92500     4.84804   0.200E-04
      .95000     4.79175   0.200E-04
      .97000     4.75220   0.200E-04
      .99000     4.71811   0.200E-04
      .99500     4.71099   0.200E-04
      .99900     4.70444   0.200E-04
      .99950     4.70353   0.200E-04
      .99990     4.70298   0.200E-04
      .99995     4.70294   0.200E-04
      .99999     4.70287   0.200E-04
     1.00000     4.70287   0.200E-04

      .00000    10.11111   0.300E-04
      .05000     9.77946   0.300E-04
      .10000     9.37740   0.300E-04
      .15000     8.95370   0.300E-04
      .20000     8.51590   0.300E-04
      .25000     8.07326   0.300E-04
      .30000     7.63783   0.300E-04
      .35000     7.22443   0.300E-04
      .40000     6.84544   0.300E-04
      .45000     6.50409   0.300E-04
      .50000     6.19820   0.300E-04
      .55000     5.92083   0.300E-04
      .60000     5.66677   0.300E-04
      .65000     5.42864   0.300E-04
      .70000     5.20440   0.300E-04
      .75000     4.99171   0.300E-04
      .80000     4.78922   0.300E-04
      .85000     4.59896   0.300E-04
      .90000     4.42641   0.300E-04
      .92500     4.34963   0.300E-04
      .95000     4.27966   0.300E-04
      .97000     4.23184   0.300E-04
      .99000     4.19564   0.300E-04
      .99500     4.18993   0.300E-04
      .99900     4.18354   0.300E-04
      .99950     4.18246   0.300E-04
      .99990     4.18193   0.300E-04
      .99995     4.18195   0.300E-04
      .99999     4.18177   0.300E-04
     1.00000     4.18189   0.300E-04

      .00000    10.46095   0.400E-04
      .05000    10.14384   0.400E-04
      .10000     9.64942   0.400E-04
      .15000     9.08485   0.400E-04
      .20000     8.51364   0.400E-04
      .25000     7.98861   0.400E-04
      .30000     7.51454   0.400E-04
      .35000     7.08807   0.400E-04
      .40000     6.70281   0.400E-04
      .45000     6.35287   0.400E-04
      .50000     6.02856   0.400E-04
      .55000     5.72005   0.400E-04
      .60000     5.43207   0.400E-04
      .65000     5.16556   0.400E-04
      .70000     4.91652   0.400E-04
      .75000     4.68027   0.400E-04
      .80000     4.45441   0.400E-04
      .85000     4.24426   0.400E-04
      .90000     4.05038   0.400E-04
      .92500     3.95763   0.400E-04
      .95000     3.87446   0.400E-04
      .97000     3.82121   0.400E-04
      .99000     3.78256   0.400E-04
      .99500     3.77434   0.400E-04
      .99900     3.76828   0.400E-04
      .99950     3.76758   0.400E-04
      .99990     3.76704   0.400E-04
      .99995     3.76694   0.400E-04
      .99999     3.76692   0.400E-04
     1.00000     3.76692   0.400E-04

      .00000    10.93772   0.500E-04
      .05000    10.29391   0.500E-04
      .10000     9.64156   0.500E-04
      .15000     9.03708   0.500E-04
      .20000     8.47547   0.500E-04
      .25000     7.95328   0.500E-04
      .30000     7.46781   0.500E-04
      .35000     7.01661   0.500E-04
      .40000     6.59715   0.500E-04
      .45000     6.20977   0.500E-04
      .50000     5.85490   0.500E-04
      .55000     5.52564   0.500E-04
      .60000     5.22047   0.500E-04
      .65000     4.93788   0.500E-04
      .70000     4.67427   0.500E-04
      .75000     4.42890   0.500E-04
      .80000     4.19875   0.500E-04
      .85000     3.97372   0.500E-04
      .90000     3.74810   0.500E-04
      .92500     3.64104   0.500E-04
      .95000     3.54884   0.500E-04
      .97000     3.49195   0.500E-04
      .99000     3.44717   0.500E-04
      .99500     3.44115   0.500E-04
      .99900     3.43342   0.500E-04
      .99950     3.43223   0.500E-04
      .99990     3.43186   0.500E-04
      .99995     3.43173   0.500E-04
      .99999     3.43194   0.500E-04
     1.00000     3.43177   0.500E-04

      .00000    11.14863   0.600E-04
      .05000    10.43375   0.600E-04
      .10000     9.71637   0.600E-04
      .15000     9.05828   0.600E-04
      .20000     8.45224   0.600E-04
      .25000     7.89392   0.600E-04
      .30000     7.37940   0.600E-04
      .35000     6.90425   0.600E-04
      .40000     6.46660   0.600E-04
      .45000     6.06616   0.600E-04
      .50000     5.70130   0.600E-04
      .55000     5.36378   0.600E-04
      .60000     5.05004   0.600E-04
      .65000     4.75878   0.600E-04
      .70000     4.48520   0.600E-04
      .75000     4.22796   0.600E-04
      .80000     3.98365   0.600E-04
      .85000     3.74219   0.600E-04
      .90000     3.49842   0.600E-04
      .92500     3.38238   0.600E-04
      .95000     3.28302   0.600E-04
      .97000     3.22206   0.600E-04
      .99000     3.17258   0.600E-04
      .99500     3.16513   0.600E-04
      .99900     3.15696   0.600E-04
      .99950     3.15579   0.600E-04
      .99990     3.15533   0.600E-04
      .99995     3.15520   0.600E-04
      .99999     3.15533   0.600E-04
     1.00000     3.15519   0.600E-04

      .00000    11.44320   0.800E-04
      .05000    10.61342   0.800E-04
      .10000     9.79368   0.800E-04
      .15000     9.05299   0.800E-04
      .20000     8.37984   0.800E-04
      .25000     7.76772   0.800E-04
      .30000     7.21076   0.800E-04
      .35000     6.70197   0.800E-04
      .40000     6.23866   0.800E-04
      .45000     5.82154   0.800E-04
      .50000     5.44391   0.800E-04
      .55000     5.09608   0.800E-04
      .60000     4.77135   0.800E-04
      .65000     4.46821   0.800E-04
      .70000     4.18146   0.800E-04
      .75000     3.90812   0.800E-04
      .80000     3.64431   0.800E-04
      .85000     3.38010   0.800E-04
      .90000     3.11098   0.800E-04
      .92500     2.98199   0.800E-04
      .95000     2.87123   0.800E-04
      .97000     2.80223   0.800E-04
      .99000     2.74326   0.800E-04
      .99500     2.73304   0.800E-04
      .99900     2.72352   0.800E-04
      .99950     2.72226   0.800E-04
      .99990     2.72161   0.800E-04
      .99995     2.72148   0.800E-04
      .99999     2.72150   0.800E-04
     1.00000     2.72139   0.800E-04

      .00000    11.64424   0.100E-03
      .05000    10.72156   0.100E-03
      .10000     9.82262   0.100E-03
      .15000     9.01932   0.100E-03
      .20000     8.29676   0.100E-03
      .25000     7.64533   0.100E-03
      .30000     7.05734   0.100E-03
      .35000     6.52569   0.100E-03
      .40000     6.04581   0.100E-03
      .45000     5.61812   0.100E-03
      .50000     5.23299   0.100E-03
      .55000     4.87921   0.100E-03
      .60000     4.54802   0.100E-03
      .65000     4.23704   0.100E-03
      .70000     3.94249   0.100E-03
      .75000     3.65941   0.100E-03
      .80000     3.38370   0.100E-03
      .85000     3.10577   0.100E-03
      .90000     2.82143   0.100E-03
      .92500     2.68415   0.100E-03
      .95000     2.56466   0.100E-03
      .97000     2.48779   0.100E-03
      .99000     2.41985   0.100E-03
      .99500     2.40726   0.100E-03
      .99900     2.39606   0.100E-03
      .99950     2.39462   0.100E-03
      .99990     2.39378   0.100E-03
      .99995     2.39365   0.100E-03
      .99999     2.39359   0.100E-03
     1.00000     2.39349   0.100E-03

      .00000    12.00346   0.150E-03
      .05000    10.84582   0.150E-03
      .10000     9.77776   0.150E-03
      .15000     8.85808   0.150E-03
      .20000     8.05892   0.150E-03
      .25000     7.35806   0.150E-03
      .30000     6.73743   0.150E-03
      .35000     6.18598   0.150E-03
      .40000     5.69469   0.150E-03
      .45000     5.25559   0.150E-03
      .50000     4.85826   0.150E-03
      .55000     4.49048   0.150E-03
      .60000     4.14181   0.150E-03
      .65000     3.80870   0.150E-03
      .70000     3.49436   0.150E-03
      .75000     3.19479   0.150E-03
      .80000     2.90744   0.150E-03
      .85000     2.62292   0.150E-03
      .90000     2.33440   0.150E-03
      .92500     2.19108   0.150E-03
      .95000     2.05437   0.150E-03
      .97000     1.95502   0.150E-03
      .99000     1.87209   0.150E-03
      .99500     1.85369   0.150E-03
      .99900     1.83910   0.150E-03
      .99950     1.83740   0.150E-03
      .99990     1.83600   0.150E-03
      .99995     1.83581   0.150E-03
      .99999     1.83568   0.150E-03
     1.00000     1.83563   0.150E-03

      .00000    12.27045   0.200E-03
      .05000    10.91759   0.200E-03
      .10000     9.72338   0.200E-03
      .15000     8.72108   0.200E-03
      .20000     7.86782   0.200E-03
      .25000     7.13442   0.200E-03
      .30000     6.49600   0.200E-03
      .35000     5.93356   0.200E-03
      .40000     5.43556   0.200E-03
      .45000     4.98978   0.200E-03
      .50000     4.58435   0.200E-03
      .55000     4.20827   0.200E-03
      .60000     3.85133   0.200E-03
      .65000     3.50967   0.200E-03
      .70000     3.18858   0.200E-03
      .75000     2.88782   0.200E-03
      .80000     2.60179   0.200E-03
      .85000     2.31848   0.200E-03
      .90000     2.02778   0.200E-03
      .92500     1.88041   0.200E-03
      .95000     1.73525   0.200E-03
      .97000     1.62518   0.200E-03
      .99000     1.53137   0.200E-03
      .99500     1.50967   0.200E-03
      .99900     1.49216   0.200E-03
      .99950     1.49011   0.200E-03
      .99990     1.48842   0.200E-03
      .99995     1.48816   0.200E-03
      .99999     1.48805   0.200E-03
     1.00000     1.48800   0.200E-03

      .00000    12.68484   0.300E-03
      .05000    11.04508   0.300E-03
      .10000     9.68654   0.300E-03
      .15000     8.57763   0.300E-03
      .20000     7.65123   0.300E-03
      .25000     6.87018   0.300E-03
      .30000     6.20863   0.300E-03
      .35000     5.63452   0.300E-03
      .40000     5.12513   0.300E-03
      .45000     4.66797   0.300E-03
      .50000     4.25096   0.300E-03
      .55000     3.86421   0.300E-03
      .60000     3.49864   0.300E-03
      .65000     3.15009   0.300E-03
      .70000     2.82232   0.300E-03
      .75000     2.52065   0.300E-03
      .80000     2.23725   0.300E-03
      .85000     1.95719   0.300E-03
      .90000     1.66944   0.300E-03
      .92500     1.52220   0.300E-03
      .95000     1.37405   0.300E-03
      .97000     1.25711   0.300E-03
      .99000     1.14919   0.300E-03
      .99500     1.12296   0.300E-03
      .99900     1.10186   0.300E-03
      .99950     1.09935   0.300E-03
      .99990     1.09725   0.300E-03
      .99995     1.09696   0.300E-03
      .99999     1.09678   0.300E-03
     1.00000     1.09675   0.300E-03

      .00000    13.02954   0.400E-03
      .05000    11.16611   0.400E-03
      .10000     9.71424   0.400E-03
      .15000     8.55328   0.400E-03
      .20000     7.59440   0.400E-03
      .25000     6.78261   0.400E-03
      .30000     6.09658   0.400E-03
      .35000     5.50493   0.400E-03
      .40000     4.98052   0.400E-03
      .45000     4.50901   0.400E-03
      .50000     4.07846   0.400E-03
      .55000     3.67993   0.400E-03
      .60000     3.30789   0.400E-03
      .65000     2.95880   0.400E-03
      .70000     2.63189   0.400E-03
      .75000     2.32732   0.400E-03
      .80000     2.04111   0.400E-03
      .85000     1.76031   0.400E-03
      .90000     1.47655   0.400E-03
      .92500     1.33126   0.400E-03
      .95000     1.18391   0.400E-03
      .97000     1.06477   0.400E-03
      .99000      .94716   0.400E-03
      .99500      .91814   0.400E-03
      .99900      .89492   0.400E-03
      .99950      .89180   0.400E-03
      .99990      .88955   0.400E-03
      .99995      .88930   0.400E-03
      .99999      .88902   0.400E-03
     1.00000      .88899   0.400E-03

      .00000    13.34388   0.500E-03
      .05000    11.31615   0.500E-03
      .10000     9.80083   0.500E-03
      .15000     8.59579   0.500E-03
      .20000     7.60869   0.500E-03
      .25000     6.77356   0.500E-03
      .30000     6.06748   0.500E-03
      .35000     5.46024   0.500E-03
      .40000     4.92309   0.500E-03
      .45000     4.43995   0.500E-03
      .50000     3.99914   0.500E-03
      .55000     3.59216   0.500E-03
      .60000     3.21351   0.500E-03
      .65000     2.85934   0.500E-03
      .70000     2.52780   0.500E-03
      .75000     2.21778   0.500E-03
      .80000     1.92837   0.500E-03
      .85000     1.64761   0.500E-03
      .90000     1.36507   0.500E-03
      .92500     1.22039   0.500E-03
      .95000     1.07218   0.500E-03
      .97000      .95014   0.500E-03
      .99000      .82565   0.500E-03
      .99500      .79422   0.500E-03
      .99900      .76918   0.500E-03
      .99950      .76584   0.500E-03
      .99990      .76341   0.500E-03
      .99995      .76313   0.500E-03
      .99999      .76284   0.500E-03
     1.00000      .76277   0.500E-03

      .00000    13.61299   0.600E-03
      .05000    11.50992   0.600E-03
      .10000     9.94532   0.600E-03
      .15000     8.67635   0.600E-03
      .20000     7.64079   0.600E-03
      .25000     6.78382   0.600E-03
      .30000     6.06965   0.600E-03
      .35000     5.45898   0.600E-03
      .40000     4.91616   0.600E-03
      .45000     4.42515   0.600E-03
      .50000     3.97699   0.600E-03
      .55000     3.56389   0.600E-03
      .60000     3.17805   0.600E-03
      .65000     2.81466   0.600E-03
      .70000     2.47359   0.600E-03
      .75000     2.15632   0.600E-03
      .80000     1.86353   0.600E-03
      .85000     1.58335   0.600E-03
      .90000     1.29965   0.600E-03
      .92500     1.15404   0.600E-03
      .95000     1.00353   0.600E-03
      .97000      .87793   0.600E-03
      .99000      .74748   0.600E-03
      .99500      .71394   0.600E-03
      .99900      .68712   0.600E-03
      .99950      .68386   0.600E-03
      .99990      .68112   0.600E-03
      .99995      .68080   0.600E-03
      .99999      .68046   0.600E-03
     1.00000      .68041   0.600E-03

      .00000    14.13019   0.800E-03
      .05000    11.82933   0.800E-03
      .10000    10.19479   0.800E-03
      .15000     8.86453   0.800E-03
      .20000     7.78625   0.800E-03
      .25000     6.90567   0.800E-03
      .30000     6.17209   0.800E-03
      .35000     5.54246   0.800E-03
      .40000     4.98146   0.800E-03
      .45000     4.47367   0.800E-03
      .50000     4.01030   0.800E-03
      .55000     3.58364   0.800E-03
      .60000     3.18592   0.800E-03
      .65000     2.81199   0.800E-03
      .70000     2.46063   0.800E-03
      .75000     2.13157   0.800E-03
      .80000     1.82429   0.800E-03
      .85000     1.53429   0.800E-03
      .90000     1.24430   0.800E-03
      .92500     1.09465   0.800E-03
      .95000      .93758   0.800E-03
      .97000      .80371   0.800E-03
      .99000      .66052   0.800E-03
      .99500      .62303   0.800E-03
      .99900      .59298   0.800E-03
      .99950      .58930   0.800E-03
      .99990      .58622   0.800E-03
      .99995      .58586   0.800E-03
      .99999      .58548   0.800E-03
     1.00000      .58541   0.800E-03

      .00000    14.58958   0.100E-02
      .05000    12.12600   0.100E-02
      .10000    10.43502   0.100E-02
      .15000     9.06097   0.100E-02
      .20000     7.95545   0.100E-02
      .25000     7.05882   0.100E-02
      .30000     6.31285   0.100E-02
      .35000     5.67082   0.100E-02
      .40000     5.09727   0.100E-02
      .45000     4.57757   0.100E-02
      .50000     4.10321   0.100E-02
      .55000     3.66627   0.100E-02
      .60000     3.25879   0.100E-02
      .65000     2.87522   0.100E-02
      .70000     2.51356   0.100E-02
      .75000     2.17228   0.100E-02
      .80000     1.84975   0.100E-02
      .85000     1.54370   0.100E-02
      .90000     1.24283   0.100E-02
      .92500     1.08665   0.100E-02
      .95000      .92081   0.100E-02
      .97000      .77726   0.100E-02
      .99000      .62024   0.100E-02
      .99500      .57861   0.100E-02
      .99900      .54521   0.100E-02
      .99950      .54110   0.100E-02
      .99990      .53766   0.100E-02
      .99995      .53726   0.100E-02
      .99999      .53685   0.100E-02
     1.00000      .53678   0.100E-02

      .00000    15.43142   0.150E-02
      .05000    12.71058   0.150E-02
      .10000    10.94304   0.150E-02
      .15000     9.51530   0.150E-02
      .20000     8.38966   0.150E-02
      .25000     7.46916   0.150E-02
      .30000     6.70045   0.150E-02
      .35000     6.03572   0.150E-02
      .40000     5.44045   0.150E-02
      .45000     4.90023   0.150E-02
      .50000     4.40645   0.150E-02
      .55000     3.95072   0.150E-02
      .60000     3.52426   0.150E-02
      .65000     3.12049   0.150E-02
      .70000     2.73617   0.150E-02
      .75000     2.36773   0.150E-02
      .80000     2.01165   0.150E-02
      .85000     1.66488   0.150E-02
      .90000     1.32474   0.150E-02
      .92500     1.14758   0.150E-02
      .95000      .95452   0.150E-02
      .97000      .78278   0.150E-02
      .99000      .58955   0.150E-02
      .99500      .53760   0.150E-02
      .99900      .49597   0.150E-02
      .99950      .49083   0.150E-02
      .99990      .48652   0.150E-02
      .99995      .48599   0.150E-02
      .99999      .48554   0.150E-02
     1.00000      .48552   0.150E-02

      .00000    15.94618   0.200E-02
      .05000    13.10901   0.200E-02
      .10000    11.33489   0.200E-02
      .15000     9.90644   0.200E-02
      .20000     8.78628   0.200E-02
      .25000     7.85583   0.200E-02
      .30000     7.07104   0.200E-02
      .35000     6.38863   0.200E-02
      .40000     5.77734   0.200E-02
      .45000     5.22272   0.200E-02
      .50000     4.71556   0.200E-02
      .55000     4.24668   0.200E-02
      .60000     3.80626   0.200E-02
      .65000     3.38686   0.200E-02
      .70000     2.98463   0.200E-02
      .75000     2.59511   0.200E-02
      .80000     2.21329   0.200E-02
      .85000     1.83332   0.200E-02
      .90000     1.44849   0.200E-02
      .92500     1.24774   0.200E-02
      .95000     1.02384   0.200E-02
      .97000      .82105   0.200E-02
      .99000      .59191   0.200E-02
      .99500      .53020   0.200E-02
      .99900      .48019   0.200E-02
      .99950      .47393   0.200E-02
      .99990      .46887   0.200E-02
      .99995      .46827   0.200E-02
      .99999      .46762   0.200E-02
     1.00000      .46760   0.200E-02

      .00000    16.36102   0.300E-02
      .05000    13.58126   0.300E-02
      .10000    11.94264   0.300E-02
      .15000    10.60317   0.300E-02
      .20000     9.50059   0.300E-02
      .25000     8.54311   0.300E-02
      .30000     7.70880   0.300E-02
      .35000     6.97531   0.300E-02
      .40000     6.32743   0.300E-02
      .45000     5.75078   0.300E-02
      .50000     5.23197   0.300E-02
      .55000     4.75702   0.300E-02
      .60000     4.31013   0.300E-02
      .65000     3.87953   0.300E-02
      .70000     3.46032   0.300E-02
      .75000     3.04640   0.300E-02
      .80000     2.62817   0.300E-02
      .85000     2.18891   0.300E-02
      .90000     1.71131   0.300E-02
      .92500     1.45389   0.300E-02
      .95000     1.17685   0.300E-02
      .97000      .92539   0.300E-02
      .99000      .62549   0.300E-02
      .99500      .53667   0.300E-02
      .99900      .47070   0.300E-02
      .99950      .46338   0.300E-02
      .99990      .45672   0.300E-02
      .99995      .45552   0.300E-02
      .99999      .45490   0.300E-02
     1.00000      .45371   0.300E-02

      .00000    16.69250   0.400E-02
      .05000    13.85169   0.400E-02
      .10000    12.28525   0.400E-02
      .15000    11.02152   0.400E-02
      .20000     9.95769   0.400E-02
      .25000     9.02248   0.400E-02
      .30000     8.19752   0.400E-02
      .35000     7.46412   0.400E-02
      .40000     6.80953   0.400E-02
      .45000     6.22149   0.400E-02
      .50000     5.68841   0.400E-02
      .55000     5.19793   0.400E-02
      .60000     4.73591   0.400E-02
      .65000     4.29110   0.400E-02
      .70000     3.85745   0.400E-02
      .75000     3.42679   0.400E-02
      .80000     2.98560   0.400E-02
      .85000     2.50926   0.400E-02
      .90000     1.96851   0.400E-02
      .92500     1.66416   0.400E-02
      .95000     1.33033   0.400E-02
      .97000     1.02764   0.400E-02
      .99000      .66321   0.400E-02
      .99500      .55440   0.400E-02
      .99900      .47014   0.400E-02
      .99950      .46011   0.400E-02
      .99990      .45156   0.400E-02
      .99995      .45017   0.400E-02
      .99999      .44868   0.400E-02
     1.00000      .44685   0.400E-02

      .00000    16.90080   0.500E-02
      .05000    14.01933   0.500E-02
      .10000    12.52823   0.500E-02
      .15000    11.32841   0.500E-02
      .20000    10.30136   0.500E-02
      .25000     9.38956   0.500E-02
      .30000     8.57801   0.500E-02
      .35000     7.85036   0.500E-02
      .40000     7.19567   0.500E-02
      .45000     6.60332   0.500E-02
      .50000     6.06311   0.500E-02
      .55000     5.56400   0.500E-02
      .60000     5.09311   0.500E-02
      .65000     4.63967   0.500E-02
      .70000     4.19683   0.500E-02
      .75000     3.75486   0.500E-02
      .80000     3.29727   0.500E-02
      .85000     2.79296   0.500E-02
      .90000     2.20261   0.500E-02
      .92500     1.86010   0.500E-02
      .95000     1.47382   0.500E-02
      .97000     1.12582   0.500E-02
      .99000      .70283   0.500E-02
      .99500      .57512   0.500E-02
      .99900      .47181   0.500E-02
      .99950      .45866   0.500E-02
      .99990      .44788   0.500E-02
      .99995      .44631   0.500E-02
      .99999      .44416   0.500E-02
     1.00000      .44200   0.500E-02

      .00000    17.04214   0.600E-02
      .05000    14.12913   0.600E-02
      .10000    12.71121   0.600E-02
      .15000    11.56201   0.600E-02
      .20000    10.56868   0.600E-02
      .25000     9.67958   0.600E-02
      .30000     8.88281   0.600E-02
      .35000     8.16364   0.600E-02
      .40000     7.51262   0.600E-02
      .45000     6.92028   0.600E-02
      .50000     6.37753   0.600E-02
      .55000     5.87430   0.600E-02
      .60000     5.39869   0.600E-02
      .65000     4.94031   0.600E-02
      .70000     4.49170   0.600E-02
      .75000     4.04198   0.600E-02
      .80000     3.57226   0.600E-02
      .85000     3.04631   0.600E-02
      .90000     2.41604   0.600E-02
      .92500     2.04185   0.600E-02
      .95000     1.61125   0.600E-02
      .97000     1.21952   0.600E-02
      .99000      .74263   0.600E-02
      .99500      .59693   0.600E-02
      .99900      .47459   0.600E-02
      .99950      .45815   0.600E-02
      .99990      .44489   0.600E-02
      .99995      .44313   0.600E-02
      .99999      .44052   0.600E-02
     1.00000      .43821   0.600E-02

      .00000    17.21770   0.800E-02
      .05000    14.26129   0.800E-02
      .10000    12.96813   0.800E-02
      .15000    11.89564   0.800E-02
      .20000    10.95900   0.800E-02
      .25000    10.11076   0.800E-02
      .30000     9.34330   0.800E-02
      .35000     8.64404   0.800E-02
      .40000     8.00557   0.800E-02
      .45000     7.42009   0.800E-02
      .50000     6.87995   0.800E-02
      .55000     6.37644   0.800E-02
      .60000     5.89890   0.800E-02
      .65000     5.43744   0.800E-02
      .70000     4.98387   0.800E-02
      .75000     4.52565   0.800E-02
      .80000     4.04041   0.800E-02
      .85000     3.48410   0.800E-02
      .90000     2.79413   0.800E-02
      .92500     2.37039   0.800E-02
      .95000     1.86712   0.800E-02
      .97000     1.39520   0.800E-02
      .99000      .82069   0.800E-02
      .99500      .64130   0.800E-02
      .99900      .48206   0.800E-02
      .99950      .45900   0.800E-02
      .99990      .44029   0.800E-02
      .99995      .43809   0.800E-02
      .99999      .43502   0.800E-02
     1.00000      .43264   0.800E-02

      .00000    17.31862   0.100E-01
      .05000    14.33837   0.100E-01
      .10000    13.13776   0.100E-01
      .15000    12.12203   0.100E-01
      .20000    11.22957   0.100E-01
      .25000    10.41570   0.100E-01
      .30000     9.67477   0.100E-01
      .35000     8.99573   0.100E-01
      .40000     8.37247   0.100E-01
      .45000     7.79812   0.100E-01
      .50000     7.26594   0.100E-01
      .55000     6.76796   0.100E-01
      .60000     6.29424   0.100E-01
      .65000     5.83512   0.100E-01
      .70000     5.38198   0.100E-01
      .75000     4.92127   0.100E-01
      .80000     4.42820   0.100E-01
      .85000     3.85303   0.100E-01
      .90000     3.12161   0.100E-01
      .92500     2.66116   0.100E-01
      .95000     2.10121   0.100E-01
      .97000     1.55927   0.100E-01
      .99000      .89573   0.100E-01
      .99500      .68514   0.100E-01
      .99900      .49095   0.100E-01
      .99950      .46144   0.100E-01
      .99990      .43691   0.100E-01
      .99995      .43419   0.100E-01
      .99999      .43106   0.100E-01
     1.00000      .42874   0.100E-01

      .00000    17.44360   0.150E-01
      .05000    14.44381   0.150E-01
      .10000    13.37628   0.150E-01
      .15000    12.45490   0.150E-01
      .20000    11.63676   0.150E-01
      .25000    10.88517   0.150E-01
      .30000    10.19647   0.150E-01
      .35000     9.56174   0.150E-01
      .40000     8.97615   0.150E-01
      .45000     8.43399   0.150E-01
      .50000     7.92941   0.150E-01
      .55000     7.45511   0.150E-01
      .60000     7.00152   0.150E-01
      .65000     6.55896   0.150E-01
      .70000     6.11839   0.150E-01
      .75000     5.66488   0.150E-01
      .80000     5.17017   0.150E-01
      .85000     4.57572   0.150E-01
      .90000     3.78640   0.150E-01
      .92500     3.26747   0.150E-01
      .95000     2.60913   0.150E-01
      .97000     1.93714   0.150E-01
      .99000     1.07014   0.150E-01
      .99500      .78980   0.150E-01
      .99900      .51575   0.150E-01
      .99950      .47105   0.150E-01
      .99990      .43155   0.150E-01
      .99995      .42726   0.150E-01
      .99999      .42487   0.150E-01
     1.00000      .42283   0.150E-01

      .00000    17.50456   0.200E-01
      .05000    14.49379   0.200E-01
      .10000    13.49713   0.200E-01
      .15000    12.63223   0.200E-01
      .20000    11.85965   0.200E-01
      .25000    11.14923   0.200E-01
      .30000    10.49779   0.200E-01
      .35000     9.89746   0.200E-01
      .40000     9.34387   0.200E-01
      .45000     8.83170   0.200E-01
      .50000     8.35530   0.200E-01
      .55000     7.90737   0.200E-01
      .60000     7.47788   0.200E-01
      .65000     7.05674   0.200E-01
      .70000     6.63482   0.200E-01
      .75000     6.19663   0.200E-01
      .80000     5.71225   0.200E-01
      .85000     5.11825   0.200E-01
      .90000     4.30566   0.200E-01
      .92500     3.75492   0.200E-01
      .95000     3.03499   0.200E-01
      .97000     2.27022   0.200E-01
      .99000     1.22875   0.200E-01
      .99500      .88734   0.200E-01
      .99900      .54147   0.200E-01
      .99950      .48295   0.200E-01
      .99990      .42901   0.200E-01
      .99995      .42295   0.200E-01
      .99999      .42129   0.200E-01
     1.00000      .41952   0.200E-01

      .00000    17.56940   0.300E-01
      .05000    14.53258   0.300E-01
      .10000    13.61415   0.300E-01
      .15000    12.81169   0.300E-01
      .20000    12.09219   0.300E-01
      .25000    11.43267   0.300E-01
      .30000    10.82994   0.300E-01
      .35000    10.27755   0.300E-01
      .40000     9.77142   0.300E-01
      .45000     9.30653   0.300E-01
      .50000     8.87719   0.300E-01
      .55000     8.47574   0.300E-01
      .60000     8.09096   0.300E-01
      .65000     7.71182   0.300E-01
      .70000     7.32925   0.300E-01
      .75000     6.92756   0.300E-01
      .80000     6.47548   0.300E-01
      .85000     5.90474   0.300E-01
      .90000     5.08934   0.300E-01
      .92500     4.51180   0.300E-01
      .95000     3.72339   0.300E-01
      .97000     2.83588   0.300E-01
      .99000     1.51092   0.300E-01
      .99500     1.06528   0.300E-01
      .99900      .59200   0.300E-01
      .99950      .50892   0.300E-01
      .99990      .42862   0.300E-01
      .99995      .41882   0.300E-01
      .99999      .41731   0.300E-01
     1.00000      .41591   0.300E-01

      .00000    17.60300   0.400E-01
      .05000    14.55579   0.400E-01
      .10000    13.67887   0.400E-01
      .15000    12.90796   0.400E-01
      .20000    12.21584   0.400E-01
      .25000    11.58328   0.400E-01
      .30000    11.00734   0.400E-01
      .35000    10.48248   0.400E-01
      .40000    10.00500   0.400E-01
      .45000     9.57043   0.400E-01
      .50000     9.17349   0.400E-01
      .55000     8.80687   0.400E-01
      .60000     8.45964   0.400E-01
      .65000     8.12078   0.400E-01
      .70000     7.78123   0.400E-01
      .75000     7.42448   0.400E-01
      .80000     7.01617   0.400E-01
      .85000     6.47842   0.400E-01
      .90000     5.67068   0.400E-01
      .92500     5.08186   0.400E-01
      .95000     4.26284   0.400E-01
      .97000     3.30580   0.400E-01
      .99000     1.76962   0.400E-01
      .99500     1.22563   0.400E-01
      .99900      .64011   0.400E-01
      .99950      .53467   0.400E-01
      .99990      .43147   0.400E-01
      .99995      .41906   0.400E-01
      .99999      .41466   0.400E-01
     1.00000      .41397   0.400E-01

      .00000    17.59377   0.500E-01
      .05000    14.55737   0.500E-01
      .10000    13.70975   0.500E-01
      .15000    12.96152   0.500E-01
      .20000    12.28938   0.500E-01
      .25000    11.67684   0.500E-01
      .30000    11.12097   0.500E-01
      .35000    10.61689   0.500E-01
      .40000    10.16121   0.500E-01
      .45000     9.74976   0.500E-01
      .50000     9.37763   0.500E-01
      .55000     9.03778   0.500E-01
      .60000     8.71937   0.500E-01
      .65000     8.41155   0.500E-01
      .70000     8.10547   0.500E-01
      .75000     7.78448   0.500E-01
      .80000     7.41279   0.500E-01
      .85000     6.90707   0.500E-01
      .90000     6.11884   0.500E-01
      .92500     5.53273   0.500E-01
      .95000     4.70636   0.500E-01
      .97000     3.70982   0.500E-01
      .99000     2.01104   0.500E-01
      .99500     1.37235   0.500E-01
      .99900      .68595   0.500E-01
      .99950      .56106   0.500E-01
      .99990      .43595   0.500E-01
      .99995      .41949   0.500E-01
      .99999      .41359   0.500E-01
     1.00000      .41276   0.500E-01

      .00000    17.53743   0.600E-01
      .05000    14.54482   0.600E-01
      .10000    13.73109   0.600E-01
      .15000    13.00637   0.600E-01
      .20000    12.35085   0.600E-01
      .25000    11.75132   0.600E-01
      .30000    11.20652   0.600E-01
      .35000    10.71352   0.600E-01
      .40000    10.27088   0.600E-01
      .45000     9.87528   0.600E-01
      .50000     9.52225   0.600E-01
      .55000     9.20537   0.600E-01
      .60000     8.91444   0.600E-01
      .65000     8.63790   0.600E-01
      .70000     8.36306   0.600E-01
      .75000     8.06519   0.600E-01
      .80000     7.70610   0.600E-01
      .85000     7.22216   0.600E-01
      .90000     6.47955   0.600E-01
      .92500     5.91574   0.600E-01
      .95000     5.08997   0.600E-01
      .97000     4.05774   0.600E-01
      .99000     2.23158   0.600E-01
      .99500     1.51123   0.600E-01
      .99900      .72996   0.600E-01
      .99950      .58714   0.600E-01
      .99990      .44127   0.600E-01
      .99995      .42047   0.600E-01
      .99999      .41304   0.600E-01
     1.00000      .41194   0.600E-01

      .00000    17.52083   0.800E-01
      .05000    14.56054   0.800E-01
      .10000    13.75955   0.800E-01
      .15000    13.04814   0.800E-01
      .20000    12.40840   0.800E-01
      .25000    11.82860   0.800E-01
      .30000    11.30618   0.800E-01
      .35000    10.83724   0.800E-01
      .40000    10.41913   0.800E-01
      .45000    10.04856   0.800E-01
      .50000     9.72154   0.800E-01
      .55000     9.43200   0.800E-01
      .60000     9.17009   0.800E-01
      .65000     8.92604   0.800E-01
      .70000     8.69240   0.800E-01
      .75000     8.45369   0.800E-01
      .80000     8.17333   0.800E-01
      .85000     7.76017   0.800E-01
      .90000     7.05270   0.800E-01
      .92500     6.49805   0.800E-01
      .95000     5.68641   0.800E-01
      .97000     4.64055   0.800E-01
      .99000     2.63286   0.800E-01
      .99500     1.77341   0.800E-01
      .99900      .81197   0.800E-01
      .99950      .63551   0.800E-01
      .99990      .45288   0.800E-01
      .99995      .42546   0.800E-01
      .99999      .41211   0.800E-01
     1.00000      .41090   0.800E-01

      .00000    17.47704   0.100E+00
      .05000    14.56531   0.100E+00
      .10000    13.78247   0.100E+00
      .15000    13.08507   0.100E+00
      .20000    12.45736   0.100E+00
      .25000    11.88948   0.100E+00
      .30000    11.37894   0.100E+00
      .35000    10.92239   0.100E+00
      .40000    10.51753   0.100E+00
      .45000    10.16151   0.100E+00
      .50000     9.85089   0.100E+00
      .55000     9.58029   0.100E+00
      .60000     9.34070   0.100E+00
      .65000     9.12331   0.100E+00
      .70000     8.92184   0.100E+00
      .75000     8.72207   0.100E+00
      .80000     8.48852   0.100E+00
      .85000     8.12900   0.100E+00
      .90000     7.47836   0.100E+00
      .92500     6.95087   0.100E+00
      .95000     6.15979   0.100E+00
      .97000     5.10778   0.100E+00
      .99000     2.98213   0.100E+00
      .99500     2.01750   0.100E+00
      .99900      .88870   0.100E+00
      .99950      .68164   0.100E+00
      .99990      .46515   0.100E+00
      .99995      .43114   0.100E+00
      .99999      .41172   0.100E+00
     1.00000      .41026   0.100E+00

      .00000    17.36443   0.150E+00
      .05000    14.56852   0.150E+00
      .10000    13.82172   0.150E+00
      .15000    13.15024   0.150E+00
      .20000    12.54270   0.150E+00
      .25000    11.99177   0.150E+00
      .30000    11.49616   0.150E+00
      .35000    11.05407   0.150E+00
      .40000    10.66440   0.150E+00
      .45000    10.32564   0.150E+00
      .50000    10.03592   0.150E+00
      .55000     9.79219   0.150E+00
      .60000     9.58873   0.150E+00
      .65000     9.41886   0.150E+00
      .70000     9.27450   0.150E+00
      .75000     9.13550   0.150E+00
      .80000     8.96687   0.150E+00
      .85000     8.70131   0.150E+00
      .90000     8.19417   0.150E+00
      .92500     7.74526   0.150E+00
      .95000     7.00827   0.150E+00
      .97000     5.96999   0.150E+00
      .99000     3.71128   0.150E+00
      .99500     2.54952   0.150E+00
      .99900     1.06247   0.150E+00
      .99950      .78834   0.150E+00
      .99990      .49594   0.150E+00
      .99995      .44696   0.150E+00
      .99999      .41190   0.150E+00
     1.00000      .40939   0.150E+00

      .00000    17.22977   0.200E+00
      .05000    14.57844   0.200E+00
      .10000    13.84879   0.200E+00
      .15000    13.18787   0.200E+00
      .20000    12.58779   0.200E+00
      .25000    12.04377   0.200E+00
      .30000    11.55544   0.200E+00
      .35000    11.12169   0.200E+00
      .40000    10.74225   0.200E+00
      .45000    10.41535   0.200E+00
      .50000    10.13844   0.200E+00
      .55000     9.90865   0.200E+00
      .60000     9.72230   0.200E+00
      .65000     9.57486   0.200E+00
      .70000     9.46007   0.200E+00
      .75000     9.36030   0.200E+00
      .80000     9.24523   0.200E+00
      .85000     9.05681   0.200E+00
      .90000     8.65060   0.200E+00
      .92500     8.25634   0.200E+00
      .95000     7.58171   0.200E+00
      .97000     6.59252   0.200E+00
      .99000     4.28348   0.200E+00
      .99500     2.99264   0.200E+00
      .99900     1.21880   0.200E+00
      .99950      .88614   0.200E+00
      .99990      .52546   0.200E+00
      .99995      .46362   0.200E+00
      .99999      .41302   0.200E+00
     1.00000      .40896   0.200E+00

      .00000    16.89076   0.300E+00
      .05000    14.58110   0.300E+00
      .10000    13.86833   0.300E+00
      .15000    13.22118   0.300E+00
      .20000    12.63255   0.300E+00
      .25000    12.09868   0.300E+00
      .30000    11.61910   0.300E+00
      .35000    11.19376   0.300E+00
      .40000    10.82275   0.300E+00
      .45000    10.50561   0.300E+00
      .50000    10.24154   0.300E+00
      .55000    10.02885   0.300E+00
      .60000     9.86374   0.300E+00
      .65000     9.74224   0.300E+00
      .70000     9.66055   0.300E+00
      .75000     9.60504   0.300E+00
      .80000     9.55177   0.300E+00
      .85000     9.45334   0.300E+00
      .90000     9.19190   0.300E+00
      .92500     8.90024   0.300E+00
      .95000     8.33358   0.300E+00
      .97000     7.42448   0.300E+00
      .99000     5.13077   0.300E+00
      .99500     3.72405   0.300E+00
      .99900     1.49917   0.300E+00
      .99950     1.06139   0.300E+00
      .99990      .58039   0.300E+00
      .99995      .49529   0.300E+00
      .99999      .41722   0.300E+00
     1.00000      .40851   0.300E+00

      .00000    16.60597   0.400E+00
      .05000    14.58328   0.400E+00
      .10000    13.87655   0.400E+00
      .15000    13.23337   0.400E+00
      .20000    12.64812   0.400E+00
      .25000    12.11889   0.400E+00
      .30000    11.64499   0.400E+00
      .35000    11.22658   0.400E+00
      .40000    10.86356   0.400E+00
      .45000    10.55489   0.400E+00
      .50000    10.29891   0.400E+00
      .55000    10.09400   0.400E+00
      .60000     9.93814   0.400E+00
      .65000     9.82923   0.400E+00
      .70000     9.76470   0.400E+00
      .75000     9.73276   0.400E+00
      .80000     9.71424   0.400E+00
      .85000     9.67439   0.400E+00
      .90000     9.50614   0.400E+00
      .92500     9.27745   0.400E+00
      .95000     8.80181   0.400E+00
      .97000     7.99620   0.400E+00
      .99000     5.77328   0.400E+00
      .99500     4.28154   0.400E+00
      .99900     1.74232   0.400E+00
      .99950     1.21969   0.400E+00
      .99990      .63152   0.400E+00
      .99995      .52544   0.400E+00
      .99999      .42358   0.400E+00
     1.00000      .40829   0.400E+00

      .00000    16.39880   0.500E+00
      .05000    14.58272   0.500E+00
      .10000    13.87989   0.500E+00
      .15000    13.23975   0.500E+00
      .20000    12.65745   0.500E+00
      .25000    12.13167   0.500E+00
      .30000    11.66172   0.500E+00
      .35000    11.24744   0.500E+00
      .40000    10.88841   0.500E+00
      .45000    10.58384   0.500E+00
      .50000    10.33247   0.500E+00
      .55000    10.13298   0.500E+00
      .60000     9.98380   0.500E+00
      .65000     9.88341   0.500E+00
      .70000     9.82999   0.500E+00
      .75000     9.81294   0.500E+00
      .80000     9.81594   0.500E+00
      .85000     9.81173   0.500E+00
      .90000     9.70966   0.500E+00
      .92500     9.53440   0.500E+00
      .95000     9.13074   0.500E+00
      .97000     8.40091   0.500E+00
      .99000     6.26275   0.500E+00
      .99500     4.74946   0.500E+00
      .99900     1.96444   0.500E+00
      .99950     1.36480   0.500E+00
      .99990      .67900   0.500E+00
      .99995      .55379   0.500E+00
      .99999      .42991   0.500E+00
     1.00000      .40816   0.500E+00

      .00000    16.25511   0.600E+00
      .05000    14.58242   0.600E+00
      .10000    13.88275   0.600E+00
      .15000    13.24461   0.600E+00
      .20000    12.66425   0.600E+00
      .25000    12.14089   0.600E+00
      .30000    11.67351   0.600E+00
      .35000    11.26155   0.600E+00
      .40000    10.90467   0.600E+00
      .45000    10.60240   0.600E+00
      .50000    10.35454   0.600E+00
      .55000    10.16013   0.600E+00
      .60000    10.01649   0.600E+00
      .65000     9.92162   0.600E+00
      .70000     9.87483   0.600E+00
      .75000     9.86784   0.600E+00
      .80000     9.88680   0.600E+00
      .85000     9.90545   0.600E+00
      .90000     9.84896   0.600E+00
      .92500     9.71929   0.600E+00
      .95000     9.38068   0.600E+00
      .97000     8.70936   0.600E+00
      .99000     6.63321   0.600E+00
      .99500     5.14727   0.600E+00
      .99900     2.18935   0.600E+00
      .99950     1.50237   0.600E+00
      .99990      .72324   0.600E+00
      .99995      .58054   0.600E+00
      .99999      .43502   0.600E+00
     1.00000      .40807   0.600E+00

      .00000    16.07483   0.800E+00
      .05000    14.58002   0.800E+00
      .10000    13.88414   0.800E+00
      .15000    13.25081   0.800E+00
      .20000    12.67532   0.800E+00
      .25000    12.15573   0.800E+00
      .30000    11.69131   0.800E+00
      .35000    11.28179   0.800E+00
      .40000    10.92713   0.800E+00
      .45000    10.62751   0.800E+00
      .50000    10.38306   0.800E+00
      .55000    10.19331   0.800E+00
      .60000    10.05601   0.800E+00
      .65000     9.96973   0.800E+00
      .70000     9.93410   0.800E+00
      .75000     9.94110   0.800E+00
      .80000     9.97886   0.800E+00
      .85000    10.02901   0.800E+00
      .90000    10.03466   0.800E+00
      .92500     9.96055   0.800E+00
      .95000     9.71106   0.800E+00
      .97000     9.15413   0.800E+00
      .99000     7.24501   0.800E+00
      .99500     5.76865   0.800E+00
      .99900     2.60499   0.800E+00
      .99950     1.75320   0.800E+00
      .99990      .80654   0.800E+00
      .99995      .63135   0.800E+00
      .99999      .44804   0.800E+00
     1.00000      .40796   0.800E+00

      .00000    15.95820   0.100E+01
      .05000    14.58267   0.100E+01
      .10000    13.88974   0.100E+01
      .15000    13.25649   0.100E+01
      .20000    12.68060   0.100E+01
      .25000    12.16172   0.100E+01
      .30000    11.69901   0.100E+01
      .35000    11.29183   0.100E+01
      .40000    10.94024   0.100E+01
      .45000    10.64394   0.100E+01
      .50000    10.40301   0.100E+01
      .55000    10.21668   0.100E+01
      .60000    10.08269   0.100E+01
      .65000     9.99989   0.100E+01
      .70000     9.96899   0.100E+01
      .75000     9.98414   0.100E+01
      .80000    10.03596   0.100E+01
      .85000    10.10797   0.100E+01
      .90000    10.14987   0.100E+01
      .92500    10.10983   0.100E+01
      .95000     9.92771   0.100E+01
      .97000     9.46362   0.100E+01
      .99000     7.69046   0.100E+01
      .99500     6.26136   0.100E+01
      .99900     2.96684   0.100E+01
      .99950     1.97684   0.100E+01
      .99990      .88444   0.100E+01
      .99995      .67796   0.100E+01
      .99999      .46170   0.100E+01
     1.00000      .40789   0.100E+01

      .00000    15.80894   0.150E+01
      .05000    14.59168   0.150E+01
      .10000    13.89267   0.150E+01
      .15000    13.25788   0.150E+01
      .20000    12.68362   0.150E+01
      .25000    12.16772   0.150E+01
      .30000    11.70885   0.150E+01
      .35000    11.30610   0.150E+01
      .40000    10.95896   0.150E+01
      .45000    10.66716   0.150E+01
      .50000    10.43029   0.150E+01
      .55000    10.24709   0.150E+01
      .60000    10.11406   0.150E+01
      .65000    10.03051   0.150E+01
      .70000    10.00249   0.150E+01
      .75000    10.03535   0.150E+01
      .80000    10.12708   0.150E+01
      .85000    10.24297   0.150E+01
      .90000    10.32176   0.150E+01
      .92500    10.31679   0.150E+01
      .95000    10.22204   0.150E+01
      .97000     9.91850   0.150E+01
      .99000     8.47623   0.150E+01
      .99500     7.12727   0.150E+01
      .99900     3.70516   0.150E+01
      .99950     2.48925   0.150E+01
      .99990     1.06020   0.150E+01
      .99995      .78523   0.150E+01
      .99999      .49399   0.150E+01
     1.00000      .40780   0.150E+01

      .00000    15.70893   0.200E+01
      .05000    14.59156   0.200E+01
      .10000    13.89463   0.200E+01
      .15000    13.26143   0.200E+01
      .20000    12.68840   0.200E+01
      .25000    12.17370   0.200E+01
      .30000    11.71599   0.200E+01
      .35000    11.31443   0.200E+01
      .40000    10.96857   0.200E+01
      .45000    10.67822   0.200E+01
      .50000    10.44296   0.200E+01
      .55000    10.26172   0.200E+01
      .60000    10.13127   0.200E+01
      .65000    10.05114   0.200E+01
      .70000    10.02775   0.200E+01
      .75000    10.06698   0.200E+01
      .80000    10.16787   0.200E+01
      .85000    10.29794   0.200E+01
      .90000    10.40410   0.200E+01
      .92500    10.42759   0.200E+01
      .95000    10.38956   0.200E+01
      .97000    10.17935   0.200E+01
      .99000     8.96168   0.200E+01
      .99500     7.72370   0.200E+01
      .99900     4.28587   0.200E+01
      .99950     2.95341   0.200E+01
      .99990     1.21770   0.200E+01
      .99995      .88274   0.200E+01
      .99999      .52471   0.200E+01
     1.00000      .40775   0.200E+01

      .00000    15.57771   0.300E+01
      .05000    14.58329   0.300E+01
      .10000    13.89788   0.300E+01
      .15000    13.27009   0.300E+01
      .20000    12.69892   0.300E+01
      .25000    12.18431   0.300E+01
      .30000    11.72589   0.300E+01
      .35000    11.32372   0.300E+01
      .40000    10.97806   0.300E+01
      .45000    10.68850   0.300E+01
      .50000    10.45421   0.300E+01
      .55000    10.27486   0.300E+01
      .60000    10.15034   0.300E+01
      .65000    10.08128   0.300E+01
      .70000    10.06938   0.300E+01
      .75000    10.10937   0.300E+01
      .80000    10.19564   0.300E+01
      .85000    10.32490   0.300E+01
      .90000    10.48187   0.300E+01
      .92500    10.55325   0.300E+01
      .95000    10.57515   0.300E+01
      .97000    10.44526   0.300E+01
      .99000     9.53687   0.300E+01
      .99500     8.54761   0.300E+01
      .99900     5.15732   0.300E+01
      .99950     3.67319   0.300E+01
      .99990     1.49616   0.300E+01
      .99995     1.06347   0.300E+01
      .99999      .58120   0.300E+01
     1.00000      .40771   0.300E+01

      .00000    15.52124   0.400E+01
      .05000    14.58313   0.400E+01
      .10000    13.89870   0.400E+01
      .15000    13.27139   0.400E+01
      .20000    12.70059   0.400E+01
      .25000    12.18652   0.400E+01
      .30000    11.72875   0.400E+01
      .35000    11.32713   0.400E+01
      .40000    10.98169   0.400E+01
      .45000    10.69253   0.400E+01
      .50000    10.45965   0.400E+01
      .55000    10.28282   0.400E+01
      .60000    10.16062   0.400E+01
      .65000    10.09282   0.400E+01
      .70000    10.08176   0.400E+01
      .75000    10.12410   0.400E+01
      .80000    10.21633   0.400E+01
      .85000    10.35631   0.400E+01
      .90000    10.52695   0.400E+01
      .92500    10.60772   0.400E+01
      .95000    10.65829   0.400E+01
      .97000    10.60204   0.400E+01
      .99000     9.90161   0.400E+01
      .99500     8.99389   0.400E+01
      .99900     5.80198   0.400E+01
      .99950     4.27513   0.400E+01
      .99990     1.74362   0.400E+01
      .99995     1.21748   0.400E+01
      .99999      .63270   0.400E+01
     1.00000      .40768   0.400E+01

      .00000    15.48620   0.500E+01
      .05000    14.58273   0.500E+01
      .10000    13.89877   0.500E+01
      .15000    13.27162   0.500E+01
      .20000    12.70103   0.500E+01
      .25000    12.18747   0.500E+01
      .30000    11.73029   0.500E+01
      .35000    11.32926   0.500E+01
      .40000    10.98436   0.500E+01
      .45000    10.69572   0.500E+01
      .50000    10.46346   0.500E+01
      .55000    10.28736   0.500E+01
      .60000    10.16607   0.500E+01
      .65000    10.09943   0.500E+01
      .70000    10.08981   0.500E+01
      .75000    10.13418   0.500E+01
      .80000    10.22932   0.500E+01
      .85000    10.37374   0.500E+01
      .90000    10.55425   0.500E+01
      .92500    10.64517   0.500E+01
      .95000    10.71206   0.500E+01
      .97000    10.68758   0.500E+01
      .99000    10.12948   0.500E+01
      .99500     9.33430   0.500E+01
      .99900     6.29271   0.500E+01
      .99950     4.74563   0.500E+01
      .99990     1.99201   0.500E+01
      .99995     1.36469   0.500E+01
      .99999      .68014   0.500E+01
     1.00000      .40767   0.500E+01

      .00000    15.46236   0.600E+01
      .05000    14.58242   0.600E+01
      .10000    13.89833   0.600E+01
      .15000    13.27138   0.600E+01
      .20000    12.70117   0.600E+01
      .25000    12.18797   0.600E+01
      .30000    11.73126   0.600E+01
      .35000    11.33089   0.600E+01
      .40000    10.98694   0.600E+01
      .45000    10.69919   0.600E+01
      .50000    10.46694   0.600E+01
      .55000    10.28997   0.600E+01
      .60000    10.16832   0.600E+01
      .65000    10.10290   0.600E+01
      .70000    10.09561   0.600E+01
      .75000    10.14213   0.600E+01
      .80000    10.23824   0.600E+01
      .85000    10.38426   0.600E+01
      .90000    10.57290   0.600E+01
      .92500    10.67313   0.600E+01
      .95000    10.75097   0.600E+01
      .97000    10.73679   0.600E+01
      .99000    10.27471   0.600E+01
      .99500     9.61900   0.600E+01
      .99900     6.69106   0.600E+01
      .99950     5.12090   0.600E+01
      .99990     2.25583   0.600E+01
      .99995     1.51041   0.600E+01
      .99999      .72293   0.600E+01
     1.00000      .40766   0.600E+01

      .00000    15.42929   0.800E+01
      .05000    14.58256   0.800E+01
      .10000    13.89959   0.800E+01
      .15000    13.27318   0.800E+01
      .20000    12.70337   0.800E+01
      .25000    12.19036   0.800E+01
      .30000    11.73362   0.800E+01
      .35000    11.33312   0.800E+01
      .40000    10.98882   0.800E+01
      .45000    10.70097   0.800E+01
      .50000    10.46956   0.800E+01
      .55000    10.29445   0.800E+01
      .60000    10.17437   0.800E+01
      .65000    10.10933   0.800E+01
      .70000    10.10187   0.800E+01
      .75000    10.14933   0.800E+01
      .80000    10.24897   0.800E+01
      .85000    10.40031   0.800E+01
      .90000    10.59571   0.800E+01
      .92500    10.70214   0.800E+01
      .95000    10.79654   0.800E+01
      .97000    10.82377   0.800E+01
      .99000    10.50001   0.800E+01
      .99500     9.92586   0.800E+01
      .99900     7.29557   0.800E+01
      .99950     5.78270   0.800E+01
      .99990     2.71518   0.800E+01
      .99995     1.81837   0.800E+01
      .99999      .80765   0.800E+01
     1.00000      .40765   0.800E+01

      .00000    15.41037   0.100E+02
      .05000    14.58290   0.100E+02
      .10000    13.90072   0.100E+02
      .15000    13.27509   0.100E+02
      .20000    12.70584   0.100E+02
      .25000    12.19298   0.100E+02
      .30000    11.73618   0.100E+02
      .35000    11.33563   0.100E+02
      .40000    10.99174   0.100E+02
      .45000    10.70433   0.100E+02
      .50000    10.47259   0.100E+02
      .55000    10.29629   0.100E+02
      .60000    10.17550   0.100E+02
      .65000    10.11117   0.100E+02
      .70000    10.10558   0.100E+02
      .75000    10.15485   0.100E+02
      .80000    10.25550   0.100E+02
      .85000    10.40836   0.100E+02
      .90000    10.60922   0.100E+02
      .92500    10.72213   0.100E+02
      .95000    10.82892   0.100E+02
      .97000    10.87309   0.100E+02
      .99000    10.62443   0.100E+02
      .99500    10.16249   0.100E+02
      .99900     7.75463   0.100E+02
      .99950     6.26984   0.100E+02
      .99990     3.09626   0.100E+02
      .99995     2.10859   0.100E+02
      .99999      .88233   0.100E+02
     1.00000      .40765   0.100E+02

