      .00000     4.03792   0.100E-05
      .05000     4.11472   0.100E-05
      .10000     4.18063   0.100E-05
      .15000     4.23669   0.100E-05
      .20000     4.28266   0.100E-05
      .25000     4.31871   0.100E-05
      .30000     4.34572   0.100E-05
      .35000     4.36556   0.100E-05
      .40000     4.38088   0.100E-05
      .45000     4.39233   0.100E-05
      .50000     4.40034   0.100E-05
      .55000     4.40549   0.100E-05
      .60000     4.40945   0.100E-05
      .65000     4.41349   0.100E-05
      .70000     4.41704   0.100E-05
      .75000     4.41875   0.100E-05
      .80000     4.41782   0.100E-05
      .85000     4.41667   0.100E-05
      .90000     4.41817   0.100E-05
      .92500     4.41967   0.100E-05
      .95000     4.42026   0.100E-05
      .97000     4.41924   0.100E-05
      .99000     4.41649   0.100E-05
      .99500     4.41548   0.100E-05
      .99900     4.41459   0.100E-05
      .99950     4.41447   0.100E-05
      .99990     4.41437   0.100E-05
      .99995     4.41437   0.100E-05
      .99999     4.41436   0.100E-05
     1.00000     4.41437   0.100E-05

      .00000     4.73328   0.150E-05
      .05000     4.82112   0.150E-05
      .10000     4.88853   0.150E-05
      .15000     4.93853   0.150E-05
      .20000     4.97312   0.150E-05
      .25000     4.99498   0.150E-05
      .30000     5.00564   0.150E-05
      .35000     5.00739   0.150E-05
      .40000     5.00335   0.150E-05
      .45000     4.99451   0.150E-05
      .50000     4.98172   0.150E-05
      .55000     4.96564   0.150E-05
      .60000     4.94694   0.150E-05
      .65000     4.92633   0.150E-05
      .70000     4.90404   0.150E-05
      .75000     4.88075   0.150E-05
      .80000     4.85718   0.150E-05
      .85000     4.83375   0.150E-05
      .90000     4.81138   0.150E-05
      .92500     4.80108   0.150E-05
      .95000     4.79138   0.150E-05
      .97000     4.78402   0.150E-05
      .99000     4.77561   0.150E-05
      .99500     4.77327   0.150E-05
      .99900     4.77151   0.150E-05
      .99950     4.77129   0.150E-05
      .99990     4.77113   0.150E-05
      .99995     4.77110   0.150E-05
      .99999     4.77109   0.150E-05
     1.00000     4.77106   0.150E-05

      .00000     5.24409   0.200E-05
      .05000     5.33239   0.200E-05
      .10000     5.39864   0.200E-05
      .15000     5.44532   0.200E-05
      .20000     5.47247   0.200E-05
      .25000     5.48113   0.200E-05
      .30000     5.47373   0.200E-05
      .35000     5.45474   0.200E-05
      .40000     5.42990   0.200E-05
      .45000     5.40074   0.200E-05
      .50000     5.36793   0.200E-05
      .55000     5.33249   0.200E-05
      .60000     5.29613   0.200E-05
      .65000     5.26027   0.200E-05
      .70000     5.22433   0.200E-05
      .75000     5.18662   0.200E-05
      .80000     5.14618   0.200E-05
      .85000     5.10570   0.200E-05
      .90000     5.06893   0.200E-05
      .92500     5.05237   0.200E-05
      .95000     5.03611   0.200E-05
      .97000     5.02331   0.200E-05
      .99000     5.01067   0.200E-05
      .99500     5.00757   0.200E-05
      .99900     5.00503   0.200E-05
      .99950     5.00472   0.200E-05
      .99990     5.00447   0.200E-05
      .99995     5.00445   0.200E-05
      .99999     5.00441   0.200E-05
     1.00000     5.00438   0.200E-05

      .00000     5.97062   0.300E-05
      .05000     6.07699   0.300E-05
      .10000     6.13578   0.300E-05
      .15000     6.15668   0.300E-05
      .20000     6.14902   0.300E-05
      .25000     6.12354   0.300E-05
      .30000     6.08402   0.300E-05
      .35000     6.03426   0.300E-05
      .40000     5.97894   0.300E-05
      .45000     5.91964   0.300E-05
      .50000     5.85736   0.300E-05
      .55000     5.79361   0.300E-05
      .60000     5.72959   0.300E-05
      .65000     5.66677   0.300E-05
      .70000     5.60544   0.300E-05
      .75000     5.54569   0.300E-05
      .80000     5.48750   0.300E-05
      .85000     5.43035   0.300E-05
      .90000     5.37525   0.300E-05
      .92500     5.34969   0.300E-05
      .95000     5.32508   0.300E-05
      .97000     5.30624   0.300E-05
      .99000     5.28732   0.300E-05
      .99500     5.28282   0.300E-05
      .99900     5.27923   0.300E-05
      .99950     5.27875   0.300E-05
      .99990     5.27840   0.300E-05
      .99995     5.27835   0.300E-05
      .99999     5.27832   0.300E-05
     1.00000     5.27830   0.300E-05

      .00000     6.50175   0.400E-05
      .05000     6.58410   0.400E-05
      .10000     6.62739   0.400E-05
      .15000     6.63752   0.400E-05
      .20000     6.61574   0.400E-05
      .25000     6.56525   0.400E-05
      .30000     6.49174   0.400E-05
      .35000     6.40433   0.400E-05
      .40000     6.31395   0.400E-05
      .45000     6.22365   0.400E-05
      .50000     6.13440   0.400E-05
      .55000     6.04799   0.400E-05
      .60000     5.96556   0.400E-05
      .65000     5.88831   0.400E-05
      .70000     5.81513   0.400E-05
      .75000     5.74260   0.400E-05
      .80000     5.66835   0.400E-05
      .85000     5.59622   0.400E-05
      .90000     5.53154   0.400E-05
      .92500     5.50241   0.400E-05
      .95000     5.47310   0.400E-05
      .97000     5.44938   0.400E-05
      .99000     5.42663   0.400E-05
      .99500     5.42115   0.400E-05
      .99900     5.41671   0.400E-05
      .99950     5.41617   0.400E-05
      .99990     5.41572   0.400E-05
      .99995     5.41567   0.400E-05
      .99999     5.41565   0.400E-05
     1.00000     5.41562   0.400E-05

      .00000     6.90730   0.500E-05
      .05000     6.97974   0.500E-05
      .10000     7.00665   0.500E-05
      .15000     6.99576   0.500E-05
      .20000     6.94905   0.500E-05
      .25000     6.87076   0.500E-05
      .30000     6.76799   0.500E-05
      .35000     6.65172   0.500E-05
      .40000     6.53480   0.500E-05
      .45000     6.42076   0.500E-05
      .50000     6.31063   0.500E-05
      .55000     6.20614   0.500E-05
      .60000     6.10796   0.500E-05
      .65000     6.01684   0.500E-05
      .70000     5.93144   0.500E-05
      .75000     5.84776   0.500E-05
      .80000     5.76303   0.500E-05
      .85000     5.68164   0.500E-05
      .90000     5.60974   0.500E-05
      .92500     5.57769   0.500E-05
      .95000     5.54519   0.500E-05
      .97000     5.51856   0.500E-05
      .99000     5.49290   0.500E-05
      .99500     5.48669   0.500E-05
      .99900     5.48167   0.500E-05
      .99950     5.48105   0.500E-05
      .99990     5.48053   0.500E-05
      .99995     5.48046   0.500E-05
      .99999     5.48044   0.500E-05
     1.00000     5.48043   0.500E-05

      .00000     7.23667   0.600E-05
      .05000     7.29685   0.600E-05
      .10000     7.30604   0.600E-05
      .15000     7.27382   0.600E-05
      .20000     7.20292   0.600E-05
      .25000     7.09851   0.600E-05
      .30000     6.96899   0.600E-05
      .35000     6.82686   0.600E-05
      .40000     6.68658   0.600E-05
      .45000     6.55198   0.600E-05
      .50000     6.42410   0.600E-05
      .55000     6.30439   0.600E-05
      .60000     6.19302   0.600E-05
      .65000     6.09024   0.600E-05
      .70000     5.99452   0.600E-05
      .75000     5.90140   0.600E-05
      .80000     5.80792   0.600E-05
      .85000     5.71900   0.600E-05
      .90000     5.64146   0.600E-05
      .92500     5.60729   0.600E-05
      .95000     5.57247   0.600E-05
      .97000     5.54369   0.600E-05
      .99000     5.51592   0.600E-05
      .99500     5.50918   0.600E-05
      .99900     5.50368   0.600E-05
      .99950     5.50302   0.600E-05
      .99990     5.50245   0.600E-05
      .99995     5.50238   0.600E-05
      .99999     5.50235   0.600E-05
     1.00000     5.50235   0.600E-05

      .00000     7.72944   0.800E-05
      .05000     7.81050   0.800E-05
      .10000     7.78734   0.800E-05
      .15000     7.68940   0.800E-05
      .20000     7.54476   0.800E-05
      .25000     7.38249   0.800E-05
      .30000     7.21155   0.800E-05
      .35000     7.03840   0.800E-05
      .40000     6.87025   0.800E-05
      .45000     6.70901   0.800E-05
      .50000     6.55540   0.800E-05
      .55000     6.41030   0.800E-05
      .60000     6.27366   0.800E-05
      .65000     6.14564   0.800E-05
      .70000     6.02652   0.800E-05
      .75000     5.91563   0.800E-05
      .80000     5.81228   0.800E-05
      .85000     5.71611   0.800E-05
      .90000     5.62846   0.800E-05
      .92500     5.58894   0.800E-05
      .95000     5.55054   0.800E-05
      .97000     5.52042   0.800E-05
      .99000     5.48936   0.800E-05
      .99500     5.48179   0.800E-05
      .99900     5.47577   0.800E-05
      .99950     5.47499   0.800E-05
      .99990     5.47441   0.800E-05
      .99995     5.47432   0.800E-05
      .99999     5.47425   0.800E-05
     1.00000     5.47425   0.800E-05

      .00000     8.11796   0.100E-04
      .05000     8.17604   0.100E-04
      .10000     8.11639   0.100E-04
      .15000     7.97494   0.100E-04
      .20000     7.78459   0.100E-04
      .25000     7.57887   0.100E-04
      .30000     7.36817   0.100E-04
      .35000     7.15997   0.100E-04
      .40000     6.96235   0.100E-04
      .45000     6.77611   0.100E-04
      .50000     6.60029   0.100E-04
      .55000     6.43434   0.100E-04
      .60000     6.27904   0.100E-04
      .65000     6.13473   0.100E-04
      .70000     6.00141   0.100E-04
      .75000     5.87758   0.100E-04
      .80000     5.76215   0.100E-04
      .85000     5.65602   0.100E-04
      .90000     5.56119   0.100E-04
      .92500     5.51856   0.100E-04
      .95000     5.47746   0.100E-04
      .97000     5.44558   0.100E-04
      .99000     5.41284   0.100E-04
      .99500     5.40484   0.100E-04
      .99900     5.39845   0.100E-04
      .99950     5.39761   0.100E-04
      .99990     5.39701   0.100E-04
      .99995     5.39693   0.100E-04
      .99999     5.39685   0.100E-04
     1.00000     5.39683   0.100E-04

      .00000     8.80418   0.150E-04
      .05000     8.79901   0.150E-04
      .10000     8.65286   0.150E-04
      .15000     8.41600   0.150E-04
      .20000     8.13071   0.150E-04
      .25000     7.83838   0.150E-04
      .30000     7.55125   0.150E-04
      .35000     7.27769   0.150E-04
      .40000     7.02622   0.150E-04
      .45000     6.79433   0.150E-04
      .50000     6.57783   0.150E-04
      .55000     6.37274   0.150E-04
      .60000     6.18212   0.150E-04
      .65000     6.00659   0.150E-04
      .70000     5.84546   0.150E-04
      .75000     5.69559   0.150E-04
      .80000     5.55516   0.150E-04
      .85000     5.42789   0.150E-04
      .90000     5.31669   0.150E-04
      .92500     5.26630   0.150E-04
      .95000     5.21863   0.150E-04
      .97000     5.18323   0.150E-04
      .99000     5.14861   0.150E-04
      .99500     5.14015   0.150E-04
      .99900     5.13345   0.150E-04
      .99950     5.13259   0.150E-04
      .99990     5.13194   0.150E-04
      .99995     5.13184   0.150E-04
      .99999     5.13178   0.150E-04
     1.00000     5.13176   0.150E-04

      .00000     9.54654   0.200E-04
      .05000     9.21622   0.200E-04
      .10000     8.87164   0.200E-04
      .15000     8.53849   0.200E-04
      .20000     8.21640   0.200E-04
      .25000     7.90516   0.200E-04
      .30000     7.60468   0.200E-04
      .35000     7.31498   0.200E-04
      .40000     7.03616   0.200E-04
      .45000     6.76842   0.200E-04
      .50000     6.51444   0.200E-04
      .55000     6.27360   0.200E-04
      .60000     6.04800   0.200E-04
      .65000     5.83687   0.200E-04
      .70000     5.64167   0.200E-04
      .75000     5.46418   0.200E-04
      .80000     5.30573   0.200E-04
      .85000     5.16426   0.200E-04
      .90000     5.04310   0.200E-04
      .92500     4.99673   0.200E-04
      .95000     4.96555   0.200E-04
      .97000     4.94637   0.200E-04
      .99000     4.87446   0.200E-04
      .99500     4.83942   0.200E-04
      .99900     4.84951   0.200E-04
      .99950     4.85589   0.200E-04
      .99990     4.85317   0.200E-04
      .99995     4.85121   0.200E-04
      .99999     4.85481   0.200E-04
     1.00000     4.85246   0.200E-04

      .00000     9.96043   0.300E-04
      .05000     9.65659   0.300E-04
      .10000     9.28540   0.300E-04
      .15000     8.88912   0.300E-04
      .20000     8.47549   0.300E-04
      .25000     8.05408   0.300E-04
      .30000     7.63731   0.300E-04
      .35000     7.24055   0.300E-04
      .40000     6.87705   0.300E-04
      .45000     6.55017   0.300E-04
      .50000     6.25785   0.300E-04
      .55000     5.99356   0.300E-04
      .60000     5.75214   0.300E-04
      .65000     5.52652   0.300E-04
      .70000     5.31479   0.300E-04
      .75000     5.11461   0.300E-04
      .80000     4.92459   0.300E-04
      .85000     4.74678   0.300E-04
      .90000     4.58651   0.300E-04
      .92500     4.51555   0.300E-04
      .95000     4.45046   0.300E-04
      .97000     4.40503   0.300E-04
      .99000     4.36806   0.300E-04
      .99500     4.36122   0.300E-04
      .99900     4.35439   0.300E-04
      .99950     4.35334   0.300E-04
      .99990     4.35275   0.300E-04
      .99995     4.35273   0.300E-04
      .99999     4.35262   0.300E-04
     1.00000     4.35270   0.300E-04

      .00000    10.31635   0.400E-04
      .05000    10.02533   0.400E-04
      .10000     9.56322   0.400E-04
      .15000     9.02753   0.400E-04
      .20000     8.48096   0.400E-04
      .25000     7.97626   0.400E-04
      .30000     7.51930   0.400E-04
      .35000     7.10785   0.400E-04
      .40000     6.73689   0.400E-04
      .45000     6.40055   0.400E-04
      .50000     6.08885   0.400E-04
      .55000     5.79233   0.400E-04
      .60000     5.51610   0.400E-04
      .65000     5.26152   0.400E-04
      .70000     5.02482   0.400E-04
      .75000     4.80102   0.400E-04
      .80000     4.58759   0.400E-04
      .85000     4.39035   0.400E-04
      .90000     4.21092   0.400E-04
      .92500     4.12588   0.400E-04
      .95000     4.04900   0.400E-04
      .97000     3.99870   0.400E-04
      .99000     3.96029   0.400E-04
      .99500     3.95180   0.400E-04
      .99900     3.94542   0.400E-04
      .99950     3.94466   0.400E-04
      .99990     3.94406   0.400E-04
      .99995     3.94397   0.400E-04
      .99999     3.94396   0.400E-04
     1.00000     3.94396   0.400E-04

      .00000    10.79935   0.500E-04
      .05000    10.18177   0.500E-04
      .10000     9.56055   0.500E-04
      .15000     8.98290   0.500E-04
      .20000     8.44463   0.500E-04
      .25000     7.94288   0.500E-04
      .30000     7.47535   0.500E-04
      .35000     7.03994   0.500E-04
      .40000     6.63452   0.500E-04
      .45000     6.25951   0.500E-04
      .50000     5.91552   0.500E-04
      .55000     5.59649   0.500E-04
      .60000     5.30127   0.500E-04
      .65000     5.02875   0.500E-04
      .70000     4.77590   0.500E-04
      .75000     4.54226   0.500E-04
      .80000     4.32513   0.500E-04
      .85000     4.11443   0.500E-04
      .90000     3.90423   0.500E-04
      .92500     3.80499   0.500E-04
      .95000     3.71976   0.500E-04
      .97000     3.66728   0.500E-04
      .99000     3.62453   0.500E-04
      .99500     3.61798   0.500E-04
      .99900     3.61042   0.500E-04
      .99950     3.60932   0.500E-04
      .99990     3.60888   0.500E-04
      .99995     3.60873   0.500E-04
      .99999     3.60894   0.500E-04
     1.00000     3.60879   0.500E-04

      .00000    11.01715   0.600E-04
      .05000    10.32755   0.600E-04
      .10000     9.64105   0.600E-04
      .15000     9.00912   0.600E-04
      .20000     8.42558   0.600E-04
      .25000     7.88670   0.600E-04
      .30000     7.38906   0.600E-04
      .35000     6.92872   0.600E-04
      .40000     6.50406   0.600E-04
      .45000     6.11491   0.600E-04
      .50000     5.75992   0.600E-04
      .55000     5.43167   0.600E-04
      .60000     5.12705   0.600E-04
      .65000     4.84497   0.600E-04
      .70000     4.58129   0.600E-04
      .75000     4.33498   0.600E-04
      .80000     4.10296   0.600E-04
      .85000     3.87539   0.600E-04
      .90000     3.64714   0.600E-04
      .92500     3.53933   0.600E-04
      .95000     3.44784   0.600E-04
      .97000     3.39249   0.600E-04
      .99000     3.34633   0.600E-04
      .99500     3.33864   0.600E-04
      .99900     3.33095   0.600E-04
      .99950     3.32992   0.600E-04
      .99990     3.32942   0.600E-04
      .99995     3.32929   0.600E-04
      .99999     3.32942   0.600E-04
     1.00000     3.32928   0.600E-04

      .00000    11.32410   0.800E-04
      .05000    10.51739   0.800E-04
      .10000     9.72793   0.800E-04
      .15000     9.01202   0.800E-04
      .20000     8.35970   0.800E-04
      .25000     7.76525   0.800E-04
      .30000     7.22335   0.800E-04
      .35000     6.72763   0.800E-04
      .40000     6.27562   0.800E-04
      .45000     5.86797   0.800E-04
      .50000     5.49850   0.800E-04
      .55000     5.15835   0.800E-04
      .60000     4.84124   0.800E-04
      .65000     4.54574   0.800E-04
      .70000     4.26723   0.800E-04
      .75000     4.00315   0.800E-04
      .80000     3.75001   0.800E-04
      .85000     3.49833   0.800E-04
      .90000     3.24406   0.800E-04
      .92500     3.12348   0.800E-04
      .95000     3.02159   0.800E-04
      .97000     2.95991   0.800E-04
      .99000     2.90636   0.800E-04
      .99500     2.89645   0.800E-04
      .99900     2.88794   0.800E-04
      .99950     2.88691   0.800E-04
      .99990     2.88628   0.800E-04
      .99995     2.88615   0.800E-04
      .99999     2.88617   0.800E-04
     1.00000     2.88605   0.800E-04

      .00000    11.53357   0.100E-03
      .05000    10.63247   0.100E-03
      .10000     9.76339   0.100E-03
      .15000     8.98383   0.100E-03
      .20000     8.28086   0.100E-03
      .25000     7.64579   0.100E-03
      .30000     7.07159   0.100E-03
      .35000     6.55171   0.100E-03
      .40000     6.08183   0.100E-03
      .45000     5.66224   0.100E-03
      .50000     5.28397   0.100E-03
      .55000     4.93664   0.100E-03
      .60000     4.61191   0.100E-03
      .65000     4.30738   0.100E-03
      .70000     4.01969   0.100E-03
      .75000     3.74444   0.100E-03
      .80000     3.47793   0.100E-03
      .85000     3.21110   0.100E-03
      .90000     2.94046   0.100E-03
      .92500     2.81132   0.100E-03
      .95000     2.70098   0.100E-03
      .97000     2.63229   0.100E-03
      .99000     2.57118   0.100E-03
      .99500     2.55942   0.100E-03
      .99900     2.54961   0.100E-03
      .99950     2.54843   0.100E-03
      .99990     2.54767   0.100E-03
      .99995     2.54753   0.100E-03
      .99999     2.54748   0.100E-03
     1.00000     2.54738   0.100E-03

      .00000    11.89099   0.150E-03
      .05000    10.76212   0.150E-03
      .10000     9.72827   0.150E-03
      .15000     8.83268   0.150E-03
      .20000     8.05104   0.150E-03
      .25000     7.36330   0.150E-03
      .30000     6.75295   0.150E-03
      .35000     6.20979   0.150E-03
      .40000     5.72544   0.150E-03
      .45000     5.29224   0.150E-03
      .50000     4.90025   0.150E-03
      .55000     4.53782   0.150E-03
      .60000     4.19461   0.150E-03
      .65000     3.86687   0.150E-03
      .70000     3.55757   0.150E-03
      .75000     3.26315   0.150E-03
      .80000     2.98154   0.150E-03
      .85000     2.70453   0.150E-03
      .90000     2.42675   0.150E-03
      .92500     2.29050   0.150E-03
      .95000     2.16242   0.150E-03
      .97000     2.07132   0.150E-03
      .99000     1.99664   0.150E-03
      .99500     1.98036   0.150E-03
      .99900     1.96756   0.150E-03
      .99950     1.96609   0.150E-03
      .99990     1.96487   0.150E-03
      .99995     1.96470   0.150E-03
      .99999     1.96458   0.150E-03
     1.00000     1.96454   0.150E-03

      .00000    12.15003   0.200E-03
      .05000    10.83049   0.200E-03
      .10000     9.67345   0.200E-03
      .15000     8.69601   0.200E-03
      .20000     7.86029   0.200E-03
      .25000     7.13951   0.200E-03
      .30000     6.51046   0.200E-03
      .35000     5.95537   0.200E-03
      .40000     5.46312   0.200E-03
      .45000     5.02211   0.200E-03
      .50000     4.62101   0.200E-03
      .55000     4.24925   0.200E-03
      .60000     3.89674   0.200E-03
      .65000     3.55948   0.200E-03
      .70000     3.24230   0.200E-03
      .75000     2.94521   0.200E-03
      .80000     2.66326   0.200E-03
      .85000     2.38538   0.200E-03
      .90000     2.10271   0.200E-03
      .92500     1.96092   0.200E-03
      .95000     1.82315   0.200E-03
      .97000     1.72082   0.200E-03
      .99000     1.63595   0.200E-03
      .99500     1.61670   0.200E-03
      .99900     1.60120   0.200E-03
      .99950     1.59940   0.200E-03
      .99990     1.59792   0.200E-03
      .99995     1.59769   0.200E-03
      .99999     1.59759   0.200E-03
     1.00000     1.59756   0.200E-03

      .00000    12.54731   0.300E-03
      .05000    10.94956   0.300E-03
      .10000     9.63201   0.300E-03
      .15000     8.54914   0.300E-03
      .20000     7.64085   0.300E-03
      .25000     6.87245   0.300E-03
      .30000     6.21934   0.300E-03
      .35000     5.65128   0.300E-03
      .40000     5.14655   0.300E-03
      .45000     4.69317   0.300E-03
      .50000     4.27962   0.300E-03
      .55000     3.89628   0.300E-03
      .60000     3.53420   0.300E-03
      .65000     3.18909   0.300E-03
      .70000     2.86441   0.300E-03
      .75000     2.56511   0.300E-03
      .80000     2.28402   0.300E-03
      .85000     2.00695   0.300E-03
      .90000     1.72376   0.300E-03
      .92500     1.58014   0.300E-03
      .95000     1.43767   0.300E-03
      .97000     1.32749   0.300E-03
      .99000     1.22867   0.300E-03
      .99500     1.20510   0.300E-03
      .99900     1.18615   0.300E-03
      .99950     1.18391   0.300E-03
      .99990     1.18204   0.300E-03
      .99995     1.18177   0.300E-03
      .99999     1.18162   0.300E-03
     1.00000     1.18161   0.300E-03

      .00000    12.88683   0.400E-03
      .05000    11.06951   0.400E-03
      .10000     9.65777   0.400E-03
      .15000     8.52101   0.400E-03
      .20000     7.57893   0.400E-03
      .25000     6.77957   0.400E-03
      .30000     6.10206   0.400E-03
      .35000     5.51645   0.400E-03
      .40000     4.99667   0.400E-03
      .45000     4.52893   0.400E-03
      .50000     4.10164   0.400E-03
      .55000     3.70617   0.400E-03
      .60000     3.33704   0.400E-03
      .65000     2.99078   0.400E-03
      .70000     2.66645   0.400E-03
      .75000     2.36403   0.400E-03
      .80000     2.07949   0.400E-03
      .85000     1.80053   0.400E-03
      .90000     1.51955   0.400E-03
      .92500     1.37689   0.400E-03
      .95000     1.23413   0.400E-03
      .97000     1.12092   0.400E-03
      .99000     1.01222   0.400E-03
      .99500      .98594   0.400E-03
      .99900      .96490   0.400E-03
      .99950      .96206   0.400E-03
      .99990      .96003   0.400E-03
      .99995      .95982   0.400E-03
      .99999      .95955   0.400E-03
     1.00000      .95953   0.400E-03

      .00000    13.20728   0.500E-03
      .05000    11.22247   0.500E-03
      .10000     9.74296   0.500E-03
      .15000     8.56008   0.500E-03
      .20000     7.58881   0.500E-03
      .25000     6.76588   0.500E-03
      .30000     6.06849   0.500E-03
      .35000     5.46740   0.500E-03
      .40000     4.93488   0.500E-03
      .45000     4.45543   0.500E-03
      .50000     4.01778   0.500E-03
      .55000     3.61362   0.500E-03
      .60000     3.23762   0.500E-03
      .65000     2.88603   0.500E-03
      .70000     2.55696   0.500E-03
      .75000     2.24912   0.500E-03
      .80000     1.96128   0.500E-03
      .85000     1.68187   0.500E-03
      .90000     1.40117   0.500E-03
      .92500     1.25841   0.500E-03
      .95000     1.11405   0.500E-03
      .97000      .99738   0.500E-03
      .99000      .88157   0.500E-03
      .99500      .85291   0.500E-03
      .99900      .83007   0.500E-03
      .99950      .82701   0.500E-03
      .99990      .82480   0.500E-03
      .99995      .82455   0.500E-03
      .99999      .82427   0.500E-03
     1.00000      .82420   0.500E-03

      .00000    13.48108   0.600E-03
      .05000    11.41681   0.600E-03
      .10000     9.88434   0.600E-03
      .15000     8.63705   0.600E-03
      .20000     7.61748   0.600E-03
      .25000     6.77249   0.600E-03
      .30000     6.06690   0.600E-03
      .35000     5.46231   0.600E-03
      .40000     4.92411   0.600E-03
      .45000     4.43682   0.600E-03
      .50000     3.99182   0.600E-03
      .55000     3.58153   0.600E-03
      .60000     3.19824   0.600E-03
      .65000     2.83724   0.600E-03
      .70000     2.49850   0.600E-03
      .75000     2.18355   0.600E-03
      .80000     1.89270   0.600E-03
      .85000     1.61369   0.600E-03
      .90000     1.33118   0.600E-03
      .92500     1.18701   0.600E-03
      .95000     1.03985   0.600E-03
      .97000      .91926   0.600E-03
      .99000      .79739   0.600E-03
      .99500      .76654   0.600E-03
      .99900      .74189   0.600E-03
      .99950      .73891   0.600E-03
      .99990      .73640   0.600E-03
      .99995      .73610   0.600E-03
      .99999      .73580   0.600E-03
     1.00000      .73572   0.600E-03

      .00000    13.97322   0.800E-03
      .05000    11.72336   0.800E-03
      .10000    10.12378   0.800E-03
      .15000     8.81777   0.800E-03
      .20000     7.75682   0.800E-03
      .25000     6.88810   0.800E-03
      .30000     6.16286   0.800E-03
      .35000     5.53933   0.800E-03
      .40000     4.98307   0.800E-03
      .45000     4.47919   0.800E-03
      .50000     4.01917   0.800E-03
      .55000     3.59543   0.800E-03
      .60000     3.20029   0.800E-03
      .65000     2.82868   0.800E-03
      .70000     2.47963   0.800E-03
      .75000     2.15312   0.800E-03
      .80000     1.84834   0.800E-03
      .85000     1.55961   0.800E-03
      .90000     1.27035   0.800E-03
      .92500     1.12179   0.800E-03
      .95000      .96762   0.800E-03
      .97000      .83834   0.800E-03
      .99000      .70337   0.800E-03
      .99500      .66848   0.800E-03
      .99900      .64052   0.800E-03
      .99950      .63711   0.800E-03
      .99990      .63426   0.800E-03
      .99995      .63393   0.800E-03
      .99999      .63358   0.800E-03
     1.00000      .63350   0.800E-03

      .00000    14.37861   0.100E-02
      .05000    11.99247   0.100E-02
      .10000    10.34855   0.100E-02
      .15000     9.00619   0.100E-02
      .20000     7.92142   0.100E-02
      .25000     7.03735   0.100E-02
      .30000     6.29927   0.100E-02
      .35000     5.66270   0.100E-02
      .40000     5.09365   0.100E-02
      .45000     4.57789   0.100E-02
      .50000     4.10711   0.100E-02
      .55000     3.67342   0.100E-02
      .60000     3.26880   0.100E-02
      .65000     2.88776   0.100E-02
      .70000     2.52858   0.100E-02
      .75000     2.19008   0.100E-02
      .80000     1.87041   0.100E-02
      .85000     1.56601   0.100E-02
      .90000     1.26578   0.100E-02
      .92500     1.11066   0.100E-02
      .95000      .94766   0.100E-02
      .97000      .80857   0.100E-02
      .99000      .65947   0.100E-02
      .99500      .62032   0.100E-02
      .99900      .58894   0.100E-02
      .99950      .58509   0.100E-02
      .99990      .58187   0.100E-02
      .99995      .58149   0.100E-02
      .99999      .58111   0.100E-02
     1.00000      .58106   0.100E-02

      .00000    15.12229   0.150E-02
      .05000    12.52537   0.150E-02
      .10000    10.82573   0.150E-02
      .15000     9.44268   0.150E-02
      .20000     8.34286   0.150E-02
      .25000     7.43715   0.150E-02
      .30000     6.67670   0.150E-02
      .35000     6.01720   0.150E-02
      .40000     5.42650   0.150E-02
      .45000     4.89068   0.150E-02
      .50000     4.40116   0.150E-02
      .55000     3.94946   0.150E-02
      .60000     3.52660   0.150E-02
      .65000     3.12604   0.150E-02
      .70000     2.74476   0.150E-02
      .75000     2.37950   0.150E-02
      .80000     2.02670   0.150E-02
      .85000     1.68239   0.150E-02
      .90000     1.34339   0.150E-02
      .92500     1.16734   0.150E-02
      .95000      .97716   0.150E-02
      .97000      .80984   0.150E-02
      .99000      .62443   0.150E-02
      .99500      .57492   0.150E-02
      .99900      .53528   0.150E-02
      .99950      .53040   0.150E-02
      .99990      .52629   0.150E-02
      .99995      .52579   0.150E-02
      .99999      .52536   0.150E-02
     1.00000      .52536   0.150E-02

      .00000    15.61939   0.200E-02
      .05000    12.91248   0.200E-02
      .10000    11.20426   0.200E-02
      .15000     9.81994   0.200E-02
      .20000     8.72511   0.200E-02
      .25000     7.81070   0.200E-02
      .30000     7.03598   0.200E-02
      .35000     6.36062   0.200E-02
      .40000     5.75529   0.200E-02
      .45000     5.20607   0.200E-02
      .50000     4.70389   0.200E-02
      .55000     4.23958   0.200E-02
      .60000     3.80330   0.200E-02
      .65000     3.38761   0.200E-02
      .70000     2.98889   0.200E-02
      .75000     2.60286   0.200E-02
      .80000     2.22447   0.200E-02
      .85000     1.84731   0.200E-02
      .90000     1.46435   0.200E-02
      .92500     1.26467   0.200E-02
      .95000     1.04358   0.200E-02
      .97000      .84526   0.200E-02
      .99000      .62442   0.200E-02
      .99500      .56530   0.200E-02
      .99900      .51745   0.200E-02
      .99950      .51150   0.200E-02
      .99990      .50667   0.200E-02
      .99995      .50609   0.200E-02
      .99999      .50547   0.200E-02
     1.00000      .50539   0.200E-02

      .00000    16.08197   0.300E-02
      .05000    13.41191   0.300E-02
      .10000    11.81380   0.300E-02
      .15000    10.50196   0.300E-02
      .20000     9.41717   0.300E-02
      .25000     8.47404   0.300E-02
      .30000     7.65163   0.300E-02
      .35000     6.92849   0.300E-02
      .40000     6.28979   0.300E-02
      .45000     5.72140   0.300E-02
      .50000     5.21002   0.300E-02
      .55000     4.74169   0.300E-02
      .60000     4.30043   0.300E-02
      .65000     3.87443   0.300E-02
      .70000     3.45895   0.300E-02
      .75000     3.04813   0.300E-02
      .80000     2.63263   0.300E-02
      .85000     2.19627   0.300E-02
      .90000     1.72219   0.300E-02
      .92500     1.46696   0.300E-02
      .95000     1.19297   0.300E-02
      .97000      .94587   0.300E-02
      .99000      .65409   0.300E-02
      .99500      .56834   0.300E-02
      .99900      .50539   0.300E-02
      .99950      .49864   0.300E-02
      .99990      .49244   0.300E-02
      .99995      .49127   0.300E-02
      .99999      .49058   0.300E-02
     1.00000      .48919   0.300E-02

      .00000    16.45905   0.400E-02
      .05000    13.71848   0.400E-02
      .10000    12.17263   0.400E-02
      .15000    10.92060   0.400E-02
      .20000     9.86495   0.400E-02
      .25000     8.93827   0.400E-02
      .30000     8.12235   0.400E-02
      .35000     7.39867   0.400E-02
      .40000     6.75432   0.400E-02
      .45000     6.17683   0.400E-02
      .50000     5.65425   0.400E-02
      .55000     5.17368   0.400E-02
      .60000     4.72011   0.400E-02
      .65000     4.28179   0.400E-02
      .70000     3.85287   0.400E-02
      .75000     3.42550   0.400E-02
      .80000     2.98664   0.400E-02
      .85000     2.51247   0.400E-02
      .90000     1.97500   0.400E-02
      .92500     1.67322   0.400E-02
      .95000     1.34299   0.400E-02
      .97000     1.04497   0.400E-02
      .99000      .68907   0.400E-02
      .99500      .58338   0.400E-02
      .99900      .50280   0.400E-02
      .99950      .49367   0.400E-02
      .99990      .48607   0.400E-02
      .99995      .48473   0.400E-02
      .99999      .48304   0.400E-02
     1.00000      .48096   0.400E-02

      .00000    16.69810   0.500E-02
      .05000    13.91187   0.500E-02
      .10000    12.42638   0.500E-02
      .15000    11.22659   0.500E-02
      .20000    10.20047   0.500E-02
      .25000     9.29279   0.500E-02
      .30000     8.48801   0.500E-02
      .35000     7.76951   0.500E-02
      .40000     7.12584   0.500E-02
      .45000     6.54579   0.500E-02
      .50000     6.01845   0.500E-02
      .55000     5.53184   0.500E-02
      .60000     5.07168   0.500E-02
      .65000     4.62634   0.500E-02
      .70000     4.18916   0.500E-02
      .75000     3.75076   0.500E-02
      .80000     3.29522   0.500E-02
      .85000     2.79262   0.500E-02
      .90000     2.20528   0.500E-02
      .92500     1.86562   0.500E-02
      .95000     1.48377   0.500E-02
      .97000     1.14069   0.500E-02
      .99000      .72643   0.500E-02
      .99500      .60187   0.500E-02
      .99900      .50279   0.500E-02
      .99950      .49087   0.500E-02
      .99990      .48160   0.500E-02
      .99995      .48013   0.500E-02
      .99999      .47763   0.500E-02
     1.00000      .47525   0.500E-02

      .00000    16.85800   0.600E-02
      .05000    14.03890   0.600E-02
      .10000    12.61504   0.600E-02
      .15000    11.45803   0.600E-02
      .20000    10.46037   0.600E-02
      .25000     9.57217   0.600E-02
      .30000     8.78050   0.600E-02
      .35000     8.07005   0.600E-02
      .40000     7.43060   0.600E-02
      .45000     6.85187   0.600E-02
      .50000     6.32380   0.600E-02
      .55000     5.83507   0.600E-02
      .60000     5.37199   0.600E-02
      .65000     4.92300   0.600E-02
      .70000     4.48087   0.600E-02
      .75000     4.03506   0.600E-02
      .80000     3.56731   0.600E-02
      .85000     3.04276   0.600E-02
      .90000     2.41539   0.600E-02
      .92500     2.04425   0.600E-02
      .95000     1.61872   0.600E-02
      .97000     1.23240   0.600E-02
      .99000      .76432   0.600E-02
      .99500      .62179   0.600E-02
      .99900      .50414   0.600E-02
      .99950      .48925   0.600E-02
      .99990      .47805   0.600E-02
      .99995      .47646   0.600E-02
      .99999      .47335   0.600E-02
     1.00000      .47090   0.600E-02

      .00000    17.04825   0.800E-02
      .05000    14.18855   0.800E-02
      .10000    12.87517   0.800E-02
      .15000    11.78532   0.800E-02
      .20000    10.83783   0.800E-02
      .25000     9.98647   0.800E-02
      .30000     9.22191   0.800E-02
      .35000     8.53077   0.800E-02
      .40000     7.90456   0.800E-02
      .45000     7.33439   0.800E-02
      .50000     6.81131   0.800E-02
      .55000     6.32500   0.800E-02
      .60000     5.86250   0.800E-02
      .65000     5.41238   0.800E-02
      .70000     4.96664   0.800E-02
      .75000     4.51306   0.800E-02
      .80000     4.02997   0.800E-02
      .85000     3.47492   0.800E-02
      .90000     2.78784   0.800E-02
      .92500     2.36751   0.800E-02
      .95000     1.87028   0.800E-02
      .97000     1.40497   0.800E-02
      .99000      .83924   0.800E-02
      .99500      .66308   0.800E-02
      .99900      .50935   0.800E-02
      .99950      .48835   0.800E-02
      .99990      .47269   0.800E-02
      .99995      .47080   0.800E-02
      .99999      .46699   0.800E-02
     1.00000      .46464   0.800E-02

      .00000    17.14667   0.100E-01
      .05000    14.26934   0.100E-01
      .10000    13.04129   0.100E-01
      .15000    12.00412   0.100E-01
      .20000    11.09781   0.100E-01
      .25000    10.27874   0.100E-01
      .30000     9.53957   0.100E-01
      .35000     8.86831   0.100E-01
      .40000     8.25760   0.100E-01
      .45000     7.69940   0.100E-01
      .50000     7.18553   0.100E-01
      .55000     6.70627   0.100E-01
      .60000     6.24910   0.100E-01
      .65000     5.80263   0.100E-01
      .70000     5.35835   0.100E-01
      .75000     4.90302   0.100E-01
      .80000     4.41254   0.100E-01
      .85000     3.83890   0.100E-01
      .90000     3.11065   0.100E-01
      .92500     2.65390   0.100E-01
      .95000     2.10069   0.100E-01
      .97000     1.56650   0.100E-01
      .99000      .91182   0.100E-01
      .99500      .70454   0.100E-01
      .99900      .51650   0.100E-01
      .99950      .48944   0.100E-01
      .99990      .46878   0.100E-01
      .99995      .46650   0.100E-01
      .99999      .46249   0.100E-01
     1.00000      .46034   0.100E-01

      .00000    17.23248   0.150E-01
      .05000    14.35495   0.150E-01
      .10000    13.25967   0.150E-01
      .15000    12.31695   0.150E-01
      .20000    11.48477   0.150E-01
      .25000    10.72778   0.150E-01
      .30000    10.04053   0.150E-01
      .35000     9.41332   0.150E-01
      .40000     8.84019   0.150E-01
      .45000     8.31429   0.150E-01
      .50000     7.82846   0.150E-01
      .55000     7.37364   0.150E-01
      .60000     6.93771   0.150E-01
      .65000     6.50919   0.150E-01
      .70000     6.07907   0.150E-01
      .75000     5.63265   0.150E-01
      .80000     5.14226   0.150E-01
      .85000     4.55091   0.150E-01
      .90000     3.76620   0.150E-01
      .92500     3.25173   0.150E-01
      .95000     2.60131   0.150E-01
      .97000     1.93872   0.150E-01
      .99000     1.08201   0.150E-01
      .99500      .80518   0.150E-01
      .99900      .53827   0.150E-01
      .99950      .49666   0.150E-01
      .99990      .46248   0.150E-01
      .99995      .45896   0.150E-01
      .99999      .45559   0.150E-01
     1.00000      .45389   0.150E-01

      .00000    17.24527   0.200E-01
      .05000    14.37582   0.200E-01
      .10000    13.35830   0.200E-01
      .15000    12.47694   0.200E-01
      .20000    11.69400   0.200E-01
      .25000    10.98023   0.200E-01
      .30000    10.33121   0.200E-01
      .35000     9.73849   0.200E-01
      .40000     9.19677   0.200E-01
      .45000     8.69986   0.200E-01
      .50000     8.24099   0.200E-01
      .55000     7.81145   0.200E-01
      .60000     7.39903   0.200E-01
      .65000     6.99205   0.200E-01
      .70000     6.58134   0.200E-01
      .75000     6.15162   0.200E-01
      .80000     5.67338   0.200E-01
      .85000     5.08450   0.200E-01
      .90000     4.27833   0.200E-01
      .92500     3.73286   0.200E-01
      .95000     3.02165   0.200E-01
      .97000     2.26730   0.200E-01
      .99000     1.23796   0.200E-01
      .99500      .90015   0.200E-01
      .99900      .56196   0.200E-01
      .99950      .50692   0.200E-01
      .99990      .45922   0.200E-01
      .99995      .45421   0.200E-01
      .99999      .45171   0.200E-01
     1.00000      .45030   0.200E-01

      .00000    17.23317   0.300E-01
      .05000    14.36690   0.300E-01
      .10000    13.44117   0.300E-01
      .15000    12.63267   0.300E-01
      .20000    11.91035   0.300E-01
      .25000    11.25200   0.300E-01
      .30000    10.65392   0.300E-01
      .35000    10.10933   0.300E-01
      .40000     9.61367   0.300E-01
      .45000     9.16146   0.300E-01
      .50000     8.74644   0.300E-01
      .55000     8.36009   0.300E-01
      .60000     7.98992   0.300E-01
      .65000     7.62392   0.300E-01
      .70000     7.25303   0.300E-01
      .75000     6.86162   0.300E-01
      .80000     6.41870   0.300E-01
      .85000     5.85666   0.300E-01
      .90000     5.05115   0.300E-01
      .92500     4.48037   0.300E-01
      .95000     3.70189   0.300E-01
      .97000     2.82596   0.300E-01
      .99000     1.51686   0.300E-01
      .99500     1.07486   0.300E-01
      .99900      .60981   0.300E-01
      .99950      .53067   0.300E-01
      .99990      .45766   0.300E-01
      .99995      .44932   0.300E-01
      .99999      .44749   0.300E-01
     1.00000      .44642   0.300E-01

      .00000    17.21814   0.400E-01
      .05000    14.35991   0.400E-01
      .10000    13.48560   0.400E-01
      .15000    12.71644   0.400E-01
      .20000    12.02682   0.400E-01
      .25000    11.39857   0.400E-01
      .30000    10.82860   0.400E-01
      .35000    10.31120   0.400E-01
      .40000     9.84254   0.400E-01
      .45000     9.41802   0.400E-01
      .50000     9.03218   0.400E-01
      .55000     8.67749   0.400E-01
      .60000     8.34253   0.400E-01
      .65000     8.01600   0.400E-01
      .70000     7.68882   0.400E-01
      .75000     7.34441   0.400E-01
      .80000     6.94800   0.400E-01
      .85000     6.42066   0.400E-01
      .90000     5.62246   0.400E-01
      .92500     5.04059   0.400E-01
      .95000     4.23379   0.400E-01
      .97000     3.29154   0.400E-01
      .99000     1.77378   0.400E-01
      .99500     1.23344   0.400E-01
      .99900      .65580   0.400E-01
      .99950      .55461   0.400E-01
      .99990      .45952   0.400E-01
      .99995      .44900   0.400E-01
      .99999      .44492   0.400E-01
     1.00000      .44434   0.400E-01

      .00000    17.18088   0.500E-01
      .05000    14.34333   0.500E-01
      .10000    13.50403   0.500E-01
      .15000    12.76236   0.500E-01
      .20000    12.09609   0.500E-01
      .25000    11.49001   0.500E-01
      .30000    10.94100   0.500E-01
      .35000    10.44428   0.500E-01
      .40000     9.99644   0.500E-01
      .45000     9.59338   0.500E-01
      .50000     9.23019   0.500E-01
      .55000     8.89988   0.500E-01
      .60000     8.59163   0.500E-01
      .65000     8.29463   0.500E-01
      .70000     8.00015   0.500E-01
      .75000     7.69161   0.500E-01
      .80000     7.33298   0.500E-01
      .85000     6.83999   0.500E-01
      .90000     6.06434   0.500E-01
      .92500     5.48631   0.500E-01
      .95000     4.67216   0.500E-01
      .97000     3.69022   0.500E-01
      .99000     2.01240   0.500E-01
      .99500     1.37907   0.500E-01
      .99900      .70031   0.500E-01
      .99950      .57974   0.500E-01
      .99990      .46310   0.500E-01
      .99995      .44882   0.500E-01
      .99999      .44379   0.500E-01
     1.00000      .44306   0.500E-01

      .00000    17.14262   0.600E-01
      .05000    14.33265   0.600E-01
      .10000    13.51707   0.600E-01
      .15000    12.79410   0.600E-01
      .20000    12.14402   0.600E-01
      .25000    11.55335   0.600E-01
      .30000    11.01940   0.600E-01
      .35000    10.53763   0.600E-01
      .40000    10.10511   0.600E-01
      .45000     9.71814   0.600E-01
      .50000     9.37228   0.600E-01
      .55000     9.06100   0.600E-01
      .60000     8.77403   0.600E-01
      .65000     8.50112   0.600E-01
      .70000     8.23400   0.600E-01
      .75000     7.95646   0.600E-01
      .80000     7.63195   0.600E-01
      .85000     7.17273   0.600E-01
      .90000     6.42455   0.600E-01
      .92500     5.85557   0.600E-01
      .95000     5.04242   0.600E-01
      .97000     4.03543   0.600E-01
      .99000     2.23263   0.600E-01
      .99500     1.51692   0.600E-01
      .99900      .74300   0.600E-01
      .99950      .60432   0.600E-01
      .99990      .46758   0.600E-01
      .99995      .44968   0.600E-01
      .99999      .44307   0.600E-01
     1.00000      .44219   0.600E-01

      .00000    17.07797   0.800E-01
      .05000    14.32439   0.800E-01
      .10000    13.53886   0.800E-01
      .15000    12.83993   0.800E-01
      .20000    12.21043   0.800E-01
      .25000    11.63978   0.800E-01
      .30000    11.12527   0.800E-01
      .35000    10.66341   0.800E-01
      .40000    10.25152   0.800E-01
      .45000     9.88657   0.800E-01
      .50000     9.56484   0.800E-01
      .55000     9.28064   0.800E-01
      .60000     9.02472   0.800E-01
      .65000     8.78788   0.800E-01
      .70000     8.56307   0.800E-01
      .75000     8.33522   0.800E-01
      .80000     8.06822   0.800E-01
      .85000     7.67111   0.800E-01
      .90000     6.98261   0.800E-01
      .92500     6.43893   0.800E-01
      .95000     5.64005   0.800E-01
      .97000     4.60847   0.800E-01
      .99000     2.62702   0.800E-01
      .99500     1.77696   0.800E-01
      .99900      .82367   0.800E-01
      .99950      .65158   0.800E-01
      .99990      .47789   0.800E-01
      .99995      .45316   0.800E-01
      .99999      .44221   0.800E-01
     1.00000      .44108   0.800E-01

      .00000    17.01453   0.100E+00
      .05000    14.31827   0.100E+00
      .10000    13.55862   0.100E+00
      .15000    12.87898   0.100E+00
      .20000    12.26446   0.100E+00
      .25000    11.70656   0.100E+00
      .30000    11.20306   0.100E+00
      .35000    10.75141   0.100E+00
      .40000    10.34989   0.100E+00
      .45000     9.99639   0.100E+00
      .50000     9.68843   0.100E+00
      .55000     9.42209   0.100E+00
      .60000     9.19067   0.100E+00
      .65000     8.98603   0.100E+00
      .70000     8.79783   0.100E+00
      .75000     8.60297   0.100E+00
      .80000     8.36303   0.100E+00
      .85000     8.00795   0.100E+00
      .90000     7.39340   0.100E+00
      .92500     6.88889   0.100E+00
      .95000     6.10823   0.100E+00
      .97000     5.06616   0.100E+00
      .99000     2.97914   0.100E+00
      .99500     2.01555   0.100E+00
      .99900      .89897   0.100E+00
      .99950      .69662   0.100E+00
      .99990      .48896   0.100E+00
      .99995      .45802   0.100E+00
      .99999      .44168   0.100E+00
     1.00000      .44041   0.100E+00

      .00000    16.93564   0.150E+00
      .05000    14.33647   0.150E+00
      .10000    13.60379   0.150E+00
      .15000    12.94373   0.150E+00
      .20000    12.34538   0.150E+00
      .25000    11.80270   0.150E+00
      .30000    11.31391   0.150E+00
      .35000    10.87774   0.150E+00
      .40000    10.49317   0.150E+00
      .45000    10.15885   0.150E+00
      .50000     9.87297   0.150E+00
      .55000     9.63257   0.150E+00
      .60000     9.43215   0.150E+00
      .65000     9.26531   0.150E+00
      .70000     9.12457   0.150E+00
      .75000     8.99087   0.150E+00
      .80000     8.83089   0.150E+00
      .85000     8.57975   0.150E+00
      .90000     8.09567   0.150E+00
      .92500     7.66157   0.150E+00
      .95000     6.94054   0.150E+00
      .97000     5.91836   0.150E+00
      .99000     3.69208   0.150E+00
      .99500     2.54442   0.150E+00
      .99900     1.07113   0.150E+00
      .99950      .80092   0.150E+00
      .99990      .51747   0.150E+00
      .99995      .47190   0.150E+00
      .99999      .44159   0.150E+00
     1.00000      .43949   0.150E+00

      .00000    16.82162   0.200E+00
      .05000    14.35021   0.200E+00
      .10000    13.63224   0.200E+00
      .15000    12.98243   0.200E+00
      .20000    12.39237   0.200E+00
      .25000    11.85705   0.200E+00
      .30000    11.37547   0.200E+00
      .35000    10.94690   0.200E+00
      .40000    10.57095   0.200E+00
      .45000    10.24669   0.200E+00
      .50000     9.97267   0.200E+00
      .55000     9.74656   0.200E+00
      .60000     9.56358   0.200E+00
      .65000     9.41851   0.200E+00
      .70000     9.30568   0.200E+00
      .75000     9.20875   0.200E+00
      .80000     9.09888   0.200E+00
      .85000     8.91886   0.200E+00
      .90000     8.53583   0.200E+00
      .92500     8.16342   0.200E+00
      .95000     7.50436   0.200E+00
      .97000     6.52252   0.200E+00
      .99000     4.25183   0.200E+00
      .99500     2.98916   0.200E+00
      .99900     1.22667   0.200E+00
      .99950      .89652   0.200E+00
      .99990      .54529   0.200E+00
      .99995      .48677   0.200E+00
      .99999      .44246   0.200E+00
     1.00000      .43903   0.200E+00

      .00000    16.51961   0.300E+00
      .05000    14.35916   0.300E+00
      .10000    13.65575   0.300E+00
      .15000    13.01694   0.300E+00
      .20000    12.43607   0.300E+00
      .25000    11.90964   0.300E+00
      .30000    11.43682   0.300E+00
      .35000    11.01751   0.300E+00
      .40000    10.65176   0.300E+00
      .45000    10.33890   0.300E+00
      .50000    10.07809   0.300E+00
      .55000     9.86771   0.300E+00
      .60000     9.70409   0.300E+00
      .65000     9.58337   0.300E+00
      .70000     9.50191   0.300E+00
      .75000     9.44646   0.300E+00
      .80000     9.39434   0.300E+00
      .85000     9.30167   0.300E+00
      .90000     9.05673   0.300E+00
      .92500     8.77979   0.300E+00
      .95000     8.23400   0.300E+00
      .97000     7.34793   0.300E+00
      .99000     5.09198   0.300E+00
      .99500     3.70359   0.300E+00
      .99900     1.50484   0.300E+00
      .99950     1.07051   0.300E+00
      .99990      .59785   0.300E+00
      .99995      .51647   0.300E+00
      .99999      .44568   0.300E+00
     1.00000      .43856   0.300E+00

      .00000    16.26001   0.400E+00
      .05000    14.36127   0.400E+00
      .10000    13.66433   0.400E+00
      .15000    13.02985   0.400E+00
      .20000    12.45271   0.400E+00
      .25000    11.93080   0.400E+00
      .30000    11.46345   0.400E+00
      .35000    11.05073   0.400E+00
      .40000    10.69278   0.400E+00
      .45000    10.38817   0.400E+00
      .50000    10.13538   0.400E+00
      .55000     9.93274   0.400E+00
      .60000     9.77831   0.400E+00
      .65000     9.66998   0.400E+00
      .70000     9.60527   0.400E+00
      .75000     9.57255   0.400E+00
      .80000     9.55344   0.400E+00
      .85000     9.51540   0.400E+00
      .90000     9.35747   0.400E+00
      .92500     9.14123   0.400E+00
      .95000     8.68653   0.400E+00
      .97000     7.90703   0.400E+00
      .99000     5.72627   0.400E+00
      .99500     4.25359   0.400E+00
      .99900     1.74637   0.400E+00
      .99950     1.22732   0.400E+00
      .99990      .64737   0.400E+00
      .99995      .54492   0.400E+00
      .99999      .45140   0.400E+00
     1.00000      .43833   0.400E+00

      .00000    16.06987   0.500E+00
      .05000    14.35828   0.500E+00
      .10000    13.66601   0.500E+00
      .15000    13.03652   0.500E+00
      .20000    12.46420   0.500E+00
      .25000    11.94662   0.500E+00
      .30000    11.48313   0.500E+00
      .35000    11.07346   0.500E+00
      .40000    10.71774   0.500E+00
      .45000    10.41557   0.500E+00
      .50000    10.16674   0.500E+00
      .55000     9.97046   0.500E+00
      .60000     9.82403   0.500E+00
      .65000     9.72499   0.500E+00
      .70000     9.67160   0.500E+00
      .75000     9.65344   0.500E+00
      .80000     9.65432   0.500E+00
      .85000     9.64641   0.500E+00
      .90000     9.55008   0.500E+00
      .92500     9.39084   0.500E+00
      .95000     9.01041   0.500E+00
      .97000     8.29665   0.500E+00
      .99000     6.18803   0.500E+00
      .99500     4.72080   0.500E+00
      .99900     1.97465   0.500E+00
      .99950     1.37319   0.500E+00
      .99990      .69270   0.500E+00
      .99995      .57209   0.500E+00
      .99999      .45531   0.500E+00
     1.00000      .43819   0.500E+00

      .00000    15.93907   0.600E+00
      .05000    14.35747   0.600E+00
      .10000    13.66807   0.600E+00
      .15000    13.04110   0.600E+00
      .20000    12.47106   0.600E+00
      .25000    11.95593   0.600E+00
      .30000    11.49494   0.600E+00
      .35000    11.08793   0.600E+00
      .40000    10.73486   0.600E+00
      .45000    10.43556   0.600E+00
      .50000    10.18998   0.600E+00
      .55000     9.99753   0.600E+00
      .60000     9.85569   0.600E+00
      .65000     9.76244   0.600E+00
      .70000     9.71653   0.600E+00
      .75000     9.70861   0.600E+00
      .80000     9.72430   0.600E+00
      .85000     9.74011   0.600E+00
      .90000     9.68694   0.600E+00
      .92500     9.56495   0.600E+00
      .95000     9.24303   0.600E+00
      .97000     8.59930   0.600E+00
      .99000     6.57630   0.600E+00
      .99500     5.10456   0.600E+00
      .99900     2.19113   0.600E+00
      .99950     1.50895   0.600E+00
      .99990      .73641   0.600E+00
      .99995      .59804   0.600E+00
      .99999      .46091   0.600E+00
     1.00000      .43809   0.600E+00

      .00000    15.77270   0.800E+00
      .05000    14.35691   0.800E+00
      .10000    13.67179   0.800E+00
      .15000    13.04794   0.800E+00
      .20000    12.48090   0.800E+00
      .25000    11.96890   0.800E+00
      .30000    11.51094   0.800E+00
      .35000    11.10704   0.800E+00
      .40000    10.75734   0.800E+00
      .45000    10.46170   0.800E+00
      .50000    10.22029   0.800E+00
      .55000    10.03283   0.800E+00
      .60000     9.89694   0.800E+00
      .65000     9.81111   0.800E+00
      .70000     9.77499   0.800E+00
      .75000     9.78068   0.800E+00
      .80000     9.81631   0.800E+00
      .85000     9.86337   0.800E+00
      .90000     9.86705   0.800E+00
      .92500     9.79641   0.800E+00
      .95000     9.56103   0.800E+00
      .97000     9.03073   0.800E+00
      .99000     7.17380   0.800E+00
      .99500     5.72078   0.800E+00
      .99900     2.60144   0.800E+00
      .99950     1.75788   0.800E+00
      .99990      .81849   0.800E+00
      .99995      .64702   0.800E+00
      .99999      .47274   0.800E+00
     1.00000      .43797   0.800E+00

      .00000    15.66593   0.100E+01
      .05000    14.35962   0.100E+01
      .10000    13.67748   0.100E+01
      .15000    13.05370   0.100E+01
      .20000    12.48616   0.100E+01
      .25000    11.97483   0.100E+01
      .30000    11.51893   0.100E+01
      .35000    11.11774   0.100E+01
      .40000    10.77097   0.100E+01
      .45000    10.47863   0.100E+01
      .50000    10.24058   0.100E+01
      .55000    10.05654   0.100E+01
      .60000     9.92395   0.100E+01
      .65000     9.84165   0.100E+01
      .70000     9.81032   0.100E+01
      .75000     9.82400   0.100E+01
      .80000     9.87335   0.100E+01
      .85000     9.94216   0.100E+01
      .90000     9.98080   0.100E+01
      .92500     9.94133   0.100E+01
      .95000     9.76882   0.100E+01
      .97000     9.32807   0.100E+01
      .99000     7.61059   0.100E+01
      .99500     6.20736   0.100E+01
      .99900     2.95898   0.100E+01
      .99950     1.98032   0.100E+01
      .99990      .89520   0.100E+01
      .99995      .69252   0.100E+01
      .99999      .48527   0.100E+01
     1.00000      .43790   0.100E+01

      .00000    15.50783   0.150E+01
      .05000    14.35974   0.150E+01
      .10000    13.68113   0.150E+01
      .15000    13.06068   0.150E+01
      .20000    12.49622   0.150E+01
      .25000    11.98711   0.150E+01
      .30000    11.53300   0.150E+01
      .35000    11.13391   0.150E+01
      .40000    10.79025   0.150E+01
      .45000    10.50165   0.150E+01
      .50000    10.26735   0.150E+01
      .55000    10.08683   0.150E+01
      .60000     9.95876   0.150E+01
      .65000     9.88293   0.150E+01
      .70000     9.86051   0.150E+01
      .75000     9.88566   0.150E+01
      .80000     9.95096   0.150E+01
      .85000    10.04753   0.150E+01
      .90000    10.14315   0.150E+01
      .92500    10.15505   0.150E+01
      .95000    10.06539   0.150E+01
      .97000     9.75527   0.150E+01
      .99000     8.36638   0.150E+01
      .99500     7.09126   0.150E+01
      .99900     3.68409   0.150E+01
      .99950     2.47633   0.150E+01
      .99990     1.06886   0.150E+01
      .99995      .79948   0.150E+01
      .99999      .51637   0.150E+01
     1.00000      .43781   0.150E+01

      .00000    15.41746   0.200E+01
      .05000    14.36025   0.200E+01
      .10000    13.68364   0.200E+01
      .15000    13.06449   0.200E+01
      .20000    12.50117   0.200E+01
      .25000    11.99316   0.200E+01
      .30000    11.54015   0.200E+01
      .35000    11.14228   0.200E+01
      .40000    10.79995   0.200E+01
      .45000    10.51295   0.200E+01
      .50000    10.28054   0.200E+01
      .55000    10.10209   0.200E+01
      .60000     9.97666   0.200E+01
      .65000     9.90416   0.200E+01
      .70000     9.88627   0.200E+01
      .75000     9.91759   0.200E+01
      .80000     9.99194   0.200E+01
      .85000    10.10331   0.200E+01
      .90000    10.22760   0.200E+01
      .92500    10.26694   0.200E+01
      .95000    10.22752   0.200E+01
      .97000     9.99955   0.200E+01
      .99000     8.83429   0.200E+01
      .99500     7.68404   0.200E+01
      .99900     4.25695   0.200E+01
      .99950     2.92891   0.200E+01
      .99990     1.22476   0.200E+01
      .99995      .89688   0.200E+01
      .99999      .54511   0.200E+01
     1.00000      .43776   0.200E+01

      .00000    15.32119   0.300E+01
      .05000    14.36089   0.300E+01
      .10000    13.68595   0.300E+01
      .15000    13.06761   0.300E+01
      .20000    12.50505   0.300E+01
      .25000    11.99825   0.300E+01
      .30000    11.54674   0.300E+01
      .35000    11.15059   0.300E+01
      .40000    10.80996   0.300E+01
      .45000    10.52456   0.300E+01
      .50000    10.29355   0.300E+01
      .55000    10.11653   0.300E+01
      .60000     9.99345   0.300E+01
      .65000     9.92492   0.300E+01
      .70000     9.91262   0.300E+01
      .75000     9.95122   0.300E+01
      .80000    10.03504   0.300E+01
      .85000    10.16101   0.300E+01
      .90000    10.31371   0.300E+01
      .92500    10.38165   0.300E+01
      .95000    10.39851   0.300E+01
      .97000    10.26811   0.300E+01
      .99000     9.39884   0.300E+01
      .99500     8.44730   0.300E+01
      .99900     5.11980   0.300E+01
      .99950     3.65333   0.300E+01
      .99990     1.50168   0.300E+01
      .99995     1.07316   0.300E+01
      .99999      .59847   0.300E+01
     1.00000      .43771   0.300E+01

      .00000    15.26999   0.400E+01
      .05000    14.36089   0.400E+01
      .10000    13.68690   0.400E+01
      .15000    13.06902   0.400E+01
      .20000    12.50685   0.400E+01
      .25000    12.00051   0.400E+01
      .30000    11.54966   0.400E+01
      .35000    11.15407   0.400E+01
      .40000    10.81372   0.400E+01
      .45000    10.52874   0.400E+01
      .50000    10.29917   0.400E+01
      .55000    10.12473   0.400E+01
      .60000    10.00403   0.400E+01
      .65000     9.93684   0.400E+01
      .70000     9.92546   0.400E+01
      .75000     9.96654   0.400E+01
      .80000    10.05642   0.400E+01
      .85000    10.19276   0.400E+01
      .90000    10.35895   0.400E+01
      .92500    10.43713   0.400E+01
      .95000    10.48350   0.400E+01
      .97000    10.42407   0.400E+01
      .99000     9.74824   0.400E+01
      .99500     8.87698   0.400E+01
      .99900     5.75462   0.400E+01
      .99950     4.24758   0.400E+01
      .99990     1.74796   0.400E+01
      .99995     1.22553   0.400E+01
      .99999      .64843   0.400E+01
     1.00000      .43769   0.400E+01

      .00000    15.23844   0.500E+01
      .05000    14.36043   0.500E+01
      .10000    13.68659   0.500E+01
      .15000    13.06907   0.500E+01
      .20000    12.50731   0.500E+01
      .25000    12.00158   0.500E+01
      .30000    11.55122   0.500E+01
      .35000    11.15622   0.500E+01
      .40000    10.81637   0.500E+01
      .45000    10.53193   0.500E+01
      .50000    10.30301   0.500E+01
      .55000    10.12943   0.500E+01
      .60000    10.00975   0.500E+01
      .65000     9.94375   0.500E+01
      .70000     9.93380   0.500E+01
      .75000     9.97691   0.500E+01
      .80000    10.06981   0.500E+01
      .85000    10.21093   0.500E+01
      .90000    10.38670   0.500E+01
      .92500    10.47456   0.500E+01
      .95000    10.53887   0.500E+01
      .97000    10.51259   0.500E+01
      .99000     9.96746   0.500E+01
      .99500     9.20463   0.500E+01
      .99900     6.23749   0.500E+01
      .99950     4.71168   0.500E+01
      .99990     1.99745   0.500E+01
      .99995     1.37175   0.500E+01
      .99999      .69468   0.500E+01
     1.00000      .43768   0.500E+01

      .00000    15.21694   0.600E+01
      .05000    14.35995   0.600E+01
      .10000    13.68595   0.600E+01
      .15000    13.06875   0.600E+01
      .20000    12.50746   0.600E+01
      .25000    12.00210   0.600E+01
      .30000    11.55222   0.600E+01
      .35000    11.15778   0.600E+01
      .40000    10.81895   0.600E+01
      .45000    10.53540   0.600E+01
      .50000    10.30653   0.600E+01
      .55000    10.13208   0.600E+01
      .60000    10.01207   0.600E+01
      .65000     9.94737   0.600E+01
      .70000     9.93982   0.600E+01
      .75000     9.98514   0.600E+01
      .80000    10.07905   0.600E+01
      .85000    10.22160   0.600E+01
      .90000    10.40568   0.600E+01
      .92500    10.50350   0.600E+01
      .95000    10.57909   0.600E+01
      .97000    10.56262   0.600E+01
      .99000    10.10820   0.600E+01
      .99500     9.47994   0.600E+01
      .99900     6.62876   0.600E+01
      .99950     5.08100   0.600E+01
      .99990     2.25544   0.600E+01
      .99995     1.51684   0.600E+01
      .99999      .73649   0.600E+01
     1.00000      .43767   0.600E+01

      .00000    15.18671   0.800E+01
      .05000    14.36012   0.800E+01
      .10000    13.68733   0.800E+01
      .15000    13.07066   0.800E+01
      .20000    12.50968   0.800E+01
      .25000    12.00440   0.800E+01
      .30000    11.55460   0.800E+01
      .35000    11.15995   0.800E+01
      .40000    10.82074   0.800E+01
      .45000    10.53717   0.800E+01
      .50000    10.30923   0.800E+01
      .55000    10.13672   0.800E+01
      .60000    10.01832   0.800E+01
      .65000     9.95399   0.800E+01
      .70000     9.94626   0.800E+01
      .75000     9.99255   0.800E+01
      .80000    10.09021   0.800E+01
      .85000    10.23861   0.800E+01
      .90000    10.42917   0.800E+01
      .92500    10.53227   0.800E+01
      .95000    10.62487   0.800E+01
      .97000    10.65050   0.800E+01
      .99000    10.32529   0.800E+01
      .99500     9.77325   0.800E+01
      .99900     7.22295   0.800E+01
      .99950     5.73408   0.800E+01
      .99990     2.70555   0.800E+01
      .99995     1.82289   0.800E+01
      .99999      .81977   0.800E+01
     1.00000      .43766   0.800E+01

      .00000    15.16895   0.100E+02
      .05000    14.36128   0.100E+02
      .10000    13.68947   0.100E+02
      .15000    13.07318   0.100E+02
      .20000    12.51216   0.100E+02
      .25000    12.00683   0.100E+02
      .30000    11.55677   0.100E+02
      .35000    11.16226   0.100E+02
      .40000    10.82365   0.100E+02
      .45000    10.54060   0.100E+02
      .50000    10.31235   0.100E+02
      .55000    10.13863   0.100E+02
      .60000    10.01949   0.100E+02
      .65000     9.95594   0.100E+02
      .70000     9.95017   0.100E+02
      .75000     9.99828   0.100E+02
      .80000    10.09681   0.100E+02
      .85000    10.24670   0.100E+02
      .90000    10.44375   0.100E+02
      .92500    10.55376   0.100E+02
      .95000    10.65497   0.100E+02
      .97000    10.69184   0.100E+02
      .99000    10.44400   0.100E+02
      .99500    10.00358   0.100E+02
      .99900     7.67357   0.100E+02
      .99950     6.21412   0.100E+02
      .99990     3.07993   0.100E+02
      .99995     2.10679   0.100E+02
      .99999      .89334   0.100E+02
     1.00000      .43765   0.100E+02

