      .00000     7.16705   0.100E-05
      .05000     7.20584   0.100E-05
      .10000     7.18068   0.100E-05
      .15000     7.10813   0.100E-05
      .20000     7.00066   0.100E-05
      .25000     6.87162   0.100E-05
      .30000     6.72642   0.100E-05
      .35000     6.57031   0.100E-05
      .40000     6.40930   0.100E-05
      .45000     6.24474   0.100E-05
      .50000     6.07697   0.100E-05
      .55000     5.90752   0.100E-05
      .60000     5.73968   0.100E-05
      .65000     5.57726   0.100E-05
      .70000     5.42249   0.100E-05
      .75000     5.27875   0.100E-05
      .80000     5.14963   0.100E-05
      .85000     5.03663   0.100E-05
      .90000     4.93873   0.100E-05
      .92500     4.89471   0.100E-05
      .95000     4.85757   0.100E-05
      .97000     4.83659   0.100E-05
      .99000     4.82450   0.100E-05
      .99500     4.82307   0.100E-05
      .99900     4.82211   0.100E-05
      .99950     4.82195   0.100E-05
      .99990     4.82183   0.100E-05
      .99995     4.82182   0.100E-05
      .99999     4.82180   0.100E-05
     1.00000     4.82131   0.100E-05

      .00000     7.78795   0.150E-05
      .05000     7.80440   0.150E-05
      .10000     7.73566   0.150E-05
      .15000     7.60649   0.150E-05
      .20000     7.43471   0.150E-05
      .25000     7.23902   0.150E-05
      .30000     7.02701   0.150E-05
      .35000     6.80571   0.150E-05
      .40000     6.58294   0.150E-05
      .45000     6.36005   0.150E-05
      .50000     6.13711   0.150E-05
      .55000     5.91567   0.150E-05
      .60000     5.69839   0.150E-05
      .65000     5.48849   0.150E-05
      .70000     5.28671   0.150E-05
      .75000     5.09363   0.150E-05
      .80000     4.90999   0.150E-05
      .85000     4.73628   0.150E-05
      .90000     4.57908   0.150E-05
      .92500     4.51263   0.150E-05
      .95000     4.45771   0.150E-05
      .97000     4.42584   0.150E-05
      .99000     4.39987   0.150E-05
      .99500     4.39234   0.150E-05
      .99900     4.38845   0.150E-05
      .99950     4.38845   0.150E-05
      .99990     4.38832   0.150E-05
      .99995     4.38817   0.150E-05
      .99999     4.38825   0.150E-05
     1.00000     4.39219   0.150E-05

      .00000     8.23235   0.200E-05
      .05000     8.22866   0.200E-05
      .10000     8.11995   0.200E-05
      .15000     7.93999   0.200E-05
      .20000     7.71295   0.200E-05
      .25000     7.46332   0.200E-05
      .30000     7.20030   0.200E-05
      .35000     6.93184   0.200E-05
      .40000     6.66630   0.200E-05
      .45000     6.40481   0.200E-05
      .50000     6.14683   0.200E-05
      .55000     5.89345   0.200E-05
      .60000     5.64581   0.200E-05
      .65000     5.40581   0.200E-05
      .70000     5.17340   0.200E-05
      .75000     4.94784   0.200E-05
      .80000     4.72853   0.200E-05
      .85000     4.51529   0.200E-05
      .90000     4.31338   0.200E-05
      .92500     4.22272   0.200E-05
      .95000     4.14536   0.200E-05
      .97000     4.09892   0.200E-05
      .99000     4.06418   0.200E-05
      .99500     4.05558   0.200E-05
      .99900     4.05063   0.200E-05
      .99950     4.05043   0.200E-05
      .99990     4.05020   0.200E-05
      .99995     4.05006   0.200E-05
      .99999     4.05011   0.200E-05
     1.00000     4.05327   0.200E-05

      .00000     8.86523   0.300E-05
      .05000     8.82442   0.300E-05
      .10000     8.64550   0.300E-05
      .15000     8.37990   0.300E-05
      .20000     8.06361   0.300E-05
      .25000     7.73140   0.300E-05
      .30000     7.39433   0.300E-05
      .35000     7.06054   0.300E-05
      .40000     6.73795   0.300E-05
      .45000     6.42675   0.300E-05
      .50000     6.12476   0.300E-05
      .55000     5.83230   0.300E-05
      .60000     5.54753   0.300E-05
      .65000     5.27020   0.300E-05
      .70000     4.99934   0.300E-05
      .75000     4.73301   0.300E-05
      .80000     4.46920   0.300E-05
      .85000     4.20642   0.300E-05
      .90000     3.94374   0.300E-05
      .92500     3.81581   0.300E-05
      .95000     3.70153   0.300E-05
      .97000     3.62886   0.300E-05
      .99000     3.57734   0.300E-05
      .99500     3.56696   0.300E-05
      .99900     3.55969   0.300E-05
      .99950     3.55894   0.300E-05
      .99990     3.55838   0.300E-05
      .99995     3.55826   0.300E-05
      .99999     3.55824   0.300E-05
     1.00000     3.55896   0.300E-05

      .00000     9.32053   0.400E-05
      .05000     9.24515   0.400E-05
      .10000     9.00566   0.400E-05
      .15000     8.66998   0.400E-05
      .20000     8.28397   0.400E-05
      .25000     7.89040   0.400E-05
      .30000     7.50099   0.400E-05
      .35000     7.12295   0.400E-05
      .40000     6.76292   0.400E-05
      .45000     6.41966   0.400E-05
      .50000     6.08992   0.400E-05
      .55000     5.77314   0.400E-05
      .60000     5.46547   0.400E-05
      .65000     5.16512   0.400E-05
      .70000     4.87064   0.400E-05
      .75000     4.57943   0.400E-05
      .80000     4.28864   0.400E-05
      .85000     3.99546   0.400E-05
      .90000     3.69387   0.400E-05
      .92500     3.54092   0.400E-05
      .95000     3.40044   0.400E-05
      .97000     3.30708   0.400E-05
      .99000     3.23879   0.400E-05
      .99500     3.22528   0.400E-05
      .99900     3.21499   0.400E-05
      .99950     3.21372   0.400E-05
      .99990     3.21281   0.400E-05
      .99995     3.21267   0.400E-05
      .99999     3.21260   0.400E-05
     1.00000     3.21212   0.400E-05

      .00000     9.67757   0.500E-05
      .05000     9.56932   0.500E-05
      .10000     9.27635   0.500E-05
      .15000     8.88156   0.500E-05
      .20000     8.43887   0.500E-05
      .25000     7.99717   0.500E-05
      .30000     7.56820   0.500E-05
      .35000     7.15756   0.500E-05
      .40000     6.77035   0.500E-05
      .45000     6.40400   0.500E-05
      .50000     6.05452   0.500E-05
      .55000     5.72042   0.500E-05
      .60000     5.39670   0.500E-05
      .65000     5.08041   0.500E-05
      .70000     4.76974   0.500E-05
      .75000     4.46163   0.500E-05
      .80000     4.15258   0.500E-05
      .85000     3.83866   0.500E-05
      .90000     3.51020   0.500E-05
      .92500     3.33981   0.500E-05
      .95000     3.18016   0.500E-05
      .97000     3.07031   0.500E-05
      .99000     2.98616   0.500E-05
      .99500     2.96892   0.500E-05
      .99900     2.95542   0.500E-05
      .99950     2.95368   0.500E-05
      .99990     2.95240   0.500E-05
      .99995     2.95223   0.500E-05
      .99999     2.95212   0.500E-05
     1.00000     2.95119   0.500E-05

      .00000     9.97199   0.600E-05
      .05000     9.83224   0.600E-05
      .10000     9.49114   0.600E-05
      .15000     9.04537   0.600E-05
      .20000     8.55531   0.600E-05
      .25000     8.07446   0.600E-05
      .30000     7.61415   0.600E-05
      .35000     7.17823   0.600E-05
      .40000     6.77010   0.600E-05
      .45000     6.38602   0.600E-05
      .50000     6.02146   0.600E-05
      .55000     5.67395   0.600E-05
      .60000     5.33810   0.600E-05
      .65000     5.00996   0.600E-05
      .70000     4.68744   0.600E-05
      .75000     4.36707   0.600E-05
      .80000     4.04479   0.600E-05
      .85000     3.71578   0.600E-05
      .90000     3.36782   0.600E-05
      .92500     3.18476   0.600E-05
      .95000     3.01053   0.600E-05
      .97000     2.88717   0.600E-05
      .99000     2.78834   0.600E-05
      .99500     2.76724   0.600E-05
      .99900     2.75055   0.600E-05
      .99950     2.74839   0.600E-05
      .99990     2.74678   0.600E-05
      .99995     2.74656   0.600E-05
      .99999     2.74642   0.600E-05
     1.00000     2.74544   0.600E-05

      .00000    10.44252   0.800E-05
      .05000    10.24303   0.800E-05
      .10000     9.81746   0.800E-05
      .15000     9.28695   0.800E-05
      .20000     8.72123   0.800E-05
      .25000     8.17991   0.800E-05
      .30000     7.67258   0.800E-05
      .35000     7.19962   0.800E-05
      .40000     6.76079   0.800E-05
      .45000     6.35062   0.800E-05
      .50000     5.96377   0.800E-05
      .55000     5.59607   0.800E-05
      .60000     5.24268   0.800E-05
      .65000     4.89788   0.800E-05
      .70000     4.55911   0.800E-05
      .75000     4.22218   0.800E-05
      .80000     3.88208   0.800E-05
      .85000     3.53258   0.800E-05
      .90000     3.15856   0.800E-05
      .92500     2.95879   0.800E-05
      .95000     2.76389   0.800E-05
      .97000     2.61941   0.800E-05
      .99000     2.49463   0.800E-05
      .99500     2.46607   0.800E-05
      .99900     2.44346   0.800E-05
      .99950     2.44056   0.800E-05
      .99990     2.43838   0.800E-05
      .99995     2.43806   0.800E-05
      .99999     2.43788   0.800E-05
     1.00000     2.43735   0.800E-05

      .00000    10.81191   0.100E-04
      .05000    10.55588   0.100E-04
      .10000    10.05748   0.100E-04
      .15000     9.45839   0.100E-04
      .20000     8.83421   0.100E-04
      .25000     8.24785   0.100E-04
      .30000     7.70642   0.100E-04
      .35000     7.20715   0.100E-04
      .40000     6.74664   0.100E-04
      .45000     6.31736   0.100E-04
      .50000     5.91442   0.100E-04
      .55000     5.53194   0.100E-04
      .60000     5.16633   0.100E-04
      .65000     4.81031   0.100E-04
      .70000     4.46095   0.100E-04
      .75000     4.11337   0.100E-04
      .80000     3.76185   0.100E-04
      .85000     3.39922   0.100E-04
      .90000     3.00902   0.100E-04
      .92500     2.79900   0.100E-04
      .95000     2.59001   0.100E-04
      .97000     2.42953   0.100E-04
      .99000     2.28299   0.100E-04
      .99500     2.24789   0.100E-04
      .99900     2.22012   0.100E-04
      .99950     2.21659   0.100E-04
      .99990     2.21392   0.100E-04
      .99995     2.21352   0.100E-04
      .99999     2.21330   0.100E-04
     1.00000     2.21331   0.100E-04

      .00000    11.48580   0.150E-04
      .05000    11.10040   0.150E-04
      .10000    10.45283   0.150E-04
      .15000     9.72562   0.150E-04
      .20000     8.99894   0.150E-04
      .25000     8.33682   0.150E-04
      .30000     7.73973   0.150E-04
      .35000     7.19783   0.150E-04
      .40000     6.70246   0.150E-04
      .45000     6.24017   0.150E-04
      .50000     5.81141   0.150E-04
      .55000     5.40447   0.150E-04
      .60000     5.02019   0.150E-04
      .65000     4.64780   0.150E-04
      .70000     4.28345   0.150E-04
      .75000     3.92101   0.150E-04
      .80000     3.55357   0.150E-04
      .85000     3.17324   0.150E-04
      .90000     2.76250   0.150E-04
      .92500     2.53909   0.150E-04
      .95000     2.30844   0.150E-04
      .97000     2.12039   0.150E-04
      .99000     1.93340   0.150E-04
      .99500     1.88625   0.150E-04
      .99900     1.84859   0.150E-04
      .99950     1.84376   0.150E-04
      .99990     1.84015   0.150E-04
      .99995     1.83962   0.150E-04
      .99999     1.83933   0.150E-04
     1.00000     1.83960   0.150E-04

      .00000    12.17797   0.200E-04
      .05000    11.39706   0.200E-04
      .10000    10.55299   0.200E-04
      .15000     9.77771   0.200E-04
      .20000     9.06203   0.200E-04
      .25000     8.39911   0.200E-04
      .30000     7.78379   0.200E-04
      .35000     7.21146   0.200E-04
      .40000     6.67777   0.200E-04
      .45000     6.17817   0.200E-04
      .50000     5.72074   0.200E-04
      .55000     5.29371   0.200E-04
      .60000     4.89749   0.200E-04
      .65000     4.51684   0.200E-04
      .70000     4.14764   0.200E-04
      .75000     3.78500   0.200E-04
      .80000     3.41974   0.200E-04
      .85000     3.03289   0.200E-04
      .90000     2.60519   0.200E-04
      .92500     2.37359   0.200E-04
      .95000     2.13111   0.200E-04
      .97000     1.92668   0.200E-04
      .99000     1.71106   0.200E-04
      .99500     1.65693   0.200E-04
      .99900     1.61194   0.200E-04
      .99950     1.60638   0.200E-04
      .99990     1.60195   0.200E-04
      .99995     1.60136   0.200E-04
      .99999     1.60097   0.200E-04
     1.00000     1.60047   0.200E-04

      .00000    12.78863   0.300E-04
      .05000    11.86072   0.300E-04
      .10000    10.86011   0.300E-04
      .15000     9.96277   0.300E-04
      .20000     9.15101   0.300E-04
      .25000     8.41159   0.300E-04
      .30000     7.73712   0.300E-04
      .35000     7.12214   0.300E-04
      .40000     6.55115   0.300E-04
      .45000     6.03079   0.300E-04
      .50000     5.56219   0.300E-04
      .55000     5.12736   0.300E-04
      .60000     4.72631   0.300E-04
      .65000     4.34261   0.300E-04
      .70000     3.96839   0.300E-04
      .75000     3.59903   0.300E-04
      .80000     3.22610   0.300E-04
      .85000     2.83262   0.300E-04
      .90000     2.39917   0.300E-04
      .92500     2.16194   0.300E-04
      .95000     1.90663   0.300E-04
      .97000     1.68338   0.300E-04
      .99000     1.43446   0.300E-04
      .99500     1.36667   0.300E-04
      .99900     1.31401   0.300E-04
      .99950     1.30776   0.300E-04
      .99990     1.30212   0.300E-04
      .99995     1.30145   0.300E-04
      .99999     1.30076   0.300E-04
     1.00000     1.29887   0.300E-04

      .00000    13.19144   0.400E-04
      .05000    12.15092   0.400E-04
      .10000    11.03389   0.400E-04
      .15000    10.04925   0.400E-04
      .20000     9.17055   0.400E-04
      .25000     8.37979   0.400E-04
      .30000     7.66605   0.400E-04
      .35000     7.02208   0.400E-04
      .40000     6.43032   0.400E-04
      .45000     5.89716   0.400E-04
      .50000     5.42530   0.400E-04
      .55000     4.98857   0.400E-04
      .60000     4.58529   0.400E-04
      .65000     4.20315   0.400E-04
      .70000     3.82894   0.400E-04
      .75000     3.45837   0.400E-04
      .80000     3.08375   0.400E-04
      .85000     2.68993   0.400E-04
      .90000     2.25777   0.400E-04
      .92500     2.01990   0.400E-04
      .95000     1.75981   0.400E-04
      .97000     1.52751   0.400E-04
      .99000     1.25912   0.400E-04
      .99500     1.18266   0.400E-04
      .99900     1.12521   0.400E-04
      .99950     1.11856   0.400E-04
      .99990     1.11218   0.400E-04
      .99995     1.11142   0.400E-04
      .99999     1.11057   0.400E-04
     1.00000     1.10866   0.400E-04

      .00000    13.48616   0.500E-04
      .05000    12.33066   0.500E-04
      .10000    11.11230   0.500E-04
      .15000    10.06128   0.500E-04
      .20000     9.13878   0.500E-04
      .25000     8.32135   0.500E-04
      .30000     7.59166   0.500E-04
      .35000     6.93467   0.500E-04
      .40000     6.33598   0.500E-04
      .45000     5.79796   0.500E-04
      .50000     5.32461   0.500E-04
      .55000     4.88425   0.500E-04
      .60000     4.47327   0.500E-04
      .65000     4.08698   0.500E-04
      .70000     3.70657   0.500E-04
      .75000     3.32885   0.500E-04
      .80000     2.94950   0.500E-04
      .85000     2.56146   0.500E-04
      .90000     2.14830   0.500E-04
      .92500     1.91901   0.500E-04
      .95000     1.65706   0.500E-04
      .97000     1.41316   0.500E-04
      .99000     1.13034   0.500E-04
      .99500     1.05369   0.500E-04
      .99900      .99129   0.500E-04
      .99950      .98346   0.500E-04
      .99990      .97698   0.500E-04
      .99995      .97625   0.500E-04
      .99999      .97549   0.500E-04
     1.00000      .97425   0.500E-04

      .00000    13.74900   0.600E-04
      .05000    12.47863   0.600E-04
      .10000    11.16605   0.600E-04
      .15000    10.05543   0.600E-04
      .20000     9.09460   0.600E-04
      .25000     8.25512   0.600E-04
      .30000     7.51346   0.600E-04
      .35000     6.84463   0.600E-04
      .40000     6.23803   0.600E-04
      .45000     5.69707   0.600E-04
      .50000     5.22088   0.600E-04
      .55000     4.77752   0.600E-04
      .60000     4.36205   0.600E-04
      .65000     3.97714   0.600E-04
      .70000     3.59974   0.600E-04
      .75000     3.22504   0.600E-04
      .80000     2.84870   0.600E-04
      .85000     2.46492   0.600E-04
      .90000     2.05775   0.600E-04
      .92500     1.83134   0.600E-04
      .95000     1.57081   0.600E-04
      .97000     1.32533   0.600E-04
      .99000     1.03408   0.600E-04
      .99500      .95393   0.600E-04
      .99900      .88918   0.600E-04
      .99950      .88112   0.600E-04
      .99990      .87439   0.600E-04
      .99995      .87360   0.600E-04
      .99999      .87280   0.600E-04
     1.00000      .87268   0.600E-04

      .00000    14.17453   0.800E-04
      .05000    12.70040   0.800E-04
      .10000    11.23214   0.800E-04
      .15000    10.02570   0.800E-04
      .20000     9.00469   0.800E-04
      .25000     8.12948   0.800E-04
      .30000     7.36791   0.800E-04
      .35000     6.68310   0.800E-04
      .40000     6.06223   0.800E-04
      .45000     5.52063   0.800E-04
      .50000     5.04073   0.800E-04
      .55000     4.59381   0.800E-04
      .60000     4.17240   0.800E-04
      .65000     3.78810   0.800E-04
      .70000     3.41767   0.800E-04
      .75000     3.05011   0.800E-04
      .80000     2.68109   0.800E-04
      .85000     2.30673   0.800E-04
      .90000     1.91204   0.800E-04
      .92500     1.69222   0.800E-04
      .95000     1.43703   0.800E-04
      .97000     1.19256   0.800E-04
      .99000      .89305   0.800E-04
      .99500      .80904   0.800E-04
      .99900      .74180   0.800E-04
      .99950      .73351   0.800E-04
      .99990      .72653   0.800E-04
      .99995      .72566   0.800E-04
      .99999      .72483   0.800E-04
     1.00000      .72623   0.800E-04

      .00000    14.53869   0.100E-03
      .05000    12.87799   0.100E-03
      .10000    11.28071   0.100E-03
      .15000     9.99592   0.100E-03
      .20000     8.92818   0.100E-03
      .25000     8.02316   0.100E-03
      .30000     7.24089   0.100E-03
      .35000     6.54552   0.100E-03
      .40000     5.91669   0.100E-03
      .45000     5.37390   0.100E-03
      .50000     4.89188   0.100E-03
      .55000     4.44210   0.100E-03
      .60000     4.01652   0.100E-03
      .65000     3.62918   0.100E-03
      .70000     3.26520   0.100E-03
      .75000     2.90474   0.100E-03
      .80000     2.54361   0.100E-03
      .85000     2.17903   0.100E-03
      .90000     1.79659   0.100E-03
      .92500     1.58339   0.100E-03
      .95000     1.33430   0.100E-03
      .97000     1.09305   0.100E-03
      .99000      .79204   0.100E-03
      .99500      .70696   0.100E-03
      .99900      .63897   0.100E-03
      .99950      .63057   0.100E-03
      .99990      .62353   0.100E-03
      .99995      .62264   0.100E-03
      .99999      .62182   0.100E-03
     1.00000      .62360   0.100E-03

      .00000    15.34610   0.150E-03
      .05000    13.22547   0.150E-03
      .10000    11.37727   0.150E-03
      .15000     9.95600   0.150E-03
      .20000     8.81323   0.150E-03
      .25000     7.85196   0.150E-03
      .30000     7.01509   0.150E-03
      .35000     6.28436   0.150E-03
      .40000     5.65046   0.150E-03
      .45000     5.10054   0.150E-03
      .50000     4.60889   0.150E-03
      .55000     4.14864   0.150E-03
      .60000     3.71454   0.150E-03
      .65000     3.31795   0.150E-03
      .70000     2.96695   0.150E-03
      .75000     2.62537   0.150E-03
      .80000     2.28208   0.150E-03
      .85000     1.93772   0.150E-03
      .90000     1.58192   0.150E-03
      .92500     1.38428   0.150E-03
      .95000     1.14905   0.150E-03
      .97000      .91748   0.150E-03
      .99000      .62664   0.150E-03
      .99500      .54451   0.150E-03
      .99900      .47733   0.150E-03
      .99950      .46857   0.150E-03
      .99990      .46211   0.150E-03
      .99995      .46129   0.150E-03
      .99999      .46071   0.150E-03
     1.00000      .46083   0.150E-03

      .00000    16.11877   0.200E-03
      .05000    13.54439   0.200E-03
      .10000    11.48871   0.200E-03
      .15000     9.95964   0.200E-03
      .20000     8.74712   0.200E-03
      .25000     7.73726   0.200E-03
      .30000     6.86792   0.200E-03
      .35000     6.11119   0.200E-03
      .40000     5.47039   0.200E-03
      .45000     4.91711   0.200E-03
      .50000     4.41830   0.200E-03
      .55000     3.95252   0.200E-03
      .60000     3.51348   0.200E-03
      .65000     3.10778   0.200E-03
      .70000     2.75067   0.200E-03
      .75000     2.42050   0.200E-03
      .80000     2.09193   0.200E-03
      .85000     1.76645   0.200E-03
      .90000     1.43300   0.200E-03
      .92500     1.24690   0.200E-03
      .95000     1.02347   0.200E-03
      .97000      .80224   0.200E-03
      .99000      .52492   0.200E-03
      .99500      .44711   0.200E-03
      .99900      .38269   0.200E-03
      .99950      .37415   0.200E-03
      .99990      .36794   0.200E-03
      .99995      .36722   0.200E-03
      .99999      .36662   0.200E-03
     1.00000      .36529   0.200E-03

      .00000    17.54485   0.300E-03
      .05000    14.15758   0.300E-03
      .10000    11.78368   0.300E-03
      .15000    10.08445   0.300E-03
      .20000     8.74634   0.300E-03
      .25000     7.63795   0.300E-03
      .30000     6.72716   0.300E-03
      .35000     5.95448   0.300E-03
      .40000     5.29493   0.300E-03
      .45000     4.72518   0.300E-03
      .50000     4.21178   0.300E-03
      .55000     3.73616   0.300E-03
      .60000     3.29025   0.300E-03
      .65000     2.87406   0.300E-03
      .70000     2.49735   0.300E-03
      .75000     2.17016   0.300E-03
      .80000     1.85944   0.300E-03
      .85000     1.55040   0.300E-03
      .90000     1.24165   0.300E-03
      .92500     1.07714   0.300E-03
      .95000      .87465   0.300E-03
      .97000      .66882   0.300E-03
      .99000      .40986   0.300E-03
      .99500      .33828   0.300E-03
      .99900      .27832   0.300E-03
      .99950      .27031   0.300E-03
      .99990      .26445   0.300E-03
      .99995      .26372   0.300E-03
      .99999      .26319   0.300E-03
     1.00000      .26233   0.300E-03

      .00000    18.80849   0.400E-03
      .05000    14.73368   0.400E-03
      .10000    12.13193   0.400E-03
      .15000    10.28853   0.400E-03
      .20000     8.85801   0.400E-03
      .25000     7.66981   0.400E-03
      .30000     6.71495   0.400E-03
      .35000     5.92807   0.400E-03
      .40000     5.25475   0.400E-03
      .45000     4.66698   0.400E-03
      .50000     4.13978   0.400E-03
      .55000     3.65525   0.400E-03
      .60000     3.20236   0.400E-03
      .65000     2.77707   0.400E-03
      .70000     2.38460   0.400E-03
      .75000     2.03815   0.400E-03
      .80000     1.73396   0.400E-03
      .85000     1.43400   0.400E-03
      .90000     1.13769   0.400E-03
      .92500      .98300   0.400E-03
      .95000      .79247   0.400E-03
      .97000      .59760   0.400E-03
      .99000      .35018   0.400E-03
      .99500      .28132   0.400E-03
      .99900      .22408   0.400E-03
      .99950      .21649   0.400E-03
      .99990      .21084   0.400E-03
      .99995      .21011   0.400E-03
      .99999      .20960   0.400E-03
     1.00000      .20957   0.400E-03

      .00000    19.94119   0.500E-03
      .05000    15.27370   0.500E-03
      .10000    12.49647   0.500E-03
      .15000    10.51962   0.500E-03
      .20000     9.01342   0.500E-03
      .25000     7.77367   0.500E-03
      .30000     6.78265   0.500E-03
      .35000     5.97625   0.500E-03
      .40000     5.28816   0.500E-03
      .45000     4.68303   0.500E-03
      .50000     4.14048   0.500E-03
      .55000     3.64502   0.500E-03
      .60000     3.18355   0.500E-03
      .65000     2.74950   0.500E-03
      .70000     2.34499   0.500E-03
      .75000     1.97965   0.500E-03
      .80000     1.66661   0.500E-03
      .85000     1.37050   0.500E-03
      .90000     1.08010   0.500E-03
      .92500      .92997   0.500E-03
      .95000      .74520   0.500E-03
      .97000      .55587   0.500E-03
      .99000      .31502   0.500E-03
      .99500      .24805   0.500E-03
      .99900      .19235   0.500E-03
      .99950      .18494   0.500E-03
      .99990      .17933   0.500E-03
      .99995      .17858   0.500E-03
      .99999      .17807   0.500E-03
     1.00000      .17821   0.500E-03

      .00000    20.95639   0.600E-03
      .05000    15.77181   0.600E-03
      .10000    12.85284   0.600E-03
      .15000    10.75423   0.600E-03
      .20000     9.17886   0.600E-03
      .25000     7.90918   0.600E-03
      .30000     6.89401   0.600E-03
      .35000     6.06718   0.600E-03
      .40000     5.36166   0.600E-03
      .45000     4.73984   0.600E-03
      .50000     4.18248   0.600E-03
      .55000     3.67549   0.600E-03
      .60000     3.20479   0.600E-03
      .65000     2.76208   0.600E-03
      .70000     2.34705   0.600E-03
      .75000     1.96556   0.600E-03
      .80000     1.63410   0.600E-03
      .85000     1.33848   0.600E-03
      .90000     1.04998   0.600E-03
      .92500      .90135   0.600E-03
      .95000      .71863   0.600E-03
      .97000      .53137   0.600E-03
      .99000      .29333   0.600E-03
      .99500      .22731   0.600E-03
      .99900      .17224   0.600E-03
      .99950      .16486   0.600E-03
      .99990      .15925   0.600E-03
      .99995      .15850   0.600E-03
      .99999      .15797   0.600E-03
     1.00000      .15802   0.600E-03

      .00000    22.66953   0.800E-03
      .05000    16.64464   0.800E-03
      .10000    13.50235   0.800E-03
      .15000    11.20971   0.800E-03
      .20000     9.51841   0.800E-03
      .25000     8.21264   0.800E-03
      .30000     7.17059   0.800E-03
      .35000     6.31133   0.800E-03
      .40000     5.57199   0.800E-03
      .45000     4.91933   0.800E-03
      .50000     4.33556   0.800E-03
      .55000     3.80664   0.800E-03
      .60000     3.31735   0.800E-03
      .65000     2.85729   0.800E-03
      .70000     2.42290   0.800E-03
      .75000     2.01483   0.800E-03
      .80000     1.64435   0.800E-03
      .85000     1.32998   0.800E-03
      .90000     1.03757   0.800E-03
      .92500      .88713   0.800E-03
      .95000      .70233   0.800E-03
      .97000      .51291   0.800E-03
      .99000      .27212   0.800E-03
      .99500      .20539   0.800E-03
      .99900      .14958   0.800E-03
      .99950      .14210   0.800E-03
      .99990      .13645   0.800E-03
      .99995      .13572   0.800E-03
      .99999      .13518   0.800E-03
     1.00000      .13497   0.800E-03

      .00000    24.04424   0.100E-02
      .05000    17.37868   0.100E-02
      .10000    14.06240   0.100E-02
      .15000    11.63051   0.100E-02
      .20000     9.86536   0.100E-02
      .25000     8.53059   0.100E-02
      .30000     7.47013   0.100E-02
      .35000     6.58708   0.100E-02
      .40000     5.82034   0.100E-02
      .45000     5.14151   0.100E-02
      .50000     4.53494   0.100E-02
      .55000     3.98616   0.100E-02
      .60000     3.47899   0.100E-02
      .65000     3.00184   0.100E-02
      .70000     2.54904   0.100E-02
      .75000     2.11758   0.100E-02
      .80000     1.71368   0.100E-02
      .85000     1.36252   0.100E-02
      .90000     1.06024   0.100E-02
      .92500      .90457   0.100E-02
      .95000      .71313   0.100E-02
      .97000      .51661   0.100E-02
      .99000      .26615   0.100E-02
      .99500      .19652   0.100E-02
      .99900      .13839   0.100E-02
      .99950      .13067   0.100E-02
      .99990      .12493   0.100E-02
      .99995      .12422   0.100E-02
      .99999      .12369   0.100E-02
     1.00000      .12332   0.100E-02

      .00000    26.50581   0.150E-02
      .05000    18.76385   0.150E-02
      .10000    15.15998   0.150E-02
      .15000    12.52312   0.150E-02
      .20000    10.71276   0.150E-02
      .25000     9.31751   0.150E-02
      .30000     8.20382   0.150E-02
      .35000     7.26687   0.150E-02
      .40000     6.44947   0.150E-02
      .45000     5.72339   0.150E-02
      .50000     5.07170   0.150E-02
      .55000     4.47934   0.150E-02
      .60000     3.93144   0.150E-02
      .65000     3.41592   0.150E-02
      .70000     2.92337   0.150E-02
      .75000     2.44424   0.150E-02
      .80000     1.97675   0.150E-02
      .85000     1.53757   0.150E-02
      .90000     1.17328   0.150E-02
      .92500      .99824   0.150E-02
      .95000      .78163   0.150E-02
      .97000      .55842   0.150E-02
      .99000      .27368   0.150E-02
      .99500      .19443   0.150E-02
      .99900      .12845   0.150E-02
      .99950      .11974   0.150E-02
      .99990      .11327   0.150E-02
      .99995      .11250   0.150E-02
      .99999      .11191   0.150E-02
     1.00000      .11164   0.150E-02

      .00000    28.11377   0.200E-02
      .05000    19.70720   0.200E-02
      .10000    15.97607   0.200E-02
      .15000    13.27151   0.200E-02
      .20000    11.46200   0.200E-02
      .25000    10.02609   0.200E-02
      .30000     8.86350   0.200E-02
      .35000     7.87967   0.200E-02
      .40000     7.02458   0.200E-02
      .45000     6.26615   0.200E-02
      .50000     5.58228   0.200E-02
      .55000     4.95615   0.200E-02
      .60000     4.37537   0.200E-02
      .65000     3.82832   0.200E-02
      .70000     3.30269   0.200E-02
      .75000     2.78431   0.200E-02
      .80000     2.26808   0.200E-02
      .85000     1.76964   0.200E-02
      .90000     1.32045   0.200E-02
      .92500     1.11454   0.200E-02
      .95000      .86581   0.200E-02
      .97000      .61323   0.200E-02
      .99000      .29171   0.200E-02
      .99500      .20293   0.200E-02
      .99900      .12813   0.200E-02
      .99950      .11790   0.200E-02
      .99990      .11005   0.200E-02
      .99995      .10914   0.200E-02
      .99999      .10813   0.200E-02
     1.00000      .10835   0.200E-02

      .00000    30.05812   0.300E-02
      .05000    20.89108   0.300E-02
      .10000    17.12926   0.300E-02
      .15000    14.48073   0.300E-02
      .20000    12.63925   0.300E-02
      .25000    11.15798   0.300E-02
      .30000     9.94749   0.300E-02
      .35000     8.91634   0.300E-02
      .40000     8.01224   0.300E-02
      .45000     7.20439   0.300E-02
      .50000     6.47289   0.300E-02
      .55000     5.80013   0.300E-02
      .60000     5.16936   0.300E-02
      .65000     4.56733   0.300E-02
      .70000     3.98510   0.300E-02
      .75000     3.41324   0.300E-02
      .80000     2.84181   0.300E-02
      .85000     2.26092   0.300E-02
      .90000     1.66241   0.300E-02
      .92500     1.35804   0.300E-02
      .95000     1.03778   0.300E-02
      .97000      .72291   0.300E-02
      .99000      .33770   0.300E-02
      .99500      .23036   0.300E-02
      .99900      .13650   0.300E-02
      .99950      .12269   0.300E-02
      .99990      .11059   0.300E-02
      .99995      .10874   0.300E-02
      .99999      .10658   0.300E-02
     1.00000      .10699   0.300E-02

      .00000    31.28258   0.400E-02
      .05000    21.51138   0.400E-02
      .10000    17.84151   0.400E-02
      .15000    15.35440   0.400E-02
      .20000    13.54007   0.400E-02
      .25000    12.05229   0.400E-02
      .30000    10.81409   0.400E-02
      .35000     9.74724   0.400E-02
      .40000     8.80629   0.400E-02
      .45000     7.96290   0.400E-02
      .50000     7.19779   0.400E-02
      .55000     6.49316   0.400E-02
      .60000     5.83162   0.400E-02
      .65000     5.19869   0.400E-02
      .70000     4.58387   0.400E-02
      .75000     3.97512   0.400E-02
      .80000     3.35726   0.400E-02
      .85000     2.70900   0.400E-02
      .90000     2.00055   0.400E-02
      .92500     1.61240   0.400E-02
      .95000     1.20591   0.400E-02
      .97000      .83661   0.400E-02
      .99000      .38747   0.400E-02
      .99500      .26172   0.400E-02
      .99900      .14900   0.400E-02
      .99950      .13127   0.400E-02
      .99990      .11372   0.400E-02
      .99995      .11054   0.400E-02
      .99999      .10689   0.400E-02
     1.00000      .10676   0.400E-02

      .00000    32.09668   0.500E-02
      .05000    21.87619   0.500E-02
      .10000    18.36194   0.500E-02
      .15000    16.00999   0.500E-02
      .20000    14.23282   0.500E-02
      .25000    12.75119   0.500E-02
      .30000    11.50228   0.500E-02
      .35000    10.41664   0.500E-02
      .40000     9.45455   0.500E-02
      .45000     8.58978   0.500E-02
      .50000     7.80370   0.500E-02
      .55000     7.07858   0.500E-02
      .60000     6.39643   0.500E-02
      .65000     5.74187   0.500E-02
      .70000     5.10326   0.500E-02
      .75000     4.46668   0.500E-02
      .80000     3.81303   0.500E-02
      .85000     3.11251   0.500E-02
      .90000     2.31853   0.500E-02
      .92500     1.86426   0.500E-02
      .95000     1.36423   0.500E-02
      .97000      .94553   0.500E-02
      .99000      .43893   0.500E-02
      .99500      .29536   0.500E-02
      .99900      .16317   0.500E-02
      .99950      .14110   0.500E-02
      .99990      .11726   0.500E-02
      .99995      .11251   0.500E-02
      .99999      .10698   0.500E-02
     1.00000      .10645   0.500E-02

      .00000    32.67142   0.600E-02
      .05000    22.09608   0.600E-02
      .10000    18.76820   0.600E-02
      .15000    16.51718   0.600E-02
      .20000    14.78255   0.600E-02
      .25000    13.31473   0.600E-02
      .30000    12.06499   0.600E-02
      .35000    10.97046   0.600E-02
      .40000     9.99682   0.600E-02
      .45000     9.11956   0.600E-02
      .50000     8.32075   0.600E-02
      .55000     7.58266   0.600E-02
      .60000     6.88678   0.600E-02
      .65000     6.21697   0.600E-02
      .70000     5.56067   0.600E-02
      .75000     4.90247   0.600E-02
      .80000     4.22020   0.600E-02
      .85000     3.47752   0.600E-02
      .90000     2.61440   0.600E-02
      .92500     2.10577   0.600E-02
      .95000     1.52946   0.600E-02
      .97000     1.04967   0.600E-02
      .99000      .49068   0.600E-02
      .99500      .32984   0.600E-02
      .99900      .17791   0.600E-02
      .99950      .15128   0.600E-02
      .99990      .12084   0.600E-02
      .99995      .11442   0.600E-02
      .99999      .10692   0.600E-02
     1.00000      .10606   0.600E-02

      .00000    33.41573   0.800E-02
      .05000    22.33289   0.800E-02
      .10000    19.35973   0.800E-02
      .15000    17.25638   0.800E-02
      .20000    15.60381   0.800E-02
      .25000    14.17350   0.800E-02
      .30000    12.93676   0.800E-02
      .35000    11.84081   0.800E-02
      .40000    10.86021   0.800E-02
      .45000     9.97339   0.800E-02
      .50000     9.16348   0.800E-02
      .55000     8.41289   0.800E-02
      .60000     7.70231   0.800E-02
      .65000     7.01430   0.800E-02
      .70000     6.33500   0.800E-02
      .75000     5.64659   0.800E-02
      .80000     4.92238   0.800E-02
      .85000     4.11656   0.800E-02
      .90000     3.14843   0.800E-02
      .92500     2.55601   0.800E-02
      .95000     1.85553   0.800E-02
      .97000     1.24619   0.800E-02
      .99000      .59242   0.800E-02
      .99500      .39862   0.800E-02
      .99900      .20730   0.800E-02
      .99950      .17137   0.800E-02
      .99990      .12772   0.800E-02
      .99995      .11807   0.800E-02
      .99999      .10668   0.800E-02
     1.00000      .10530   0.800E-02

      .00000    33.80606   0.100E-01
      .05000    22.44928   0.100E-01
      .10000    19.77501   0.100E-01
      .15000    17.79675   0.100E-01
      .20000    16.21535   0.100E-01
      .25000    14.81874   0.100E-01
      .30000    13.59253   0.100E-01
      .35000    12.49525   0.100E-01
      .40000    11.51072   0.100E-01
      .45000    10.62027   0.100E-01
      .50000     9.80814   0.100E-01
      .55000     9.05716   0.100E-01
      .60000     8.34805   0.100E-01
      .65000     7.66229   0.100E-01
      .70000     6.98356   0.100E-01
      .75000     6.28931   0.100E-01
      .80000     5.54371   0.100E-01
      .85000     4.68240   0.100E-01
      .90000     3.60656   0.100E-01
      .92500     2.93947   0.100E-01
      .95000     2.14927   0.100E-01
      .97000     1.43522   0.100E-01
      .99000      .69807   0.100E-01
      .99500      .46724   0.100E-01
      .99900      .23447   0.100E-01
      .99950      .18993   0.100E-01
      .99990      .13450   0.100E-01
      .99995      .12172   0.100E-01
      .99999      .10581   0.100E-01
     1.00000      .10465   0.100E-01

      .00000    34.40663   0.150E-01
      .05000    22.63660   0.150E-01
      .10000    20.33281   0.150E-01
      .15000    18.56010   0.150E-01
      .20000    17.11078   0.150E-01
      .25000    15.81192   0.150E-01
      .30000    14.65561   0.150E-01
      .35000    13.60898   0.150E-01
      .40000    12.66012   0.150E-01
      .45000    11.79410   0.150E-01
      .50000    10.99790   0.150E-01
      .55000    10.25641   0.150E-01
      .60000     9.55139   0.150E-01
      .65000     8.86446   0.150E-01
      .70000     8.17852   0.150E-01
      .75000     7.46856   0.150E-01
      .80000     6.69292   0.150E-01
      .85000     5.77401   0.150E-01
      .90000     4.58236   0.150E-01
      .92500     3.81321   0.150E-01
      .95000     2.85850   0.150E-01
      .97000     1.92999   0.150E-01
      .99000      .91899   0.150E-01
      .99500      .61750   0.150E-01
      .99900      .29563   0.150E-01
      .99950      .23087   0.150E-01
      .99990      .14871   0.150E-01
      .99995      .12968   0.150E-01
      .99999      .10597   0.150E-01
     1.00000      .10358   0.150E-01

      .00000    34.69957   0.200E-01
      .05000    22.72505   0.200E-01
      .10000    20.62643   0.200E-01
      .15000    18.99135   0.200E-01
      .20000    17.63155   0.200E-01
      .25000    16.40512   0.200E-01
      .30000    15.30616   0.200E-01
      .35000    14.30674   0.200E-01
      .40000    13.39653   0.200E-01
      .45000    12.56257   0.200E-01
      .50000    11.79310   0.200E-01
      .55000    11.07394   0.200E-01
      .60000    10.38709   0.200E-01
      .65000     9.71416   0.200E-01
      .70000     9.03778   0.200E-01
      .75000     8.33187   0.200E-01
      .80000     7.55154   0.200E-01
      .85000     6.61106   0.200E-01
      .90000     5.36014   0.200E-01
      .92500     4.53099   0.200E-01
      .95000     3.47112   0.200E-01
      .97000     2.38912   0.200E-01
      .99000     1.11084   0.200E-01
      .99500      .74831   0.200E-01
      .99900      .34762   0.200E-01
      .99950      .26529   0.200E-01
      .99990      .16077   0.200E-01
      .99995      .13673   0.200E-01
      .99999      .10680   0.200E-01
     1.00000      .10295   0.200E-01

      .00000    35.01132   0.300E-01
      .05000    22.77782   0.300E-01
      .10000    20.92986   0.300E-01
      .15000    19.45930   0.300E-01
      .20000    18.21255   0.300E-01
      .25000    17.08325   0.300E-01
      .30000    16.06664   0.300E-01
      .35000    15.14068   0.300E-01
      .40000    14.29650   0.300E-01
      .45000    13.52288   0.300E-01
      .50000    12.80890   0.300E-01
      .55000    12.14077   0.300E-01
      .60000    11.50004   0.300E-01
      .65000    10.86777   0.300E-01
      .70000    10.22666   0.300E-01
      .75000     9.54975   0.300E-01
      .80000     8.78924   0.300E-01
      .85000     7.85011   0.300E-01
      .90000     6.55551   0.300E-01
      .92500     5.66506   0.300E-01
      .95000     4.48156   0.300E-01
      .97000     3.19501   0.300E-01
      .99000     1.43553   0.300E-01
      .99500      .97023   0.300E-01
      .99900      .43405   0.300E-01
      .99950      .32213   0.300E-01
      .99990      .18111   0.300E-01
      .99995      .14913   0.300E-01
      .99999      .10945   0.300E-01
     1.00000      .10223   0.300E-01

      .00000    35.13283   0.400E-01
      .05000    22.79478   0.400E-01
      .10000    21.09457   0.400E-01
      .15000    19.71637   0.400E-01
      .20000    18.53470   0.400E-01
      .25000    17.46367   0.400E-01
      .30000    16.49847   0.400E-01
      .35000    15.62088   0.400E-01
      .40000    14.82296   0.400E-01
      .45000    14.09462   0.400E-01
      .50000    13.42563   0.400E-01
      .55000    12.80278   0.400E-01
      .60000    12.20791   0.400E-01
      .65000    11.62217   0.400E-01
      .70000    11.02784   0.400E-01
      .75000    10.39640   0.400E-01
      .80000     9.67539   0.400E-01
      .85000     8.75677   0.400E-01
      .90000     7.44726   0.400E-01
      .92500     6.53190   0.400E-01
      .95000     5.30091   0.400E-01
      .97000     3.90076   0.400E-01
      .99000     1.75391   0.400E-01
      .99500     1.14570   0.400E-01
      .99900      .50534   0.400E-01
      .99950      .37000   0.400E-01
      .99990      .19827   0.400E-01
      .99995      .15966   0.400E-01
      .99999      .11324   0.400E-01
     1.00000      .10183   0.400E-01

      .00000    35.10747   0.500E-01
      .05000    22.78568   0.500E-01
      .10000    21.18788   0.500E-01
      .15000    19.87460   0.500E-01
      .20000    18.73981   0.500E-01
      .25000    17.71112   0.500E-01
      .30000    16.78386   0.500E-01
      .35000    15.94246   0.500E-01
      .40000    15.17985   0.500E-01
      .45000    14.48664   0.500E-01
      .50000    13.85341   0.500E-01
      .55000    13.26748   0.500E-01
      .60000    12.71130   0.500E-01
      .65000    12.16632   0.500E-01
      .70000    11.61478   0.500E-01
      .75000    11.02744   0.500E-01
      .80000    10.34904   0.500E-01
      .85000     9.46298   0.500E-01
      .90000     8.16151   0.500E-01
      .92500     7.23349   0.500E-01
      .95000     5.96612   0.500E-01
      .97000     4.48478   0.500E-01
      .99000     2.07922   0.500E-01
      .99500     1.31025   0.500E-01
      .99900      .56516   0.500E-01
      .99950      .40941   0.500E-01
      .99990      .21403   0.500E-01
      .99995      .17008   0.500E-01
      .99999      .11645   0.500E-01
     1.00000      .10157   0.500E-01

      .00000    35.01187   0.600E-01
      .05000    22.77744   0.600E-01
      .10000    21.25084   0.600E-01
      .15000    19.98386   0.600E-01
      .20000    18.88261   0.600E-01
      .25000    17.88445   0.600E-01
      .30000    16.98518   0.600E-01
      .35000    16.17087   0.600E-01
      .40000    15.43527   0.600E-01
      .45000    14.76969   0.600E-01
      .50000    14.16537   0.600E-01
      .55000    13.61024   0.600E-01
      .60000    13.08735   0.600E-01
      .65000    12.57851   0.600E-01
      .70000    12.06608   0.600E-01
      .75000    11.52034   0.600E-01
      .80000    10.88401   0.600E-01
      .85000    10.03408   0.600E-01
      .90000     8.75182   0.600E-01
      .92500     7.82129   0.600E-01
      .95000     6.53321   0.600E-01
      .97000     4.99500   0.600E-01
      .99000     2.38621   0.600E-01
      .99500     1.46868   0.600E-01
      .99900      .61875   0.600E-01
      .99950      .44473   0.600E-01
      .99990      .22840   0.600E-01
      .99995      .17971   0.600E-01
      .99999      .11965   0.600E-01
     1.00000      .10138   0.600E-01

      .00000    34.76907   0.800E-01
      .05000    22.76697   0.800E-01
      .10000    21.33353   0.800E-01
      .15000    20.12804   0.800E-01
      .20000    19.07133   0.800E-01
      .25000    18.11443   0.800E-01
      .30000    17.25331   0.800E-01
      .35000    16.47678   0.800E-01
      .40000    15.77938   0.800E-01
      .45000    15.15397   0.800E-01
      .50000    14.59270   0.800E-01
      .55000    14.08490   0.800E-01
      .60000    13.61470   0.800E-01
      .65000    13.16491   0.800E-01
      .70000    12.71845   0.800E-01
      .75000    12.24554   0.800E-01
      .80000    11.68681   0.800E-01
      .85000    10.91106   0.800E-01
      .90000     9.68404   0.800E-01
      .92500     8.76505   0.800E-01
      .95000     7.46175   0.800E-01
      .97000     5.85282   0.800E-01
      .99000     2.94490   0.800E-01
      .99500     1.79218   0.800E-01
      .99900      .71415   0.800E-01
      .99950      .50753   0.800E-01
      .99990      .25419   0.800E-01
      .99995      .19721   0.800E-01
      .99999      .12587   0.800E-01
     1.00000      .10115   0.800E-01

      .00000    34.55391   0.100E+00
      .05000    22.76323   0.100E+00
      .10000    21.38895   0.100E+00
      .15000    20.22237   0.100E+00
      .20000    19.19421   0.100E+00
      .25000    18.26372   0.100E+00
      .30000    17.42725   0.100E+00
      .35000    16.67543   0.100E+00
      .40000    16.00354   0.100E+00
      .45000    15.40527   0.100E+00
      .50000    14.87399   0.100E+00
      .55000    14.39984   0.100E+00
      .60000    13.96827   0.100E+00
      .65000    13.56320   0.100E+00
      .70000    13.16854   0.100E+00
      .75000    12.75536   0.100E+00
      .80000    12.26408   0.100E+00
      .85000    11.55958   0.100E+00
      .90000    10.39744   0.100E+00
      .92500     9.50130   0.100E+00
      .95000     8.20153   0.100E+00
      .97000     6.55522   0.100E+00
      .99000     3.44042   0.100E+00
      .99500     2.11636   0.100E+00
      .99900      .79962   0.100E+00
      .99950      .56367   0.100E+00
      .99990      .27717   0.100E+00
      .99995      .21293   0.100E+00
      .99999      .13175   0.100E+00
     1.00000      .10101   0.100E+00

      .00000    34.06743   0.150E+00
      .05000    22.75293   0.150E+00
      .10000    21.47311   0.150E+00
      .15000    20.36682   0.150E+00
      .20000    19.38106   0.150E+00
      .25000    18.48825   0.150E+00
      .30000    17.68535   0.150E+00
      .35000    16.96635   0.150E+00
      .40000    16.32857   0.150E+00
      .45000    15.76817   0.150E+00
      .50000    15.28061   0.150E+00
      .55000    14.85934   0.150E+00
      .60000    14.49395   0.150E+00
      .65000    14.17112   0.150E+00
      .70000    13.87303   0.150E+00
      .75000    13.56363   0.150E+00
      .80000    13.18248   0.150E+00
      .85000    12.61785   0.150E+00
      .90000    11.63643   0.150E+00
      .92500    10.82529   0.150E+00
      .95000     9.56453   0.150E+00
      .97000     7.88651   0.150E+00
      .99000     4.48394   0.150E+00
      .99500     2.85684   0.150E+00
      .99900      .98708   0.150E+00
      .99950      .68680   0.150E+00
      .99990      .32683   0.150E+00
      .99995      .24705   0.150E+00
      .99999      .14513   0.150E+00
     1.00000      .10081   0.150E+00

      .00000    33.40053   0.200E+00
      .05000    22.75642   0.200E+00
      .10000    21.52472   0.200E+00
      .15000    20.44531   0.200E+00
      .20000    19.47757   0.200E+00
      .25000    18.60258   0.200E+00
      .30000    17.81761   0.200E+00
      .35000    17.11839   0.200E+00
      .40000    16.50273   0.200E+00
      .45000    15.96701   0.200E+00
      .50000    15.50689   0.200E+00
      .55000    15.11669   0.200E+00
      .60000    14.78767   0.200E+00
      .65000    14.50883   0.200E+00
      .70000    14.26529   0.200E+00
      .75000    14.02486   0.200E+00
      .80000    13.73352   0.200E+00
      .85000    13.29038   0.200E+00
      .90000    12.45788   0.200E+00
      .92500    11.71820   0.200E+00
      .95000    10.51657   0.200E+00
      .97000     8.85846   0.200E+00
      .99000     5.31516   0.200E+00
      .99500     3.49132   0.200E+00
      .99900     1.15196   0.200E+00
      .99950      .79587   0.200E+00
      .99990      .36947   0.200E+00
      .99995      .27623   0.200E+00
      .99999      .15689   0.200E+00
     1.00000      .10072   0.200E+00

      .00000    31.71582   0.300E+00
      .05000    22.74756   0.300E+00
      .10000    21.56589   0.300E+00
      .15000    20.52118   0.300E+00
      .20000    19.57991   0.300E+00
      .25000    18.72824   0.300E+00
      .30000    17.96426   0.300E+00
      .35000    17.28552   0.300E+00
      .40000    16.69138   0.300E+00
      .45000    16.17957   0.300E+00
      .50000    15.74779   0.300E+00
      .55000    15.39184   0.300E+00
      .60000    15.10453   0.300E+00
      .65000    14.87721   0.300E+00
      .70000    14.69919   0.300E+00
      .75000    14.54470   0.300E+00
      .80000    14.36848   0.300E+00
      .85000    14.08113   0.300E+00
      .90000    13.46951   0.300E+00
      .92500    12.87092   0.300E+00
      .95000    11.80962   0.300E+00
      .97000    10.23034   0.300E+00
      .99000     6.58080   0.300E+00
      .99500     4.53789   0.300E+00
      .99900     1.44583   0.300E+00
      .99950      .98640   0.300E+00
      .99990      .44193   0.300E+00
      .99995      .32609   0.300E+00
      .99999      .17752   0.300E+00
     1.00000      .10062   0.300E+00

      .00000    30.28618   0.400E+00
      .05000    22.74104   0.400E+00
      .10000    21.58504   0.400E+00
      .15000    20.55728   0.400E+00
      .20000    19.62918   0.400E+00
      .25000    18.79007   0.400E+00
      .30000    18.03862   0.400E+00
      .35000    17.37260   0.400E+00
      .40000    16.79158   0.400E+00
      .45000    16.29391   0.400E+00
      .50000    15.87798   0.400E+00
      .55000    15.54046   0.400E+00
      .60000    15.27562   0.400E+00
      .65000    15.07656   0.400E+00
      .70000    14.93502   0.400E+00
      .75000    14.82898   0.400E+00
      .80000    14.72037   0.400E+00
      .85000    14.53491   0.400E+00
      .90000    14.08261   0.400E+00
      .92500    13.59264   0.400E+00
      .95000    12.65892   0.400E+00
      .97000    11.17934   0.400E+00
      .99000     7.53414   0.400E+00
      .99500     5.36873   0.400E+00
      .99900     1.70367   0.400E+00
      .99950     1.15613   0.400E+00
      .99990      .50462   0.400E+00
      .99995      .36859   0.400E+00
      .99999      .19532   0.400E+00
     1.00000      .10057   0.400E+00

      .00000    29.24902   0.500E+00
      .05000    22.73805   0.500E+00
      .10000    21.59811   0.500E+00
      .15000    20.57912   0.500E+00
      .20000    19.65721   0.500E+00
      .25000    18.82524   0.500E+00
      .30000    18.08174   0.500E+00
      .35000    17.42479   0.500E+00
      .40000    16.85332   0.500E+00
      .45000    16.36609   0.500E+00
      .50000    15.96111   0.500E+00
      .55000    15.63557   0.500E+00
      .60000    15.38451   0.500E+00
      .65000    15.20243   0.500E+00
      .70000    15.08310   0.500E+00
      .75000    15.00808   0.500E+00
      .80000    14.94535   0.500E+00
      .85000    14.83166   0.500E+00
      .90000    14.49484   0.500E+00
      .92500    14.08838   0.500E+00
      .95000    13.26675   0.500E+00
      .97000    11.89013   0.500E+00
      .99000     8.29094   0.500E+00
      .99500     6.05567   0.500E+00
      .99900     1.93471   0.500E+00
      .99950     1.31148   0.500E+00
      .99990      .56162   0.500E+00
      .99995      .40598   0.500E+00
      .99999      .21129   0.500E+00
     1.00000      .10054   0.500E+00

      .00000    28.53503   0.600E+00
      .05000    22.73361   0.600E+00
      .10000    21.60472   0.600E+00
      .15000    20.59297   0.600E+00
      .20000    19.67709   0.600E+00
      .25000    18.85098   0.600E+00
      .30000    18.11322   0.600E+00
      .35000    17.46208   0.600E+00
      .40000    16.89696   0.600E+00
      .45000    16.41634   0.600E+00
      .50000    16.01797   0.600E+00
      .55000    15.69941   0.600E+00
      .60000    15.45739   0.600E+00
      .65000    15.28830   0.600E+00
      .70000    15.18654   0.600E+00
      .75000    15.13458   0.600E+00
      .80000    15.10364   0.600E+00
      .85000    15.04149   0.600E+00
      .90000    14.79129   0.600E+00
      .92500    14.44874   0.600E+00
      .95000    13.71845   0.600E+00
      .97000    12.44686   0.600E+00
      .99000     8.93062   0.600E+00
      .99500     6.62378   0.600E+00
      .99900     2.21319   0.600E+00
      .99950     1.45724   0.600E+00
      .99990      .61406   0.600E+00
      .99995      .43937   0.600E+00
      .99999      .22637   0.600E+00
     1.00000      .10052   0.600E+00

      .00000    27.62552   0.800E+00
      .05000    22.72888   0.800E+00
      .10000    21.61545   0.800E+00
      .15000    20.61284   0.800E+00
      .20000    19.70403   0.800E+00
      .25000    18.88506   0.800E+00
      .30000    18.15425   0.800E+00
      .35000    17.50972   0.800E+00
      .40000    16.95123   0.800E+00
      .45000    16.47806   0.800E+00
      .50000    16.08940   0.800E+00
      .55000    15.78327   0.800E+00
      .60000    15.55569   0.800E+00
      .65000    15.40289   0.800E+00
      .70000    15.32180   0.800E+00
      .75000    15.29926   0.800E+00
      .80000    15.31259   0.800E+00
      .85000    15.31624   0.800E+00
      .90000    15.18231   0.800E+00
      .92500    14.94342   0.800E+00
      .95000    14.37013   0.800E+00
      .97000    13.26169   0.800E+00
      .99000     9.89757   0.800E+00
      .99500     7.58607   0.800E+00
      .99900     2.83534   0.800E+00
      .99950     1.71311   0.800E+00
      .99990      .70842   0.800E+00
      .99995      .50296   0.800E+00
      .99999      .25212   0.800E+00
     1.00000      .10049   0.800E+00

      .00000    27.04918   0.100E+01
      .05000    22.72617   0.100E+01
      .10000    21.62231   0.100E+01
      .15000    20.62514   0.100E+01
      .20000    19.72069   0.100E+01
      .25000    18.90590   0.100E+01
      .30000    18.17935   0.100E+01
      .35000    17.53902   0.100E+01
      .40000    16.98499   0.100E+01
      .45000    16.51695   0.100E+01
      .50000    16.13419   0.100E+01
      .55000    15.83510   0.100E+01
      .60000    15.61595   0.100E+01
      .65000    15.47376   0.100E+01
      .70000    15.40642   0.100E+01
      .75000    15.40286   0.100E+01
      .80000    15.44385   0.100E+01
      .85000    15.49086   0.100E+01
      .90000    15.43432   0.100E+01
      .92500    15.26360   0.100E+01
      .95000    14.80385   0.100E+01
      .97000    13.83916   0.100E+01
      .99000    10.65080   0.100E+01
      .99500     8.33776   0.100E+01
      .99900     3.36342   0.100E+01
      .99950     1.94444   0.100E+01
      .99990      .79426   0.100E+01
      .99995      .55918   0.100E+01
      .99999      .27550   0.100E+01
     1.00000      .10047   0.100E+01

      .00000    26.20023   0.150E+01
      .05000    22.73157   0.150E+01
      .10000    21.63029   0.150E+01
      .15000    20.63597   0.150E+01
      .20000    19.73663   0.150E+01
      .25000    18.92830   0.150E+01
      .30000    18.20898   0.150E+01
      .35000    17.57687   0.150E+01
      .40000    17.03154   0.150E+01
      .45000    16.57260   0.150E+01
      .50000    16.19858   0.150E+01
      .55000    15.90771   0.150E+01
      .60000    15.69572   0.150E+01
      .65000    15.56055   0.150E+01
      .70000    15.50663   0.150E+01
      .75000    15.53655   0.150E+01
      .80000    15.64104   0.150E+01
      .85000    15.76635   0.150E+01
      .90000    15.80459   0.150E+01
      .92500    15.72055   0.150E+01
      .95000    15.43546   0.150E+01
      .97000    14.73952   0.150E+01
      .99000    11.98212   0.150E+01
      .99500     9.72129   0.150E+01
      .99900     4.45402   0.150E+01
      .99950     2.57581   0.150E+01
      .99990      .98436   0.150E+01
      .99995      .68327   0.150E+01
      .99999      .32580   0.150E+01
     1.00000      .10045   0.150E+01

      .00000    25.70253   0.200E+01
      .05000    22.72910   0.200E+01
      .10000    21.63480   0.200E+01
      .15000    20.64458   0.200E+01
      .20000    19.74854   0.200E+01
      .25000    18.94315   0.200E+01
      .30000    18.22650   0.200E+01
      .35000    17.59749   0.200E+01
      .40000    17.05554   0.200E+01
      .45000    16.60025   0.200E+01
      .50000    16.23033   0.200E+01
      .55000    15.94431   0.200E+01
      .60000    15.73846   0.200E+01
      .65000    15.61126   0.200E+01
      .70000    15.56783   0.200E+01
      .75000    15.61222   0.200E+01
      .80000    15.73776   0.200E+01
      .85000    15.89580   0.200E+01
      .90000    15.99536   0.200E+01
      .92500    15.97079   0.200E+01
      .95000    15.79516   0.200E+01
      .97000    15.26821   0.200E+01
      .99000    12.85109   0.200E+01
      .99500    10.70060   0.200E+01
      .99900     5.30785   0.200E+01
      .99950     3.29162   0.200E+01
      .99990     1.15158   0.200E+01
      .99995      .79282   0.200E+01
      .99999      .36880   0.200E+01
     1.00000      .10044   0.200E+01

      .00000    25.17238   0.300E+01
      .05000    22.72620   0.300E+01
      .10000    21.63910   0.300E+01
      .15000    20.65294   0.300E+01
      .20000    19.76028   0.300E+01
      .25000    18.95787   0.300E+01
      .30000    18.24431   0.300E+01
      .35000    17.61850   0.300E+01
      .40000    17.07991   0.300E+01
      .45000    16.62827   0.300E+01
      .50000    16.26257   0.300E+01
      .55000    15.98175   0.300E+01
      .60000    15.78229   0.300E+01
      .65000    15.66342   0.300E+01
      .70000    15.63091   0.300E+01
      .75000    15.69027   0.300E+01
      .80000    15.83791   0.300E+01
      .85000    16.03127   0.300E+01
      .90000    16.19731   0.300E+01
      .92500    16.23619   0.300E+01
      .95000    16.17896   0.300E+01
      .97000    15.85328   0.300E+01
      .99000    13.95497   0.300E+01
      .99500    12.03045   0.300E+01
      .99900     6.60889   0.300E+01
      .99950     4.41883   0.300E+01
      .99990     1.44349   0.300E+01
      .99995      .98588   0.300E+01
      .99999      .44214   0.300E+01
     1.00000      .10043   0.300E+01

      .00000    24.86823   0.400E+01
      .05000    22.71573   0.400E+01
      .10000    21.64171   0.400E+01
      .15000    20.66193   0.400E+01
      .20000    19.77167   0.400E+01
      .25000    18.97006   0.400E+01
      .30000    18.25650   0.400E+01
      .35000    17.63054   0.400E+01
      .40000    17.09270   0.400E+01
      .45000    16.64226   0.400E+01
      .50000    16.27811   0.400E+01
      .55000    15.99974   0.400E+01
      .60000    15.80683   0.400E+01
      .65000    15.70024   0.400E+01
      .70000    15.68030   0.400E+01
      .75000    15.74057   0.400E+01
      .80000    15.87325   0.400E+01
      .85000    16.06955   0.400E+01
      .90000    16.29764   0.400E+01
      .92500    16.38957   0.400E+01
      .95000    16.39182   0.400E+01
      .97000    16.15100   0.400E+01
      .99000    14.62366   0.400E+01
      .99500    12.96114   0.400E+01
      .99900     7.58729   0.400E+01
      .99950     5.28732   0.400E+01
      .99990     1.69621   0.400E+01
      .99995     1.16565   0.400E+01
      .99999      .50448   0.400E+01
     1.00000      .10043   0.400E+01

      .00000    24.69154   0.500E+01
      .05000    22.71429   0.500E+01
      .10000    21.64276   0.500E+01
      .15000    20.66429   0.500E+01
      .20000    19.77502   0.500E+01
      .25000    18.97443   0.500E+01
      .30000    18.26181   0.500E+01
      .35000    17.63670   0.500E+01
      .40000    17.09937   0.500E+01
      .45000    16.64967   0.500E+01
      .50000    16.28738   0.500E+01
      .55000    16.01224   0.500E+01
      .60000    15.82226   0.500E+01
      .65000    15.71778   0.500E+01
      .70000    15.69961   0.500E+01
      .75000    15.76367   0.500E+01
      .80000    15.90434   0.500E+01
      .85000    16.11435   0.500E+01
      .90000    16.36380   0.500E+01
      .92500    16.47351   0.500E+01
      .95000    16.51486   0.500E+01
      .97000    16.36212   0.500E+01
      .99000    15.09609   0.500E+01
      .99500    13.53066   0.500E+01
      .99900     8.35516   0.500E+01
      .99950     6.03237   0.500E+01
      .99990     1.92573   0.500E+01
      .99995     1.31237   0.500E+01
      .99999      .56210   0.500E+01
     1.00000      .10043   0.500E+01

      .00000    24.56738   0.600E+01
      .05000    22.71321   0.600E+01
      .10000    21.64326   0.600E+01
      .15000    20.66570   0.600E+01
      .20000    19.77715   0.600E+01
      .25000    18.97723   0.600E+01
      .30000    18.26538   0.600E+01
      .35000    17.64102   0.600E+01
      .40000    17.10443   0.600E+01
      .45000    16.65558   0.600E+01
      .50000    16.29434   0.600E+01
      .55000    16.02040   0.600E+01
      .60000    15.83187   0.600E+01
      .65000    15.72896   0.600E+01
      .70000    15.71312   0.600E+01
      .75000    15.78037   0.600E+01
      .80000    15.92594   0.600E+01
      .85000    16.14339   0.600E+01
      .90000    16.40860   0.600E+01
      .92500    16.53421   0.600E+01
      .95000    16.60303   0.600E+01
      .97000    16.49907   0.600E+01
      .99000    15.42327   0.600E+01
      .99500    14.00061   0.600E+01
      .99900     8.98564   0.600E+01
      .99950     6.64593   0.600E+01
      .99990     2.39709   0.600E+01
      .99995     1.45691   0.600E+01
      .99999      .61425   0.600E+01
     1.00000      .10042   0.600E+01

      .00000    24.40454   0.800E+01
      .05000    22.71211   0.800E+01
      .10000    21.64482   0.800E+01
      .15000    20.66846   0.800E+01
      .20000    19.78085   0.800E+01
      .25000    18.98160   0.800E+01
      .30000    18.27040   0.800E+01
      .35000    17.64674   0.800E+01
      .40000    17.11095   0.800E+01
      .45000    16.66295   0.800E+01
      .50000    16.30295   0.800E+01
      .55000    16.03050   0.800E+01
      .60000    15.84382   0.800E+01
      .65000    15.74303   0.800E+01
      .70000    15.73012   0.800E+01
      .75000    15.80142   0.800E+01
      .80000    15.95313   0.800E+01
      .85000    16.18044   0.800E+01
      .90000    16.46533   0.800E+01
      .92500    16.61043   0.800E+01
      .95000    16.71722   0.800E+01
      .97000    16.68074   0.800E+01
      .99000    15.86301   0.800E+01
      .99500    14.65723   0.800E+01
      .99900     9.97553   0.800E+01
      .99950     7.64297   0.800E+01
      .99990     3.20514   0.800E+01
      .99995     1.83336   0.800E+01
      .99999      .70930   0.800E+01
     1.00000      .10042   0.800E+01

      .00000    24.30714   0.100E+02
      .05000    22.70926   0.100E+02
      .10000    21.64442   0.100E+02
      .15000    20.67111   0.100E+02
      .20000    19.78615   0.100E+02
      .25000    18.98825   0.100E+02
      .30000    18.27686   0.100E+02
      .35000    17.65239   0.100E+02
      .40000    17.11549   0.100E+02
      .45000    16.66664   0.100E+02
      .50000    16.30624   0.100E+02
      .55000    16.03421   0.100E+02
      .60000    15.84898   0.100E+02
      .65000    15.75032   0.100E+02
      .70000    15.74045   0.100E+02
      .75000    15.81558   0.100E+02
      .80000    15.97143   0.100E+02
      .85000    16.20149   0.100E+02
      .90000    16.49585   0.100E+02
      .92500    16.65593   0.100E+02
      .95000    16.78885   0.100E+02
      .97000    16.79895   0.100E+02
      .99000    16.15546   0.100E+02
      .99500    15.07921   0.100E+02
      .99900    10.71691   0.100E+02
      .99950     8.44659   0.100E+02
      .99990     3.84067   0.100E+02
      .99995     2.32313   0.100E+02
      .99999      .79589   0.100E+02
     1.00000      .10042   0.100E+02

