      .00000     6.53125   0.100E-05
      .05000     6.59910   0.100E-05
      .10000     6.61998   0.100E-05
      .15000     6.60421   0.100E-05
      .20000     6.56004   0.100E-05
      .25000     6.49684   0.100E-05
      .30000     6.41846   0.100E-05
      .35000     6.32910   0.100E-05
      .40000     6.23373   0.100E-05
      .45000     6.13361   0.100E-05
      .50000     6.02927   0.100E-05
      .55000     5.92206   0.100E-05
      .60000     5.81511   0.100E-05
      .65000     5.71203   0.100E-05
      .70000     5.61535   0.100E-05
      .75000     5.52921   0.100E-05
      .80000     5.45769   0.100E-05
      .85000     5.40122   0.100E-05
      .90000     5.35588   0.100E-05
      .92500     5.33442   0.100E-05
      .95000     5.31414   0.100E-05
      .97000     5.29979   0.100E-05
      .99000     5.28759   0.100E-05
      .99500     5.28478   0.100E-05
      .99900     5.28260   0.100E-05
      .99950     5.28244   0.100E-05
      .99990     5.28258   0.100E-05
      .99995     5.28264   0.100E-05
      .99999     5.28259   0.100E-05
     1.00000     5.28218   0.100E-05

      .00000     7.17462   0.150E-05
      .05000     7.22507   0.150E-05
      .10000     7.21266   0.150E-05
      .15000     7.15272   0.150E-05
      .20000     7.05718   0.150E-05
      .25000     6.93909   0.150E-05
      .30000     6.80363   0.150E-05
      .35000     6.65577   0.150E-05
      .40000     6.50162   0.150E-05
      .45000     6.34351   0.150E-05
      .50000     6.18364   0.150E-05
      .55000     6.02470   0.150E-05
      .60000     5.86908   0.150E-05
      .65000     5.71983   0.150E-05
      .70000     5.57875   0.150E-05
      .75000     5.44838   0.150E-05
      .80000     5.33162   0.150E-05
      .85000     5.23046   0.150E-05
      .90000     5.14914   0.150E-05
      .92500     5.11715   0.150E-05
      .95000     5.08740   0.150E-05
      .97000     5.06469   0.150E-05
      .99000     5.04217   0.150E-05
      .99500     5.03700   0.150E-05
      .99900     5.03296   0.150E-05
      .99950     5.03198   0.150E-05
      .99990     5.03021   0.150E-05
      .99995     5.02981   0.150E-05
      .99999     5.02992   0.150E-05
     1.00000     5.03157   0.150E-05

      .00000     7.63255   0.200E-05
      .05000     7.66788   0.200E-05
      .10000     7.62363   0.200E-05
      .15000     7.52123   0.200E-05
      .20000     7.37753   0.200E-05
      .25000     7.21053   0.200E-05
      .30000     7.02698   0.200E-05
      .35000     6.83312   0.200E-05
      .40000     6.63605   0.200E-05
      .45000     6.43816   0.200E-05
      .50000     6.24129   0.200E-05
      .55000     6.04797   0.200E-05
      .60000     5.85975   0.200E-05
      .65000     5.67895   0.200E-05
      .70000     5.50666   0.200E-05
      .75000     5.34406   0.200E-05
      .80000     5.19306   0.200E-05
      .85000     5.05665   0.200E-05
      .90000     4.94166   0.200E-05
      .92500     4.89506   0.200E-05
      .95000     4.85367   0.200E-05
      .97000     4.82501   0.200E-05
      .99000     4.79902   0.200E-05
      .99500     4.79336   0.200E-05
      .99900     4.78904   0.200E-05
      .99950     4.78807   0.200E-05
      .99990     4.78642   0.200E-05
      .99995     4.78605   0.200E-05
      .99999     4.78614   0.200E-05
     1.00000     4.78763   0.200E-05

      .00000     8.28008   0.300E-05
      .05000     8.28663   0.300E-05
      .10000     8.18422   0.300E-05
      .15000     8.00664   0.300E-05
      .20000     7.78080   0.300E-05
      .25000     7.53423   0.300E-05
      .30000     7.27641   0.300E-05
      .35000     7.01502   0.300E-05
      .40000     6.75812   0.300E-05
      .45000     6.50725   0.300E-05
      .50000     6.26210   0.300E-05
      .55000     6.02413   0.300E-05
      .60000     5.79338   0.300E-05
      .65000     5.57094   0.300E-05
      .70000     5.35682   0.300E-05
      .75000     5.15040   0.300E-05
      .80000     4.95211   0.300E-05
      .85000     4.76524   0.300E-05
      .90000     4.59664   0.300E-05
      .92500     4.52296   0.300E-05
      .95000     4.45936   0.300E-05
      .97000     4.41968   0.300E-05
      .99000     4.38922   0.300E-05
      .99500     4.38319   0.300E-05
      .99900     4.37881   0.300E-05
      .99950     4.37810   0.300E-05
      .99990     4.37716   0.300E-05
      .99995     4.37697   0.300E-05
      .99999     4.37699   0.300E-05
     1.00000     4.37765   0.300E-05

      .00000     8.74202   0.400E-05
      .05000     8.72020   0.400E-05
      .10000     8.56599   0.400E-05
      .15000     8.32472   0.400E-05
      .20000     8.03232   0.400E-05
      .25000     7.72428   0.400E-05
      .30000     7.41170   0.400E-05
      .35000     7.10261   0.400E-05
      .40000     6.80499   0.400E-05
      .45000     6.51895   0.400E-05
      .50000     6.24239   0.400E-05
      .55000     5.97550   0.400E-05
      .60000     5.71726   0.400E-05
      .65000     5.46776   0.400E-05
      .70000     5.22636   0.400E-05
      .75000     4.99133   0.400E-05
      .80000     4.76196   0.400E-05
      .85000     4.54089   0.400E-05
      .90000     4.33297   0.400E-05
      .92500     4.23770   0.400E-05
      .95000     4.15526   0.400E-05
      .97000     4.10489   0.400E-05
      .99000     4.06901   0.400E-05
      .99500     4.06224   0.400E-05
      .99900     4.05745   0.400E-05
      .99950     4.05681   0.400E-05
      .99990     4.05616   0.400E-05
      .99995     4.05603   0.400E-05
      .99999     4.05603   0.400E-05
     1.00000     4.05632   0.400E-05

      .00000     9.10193   0.500E-05
      .05000     9.05204   0.500E-05
      .10000     8.85109   0.500E-05
      .15000     8.55503   0.500E-05
      .20000     8.20744   0.500E-05
      .25000     7.85023   0.500E-05
      .30000     7.49534   0.500E-05
      .35000     7.15035   0.500E-05
      .40000     6.82256   0.500E-05
      .45000     6.51074   0.500E-05
      .50000     6.21142   0.500E-05
      .55000     5.92365   0.500E-05
      .60000     5.64569   0.500E-05
      .65000     5.37683   0.500E-05
      .70000     5.11594   0.500E-05
      .75000     4.86056   0.500E-05
      .80000     4.60914   0.500E-05
      .85000     4.36330   0.500E-05
      .90000     4.12566   0.500E-05
      .92500     4.01332   0.500E-05
      .95000     3.91512   0.500E-05
      .97000     3.85467   0.500E-05
      .99000     3.81234   0.500E-05
      .99500     3.80439   0.500E-05
      .99900     3.79875   0.500E-05
      .99950     3.79807   0.500E-05
      .99990     3.79746   0.500E-05
      .99995     3.79734   0.500E-05
      .99999     3.79733   0.500E-05
     1.00000     3.79749   0.500E-05

      .00000     9.39713   0.600E-05
      .05000     9.31956   0.600E-05
      .10000     9.07598   0.600E-05
      .15000     8.73204   0.600E-05
      .20000     8.33774   0.600E-05
      .25000     7.94008   0.600E-05
      .30000     7.55132   0.600E-05
      .35000     7.17813   0.600E-05
      .40000     6.82680   0.600E-05
      .45000     6.49492   0.600E-05
      .50000     6.17803   0.600E-05
      .55000     5.87407   0.600E-05
      .60000     5.58101   0.600E-05
      .65000     5.29743   0.600E-05
      .70000     5.02181   0.600E-05
      .75000     4.75115   0.600E-05
      .80000     4.48321   0.600E-05
      .85000     4.21858   0.600E-05
      .90000     3.95771   0.600E-05
      .92500     3.83162   0.600E-05
      .95000     3.72010   0.600E-05
      .97000     3.65024   0.600E-05
      .99000     3.60096   0.600E-05
      .99500     3.59155   0.600E-05
      .99900     3.58481   0.600E-05
      .99950     3.58398   0.600E-05
      .99990     3.58328   0.600E-05
      .99995     3.58315   0.600E-05
      .99999     3.58313   0.600E-05
     1.00000     3.58329   0.600E-05

      .00000     9.86586   0.800E-05
      .05000     9.73415   0.800E-05
      .10000     9.41477   0.800E-05
      .15000     8.99027   0.800E-05
      .20000     8.52058   0.800E-05
      .25000     8.05990   0.800E-05
      .30000     7.61995   0.800E-05
      .35000     7.20504   0.800E-05
      .40000     6.81878   0.800E-05
      .45000     6.45705   0.800E-05
      .50000     6.11402   0.800E-05
      .55000     5.78596   0.800E-05
      .60000     5.47098   0.800E-05
      .65000     5.16620   0.800E-05
      .70000     4.86961   0.800E-05
      .75000     4.57745   0.800E-05
      .80000     4.28637   0.800E-05
      .85000     3.99508   0.800E-05
      .90000     3.70020   0.800E-05
      .92500     3.55329   0.800E-05
      .95000     3.42033   0.800E-05
      .97000     3.33370   0.800E-05
      .99000     3.27017   0.800E-05
      .99500     3.25747   0.800E-05
      .99900     3.24815   0.800E-05
      .99950     3.24697   0.800E-05
      .99990     3.24591   0.800E-05
      .99995     3.24572   0.800E-05
      .99999     3.24570   0.800E-05
     1.00000     3.24597   0.800E-05

      .00000    10.23118   0.100E-04
      .05000    10.04721   0.100E-04
      .10000     9.66171   0.100E-04
      .15000     9.17130   0.100E-04
      .20000     8.64275   0.100E-04
      .25000     8.13477   0.100E-04
      .30000     7.65757   0.100E-04
      .35000     7.21291   0.100E-04
      .40000     6.80172   0.100E-04
      .45000     6.41807   0.100E-04
      .50000     6.05615   0.100E-04
      .55000     5.71071   0.100E-04
      .60000     5.38035   0.100E-04
      .65000     5.06091   0.100E-04
      .70000     4.75001   0.100E-04
      .75000     4.44337   0.100E-04
      .80000     4.13678   0.100E-04
      .85000     3.82748   0.100E-04
      .90000     3.50903   0.100E-04
      .92500     3.34714   0.100E-04
      .95000     3.19767   0.100E-04
      .97000     3.09674   0.100E-04
      .99000     3.01950   0.100E-04
      .99500     3.00339   0.100E-04
      .99900     2.99131   0.100E-04
      .99950     2.98976   0.100E-04
      .99990     2.98837   0.100E-04
      .99995     2.98811   0.100E-04
      .99999     2.98808   0.100E-04
     1.00000     2.98840   0.100E-04

      .00000    10.89212   0.150E-04
      .05000    10.58656   0.150E-04
      .10000    10.06492   0.150E-04
      .15000     9.44994   0.150E-04
      .20000     8.81683   0.150E-04
      .25000     8.22855   0.150E-04
      .30000     7.69032   0.150E-04
      .35000     7.19761   0.150E-04
      .40000     6.74617   0.150E-04
      .45000     6.32547   0.150E-04
      .50000     5.93293   0.150E-04
      .55000     5.55904   0.150E-04
      .60000     5.20473   0.150E-04
      .65000     4.86300   0.150E-04
      .70000     4.53065   0.150E-04
      .75000     4.20234   0.150E-04
      .80000     3.87260   0.150E-04
      .85000     3.53680   0.150E-04
      .90000     3.18337   0.150E-04
      .92500     2.99798   0.150E-04
      .95000     2.82013   0.150E-04
      .97000     2.69174   0.150E-04
      .99000     2.58448   0.150E-04
      .99500     2.56030   0.150E-04
      .99900     2.54152   0.150E-04
      .99950     2.53922   0.150E-04
      .99990     2.53761   0.150E-04
      .99995     2.53738   0.150E-04
      .99999     2.53724   0.150E-04
     1.00000     2.53696   0.150E-04

      .00000    11.35382   0.200E-04
      .05000    10.93852   0.200E-04
      .10000    10.30824   0.200E-04
      .15000     9.60371   0.200E-04
      .20000     8.90097   0.200E-04
      .25000     8.26129   0.200E-04
      .30000     7.68561   0.200E-04
      .35000     7.16403   0.200E-04
      .40000     6.68658   0.200E-04
      .45000     6.24338   0.200E-04
      .50000     5.83194   0.200E-04
      .55000     5.44062   0.200E-04
      .60000     5.07232   0.200E-04
      .65000     4.71835   0.200E-04
      .70000     4.37439   0.200E-04
      .75000     4.03415   0.200E-04
      .80000     3.69152   0.200E-04
      .85000     3.34185   0.200E-04
      .90000     2.97048   0.200E-04
      .92500     2.77184   0.200E-04
      .95000     2.57587   0.200E-04
      .97000     2.42777   0.200E-04
      .99000     2.29625   0.200E-04
      .99500     2.26515   0.200E-04
      .99900     2.24053   0.200E-04
      .99950     2.23775   0.200E-04
      .99990     2.23649   0.200E-04
      .99995     2.23641   0.200E-04
      .99999     2.23611   0.200E-04
     1.00000     2.23465   0.200E-04

      .00000    12.16897   0.300E-04
      .05000    11.31833   0.300E-04
      .10000    10.45745   0.300E-04
      .15000     9.67205   0.300E-04
      .20000     8.95118   0.300E-04
      .25000     8.28680   0.300E-04
      .30000     7.67418   0.300E-04
      .35000     7.10971   0.300E-04
      .40000     6.58292   0.300E-04
      .45000     6.09807   0.300E-04
      .50000     5.65561   0.300E-04
      .55000     5.24325   0.300E-04
      .60000     4.86044   0.300E-04
      .65000     4.49565   0.300E-04
      .70000     4.14291   0.300E-04
      .75000     3.79786   0.300E-04
      .80000     3.45219   0.300E-04
      .85000     3.08830   0.300E-04
      .90000     2.68996   0.300E-04
      .92500     2.47823   0.300E-04
      .95000     2.26347   0.300E-04
      .97000     2.09032   0.300E-04
      .99000     1.92014   0.300E-04
      .99500     1.88228   0.300E-04
      .99900     1.84745   0.300E-04
      .99950     1.84355   0.300E-04
      .99990     1.84283   0.300E-04
      .99995     1.84300   0.300E-04
      .99999     1.84254   0.300E-04
     1.00000     1.83939   0.300E-04

      .00000    12.55323   0.400E-04
      .05000    11.58406   0.400E-04
      .10000    10.61661   0.400E-04
      .15000     9.74776   0.400E-04
      .20000     8.96118   0.400E-04
      .25000     8.24551   0.400E-04
      .30000     7.59327   0.400E-04
      .35000     6.99916   0.400E-04
      .40000     6.45091   0.400E-04
      .45000     5.95214   0.400E-04
      .50000     5.50384   0.400E-04
      .55000     5.08755   0.400E-04
      .60000     4.70084   0.400E-04
      .65000     4.33429   0.400E-04
      .70000     3.97818   0.400E-04
      .75000     3.62820   0.400E-04
      .80000     3.27626   0.400E-04
      .85000     2.90582   0.400E-04
      .90000     2.50060   0.400E-04
      .92500     2.28363   0.400E-04
      .95000     2.05929   0.400E-04
      .97000     1.87291   0.400E-04
      .99000     1.67954   0.400E-04
      .99500     1.63212   0.400E-04
      .99900     1.59199   0.400E-04
      .99950     1.58764   0.400E-04
      .99990     1.58595   0.400E-04
      .99995     1.58599   0.400E-04
      .99999     1.58535   0.400E-04
     1.00000     1.58251   0.400E-04

      .00000    12.82589   0.500E-04
      .05000    11.75876   0.500E-04
      .10000    10.70709   0.500E-04
      .15000     9.77401   0.500E-04
      .20000     8.93773   0.500E-04
      .25000     8.18472   0.500E-04
      .30000     7.50453   0.500E-04
      .35000     6.88811   0.500E-04
      .40000     6.32642   0.500E-04
      .45000     5.81994   0.500E-04
      .50000     5.36971   0.500E-04
      .55000     4.95264   0.500E-04
      .60000     4.56390   0.500E-04
      .65000     4.19825   0.500E-04
      .70000     3.84180   0.500E-04
      .75000     3.49029   0.500E-04
      .80000     3.13606   0.500E-04
      .85000     2.76364   0.500E-04
      .90000     2.35708   0.500E-04
      .92500     2.13852   0.500E-04
      .95000     1.90975   0.500E-04
      .97000     1.71586   0.500E-04
      .99000     1.50655   0.500E-04
      .99500     1.45201   0.500E-04
      .99900     1.40830   0.500E-04
      .99950     1.40342   0.500E-04
      .99990     1.40017   0.500E-04
      .99995     1.39989   0.500E-04
      .99999     1.39922   0.500E-04
     1.00000     1.39767   0.500E-04

      .00000    13.02596   0.600E-04
      .05000    11.86302   0.600E-04
      .10000    10.73805   0.600E-04
      .15000     9.75498   0.600E-04
      .20000     8.88451   0.600E-04
      .25000     8.11016   0.600E-04
      .30000     7.41765   0.600E-04
      .35000     6.79143   0.600E-04
      .40000     6.22501   0.600E-04
      .45000     5.71864   0.600E-04
      .50000     5.26873   0.600E-04
      .55000     4.85040   0.600E-04
      .60000     4.45570   0.600E-04
      .65000     4.08343   0.600E-04
      .70000     3.71879   0.600E-04
      .75000     3.35979   0.600E-04
      .80000     3.00222   0.600E-04
      .85000     2.63492   0.600E-04
      .90000     2.24241   0.600E-04
      .92500     2.02939   0.600E-04
      .95000     1.79707   0.600E-04
      .97000     1.59279   0.600E-04
      .99000     1.37281   0.600E-04
      .99500     1.31479   0.600E-04
      .99900     1.26799   0.600E-04
      .99950     1.26228   0.600E-04
      .99990     1.25745   0.600E-04
      .99995     1.25687   0.600E-04
      .99999     1.25632   0.600E-04
     1.00000     1.25628   0.600E-04

      .00000    13.38781   0.800E-04
      .05000    12.02856   0.800E-04
      .10000    10.76702   0.800E-04
      .15000     9.69582   0.800E-04
      .20000     8.76934   0.800E-04
      .25000     7.96200   0.800E-04
      .30000     7.25165   0.800E-04
      .35000     6.61275   0.800E-04
      .40000     6.03550   0.800E-04
      .45000     5.52753   0.800E-04
      .50000     5.07395   0.800E-04
      .55000     4.65186   0.800E-04
      .60000     4.25148   0.800E-04
      .65000     3.87767   0.800E-04
      .70000     3.51587   0.800E-04
      .75000     3.16048   0.800E-04
      .80000     2.80754   0.800E-04
      .85000     2.44660   0.800E-04
      .90000     2.06203   0.800E-04
      .92500     1.85237   0.800E-04
      .95000     1.62073   0.800E-04
      .97000     1.41220   0.800E-04
      .99000     1.17684   0.800E-04
      .99500     1.11377   0.800E-04
      .99900     1.06323   0.800E-04
      .99950     1.05649   0.800E-04
      .99990     1.04958   0.800E-04
      .99995     1.04857   0.800E-04
      .99999     1.04810   0.800E-04
     1.00000     1.05013   0.800E-04

      .00000    13.68067   0.100E-03
      .05000    12.14743   0.100E-03
      .10000    10.77523   0.100E-03
      .15000     9.63402   0.100E-03
      .20000     8.66563   0.100E-03
      .25000     7.83291   0.100E-03
      .30000     7.10672   0.100E-03
      .35000     6.46037   0.100E-03
      .40000     5.87754   0.100E-03
      .45000     5.36828   0.100E-03
      .50000     4.91259   0.100E-03
      .55000     4.48779   0.100E-03
      .60000     4.08385   0.100E-03
      .65000     3.70742   0.100E-03
      .70000     3.34959   0.100E-03
      .75000     2.99897   0.100E-03
      .80000     2.65174   0.100E-03
      .85000     2.29831   0.100E-03
      .90000     1.92316   0.100E-03
      .92500     1.71802   0.100E-03
      .95000     1.48909   0.100E-03
      .97000     1.27963   0.100E-03
      .99000     1.03658   0.100E-03
      .99500      .97077   0.100E-03
      .99900      .91807   0.100E-03
      .99950      .91090   0.100E-03
      .99990      .90333   0.100E-03
      .99995      .90219   0.100E-03
      .99999      .90172   0.100E-03
     1.00000      .90428   0.100E-03

      .00000    14.29646   0.150E-03
      .05000    12.37570   0.150E-03
      .10000    10.78694   0.150E-03
      .15000     9.51101   0.150E-03
      .20000     8.46521   0.150E-03
      .25000     7.58646   0.150E-03
      .30000     6.82716   0.150E-03
      .35000     6.16416   0.150E-03
      .40000     5.58178   0.150E-03
      .45000     5.06884   0.150E-03
      .50000     4.60734   0.150E-03
      .55000     4.17646   0.150E-03
      .60000     3.76667   0.150E-03
      .65000     3.38241   0.150E-03
      .70000     3.03130   0.150E-03
      .75000     2.69302   0.150E-03
      .80000     2.36034   0.150E-03
      .85000     2.02570   0.150E-03
      .90000     1.67404   0.150E-03
      .92500     1.48056   0.150E-03
      .95000     1.26022   0.150E-03
      .97000     1.05376   0.150E-03
      .99000      .80747   0.150E-03
      .99500      .73972   0.150E-03
      .99900      .68510   0.150E-03
      .99950      .67813   0.150E-03
      .99990      .67194   0.150E-03
      .99995      .67115   0.150E-03
      .99999      .67052   0.150E-03
     1.00000      .67110   0.150E-03

      .00000    14.83944   0.200E-03
      .05000    12.54255   0.200E-03
      .10000    10.79691   0.200E-03
      .15000     9.44389   0.200E-03
      .20000     8.35232   0.200E-03
      .25000     7.43987   0.200E-03
      .30000     6.65554   0.200E-03
      .35000     5.97132   0.200E-03
      .40000     5.38114   0.200E-03
      .45000     4.86258   0.200E-03
      .50000     4.39140   0.200E-03
      .55000     3.95156   0.200E-03
      .60000     3.53775   0.200E-03
      .65000     3.15315   0.200E-03
      .70000     2.80650   0.200E-03
      .75000     2.48131   0.200E-03
      .80000     2.15851   0.200E-03
      .85000     1.83694   0.200E-03
      .90000     1.50467   0.200E-03
      .92500     1.32139   0.200E-03
      .95000     1.10979   0.200E-03
      .97000      .90937   0.200E-03
      .99000      .66851   0.200E-03
      .99500      .60142   0.200E-03
      .99900      .54697   0.200E-03
      .99950      .54020   0.200E-03
      .99990      .53597   0.200E-03
      .99995      .53557   0.200E-03
      .99999      .53496   0.200E-03
     1.00000      .53336   0.200E-03

      .00000    15.86114   0.300E-03
      .05000    12.91874   0.300E-03
      .10000    10.92739   0.300E-03
      .15000     9.44197   0.300E-03
      .20000     8.25980   0.300E-03
      .25000     7.27883   0.300E-03
      .30000     6.46540   0.300E-03
      .35000     5.76875   0.300E-03
      .40000     5.16266   0.300E-03
      .45000     4.62935   0.300E-03
      .50000     4.14628   0.300E-03
      .55000     3.70003   0.300E-03
      .60000     3.28320   0.300E-03
      .65000     2.89384   0.300E-03
      .70000     2.53664   0.300E-03
      .75000     2.21580   0.300E-03
      .80000     1.90752   0.300E-03
      .85000     1.60181   0.300E-03
      .90000     1.29408   0.300E-03
      .92500     1.12946   0.300E-03
      .95000      .93437   0.300E-03
      .97000      .74432   0.300E-03
      .99000      .51349   0.300E-03
      .99500      .45001   0.300E-03
      .99900      .39751   0.300E-03
      .99950      .39078   0.300E-03
      .99990      .38631   0.300E-03
      .99995      .38580   0.300E-03
      .99999      .38524   0.300E-03
     1.00000      .38423   0.300E-03

      .00000    16.76633   0.400E-03
      .05000    13.30378   0.400E-03
      .10000    11.14277   0.400E-03
      .15000     9.54991   0.400E-03
      .20000     8.30016   0.400E-03
      .25000     7.26015   0.400E-03
      .30000     6.41185   0.400E-03
      .35000     5.70122   0.400E-03
      .40000     5.08300   0.400E-03
      .45000     4.53626   0.400E-03
      .50000     4.04380   0.400E-03
      .55000     3.59206   0.400E-03
      .60000     3.17055   0.400E-03
      .65000     2.77431   0.400E-03
      .70000     2.40594   0.400E-03
      .75000     2.07321   0.400E-03
      .80000     1.77219   0.400E-03
      .85000     1.47527   0.400E-03
      .90000     1.17917   0.400E-03
      .92500     1.02404   0.400E-03
      .95000      .83930   0.400E-03
      .97000      .65728   0.400E-03
      .99000      .43323   0.400E-03
      .99500      .37162   0.400E-03
      .99900      .32063   0.400E-03
      .99950      .31381   0.400E-03
      .99990      .30862   0.400E-03
      .99995      .30791   0.400E-03
      .99999      .30747   0.400E-03
     1.00000      .30753   0.400E-03

      .00000    17.58179   0.500E-03
      .05000    13.68588   0.500E-03
      .10000    11.39709   0.500E-03
      .15000     9.70690   0.500E-03
      .20000     8.40065   0.500E-03
      .25000     7.31937   0.500E-03
      .30000     6.44043   0.500E-03
      .35000     5.71181   0.500E-03
      .40000     5.08121   0.500E-03
      .45000     4.52194   0.500E-03
      .50000     4.01858   0.500E-03
      .55000     3.55855   0.500E-03
      .60000     3.13022   0.500E-03
      .65000     2.72720   0.500E-03
      .70000     2.35025   0.500E-03
      .75000     2.00503   0.500E-03
      .80000     1.69892   0.500E-03
      .85000     1.40551   0.500E-03
      .90000     1.11496   0.500E-03
      .92500      .96425   0.500E-03
      .95000      .78436   0.500E-03
      .97000      .60622   0.500E-03
      .99000      .38574   0.500E-03
      .99500      .32511   0.500E-03
      .99900      .27486   0.500E-03
      .99950      .26807   0.500E-03
      .99990      .26277   0.500E-03
      .99995      .26203   0.500E-03
      .99999      .26162   0.500E-03
     1.00000      .26182   0.500E-03

      .00000    18.31482   0.600E-03
      .05000    14.04897   0.600E-03
      .10000    11.65825   0.600E-03
      .15000     9.88074   0.600E-03
      .20000     8.52309   0.600E-03
      .25000     7.41558   0.600E-03
      .30000     6.51464   0.600E-03
      .35000     5.76790   0.600E-03
      .40000     5.12337   0.600E-03
      .45000     4.55195   0.600E-03
      .50000     4.03757   0.600E-03
      .55000     3.56815   0.600E-03
      .60000     3.13216   0.600E-03
      .65000     2.72241   0.600E-03
      .70000     2.33788   0.600E-03
      .75000     1.98145   0.600E-03
      .80000     1.66257   0.600E-03
      .85000     1.36928   0.600E-03
      .90000     1.08046   0.600E-03
      .92500      .93120   0.600E-03
      .95000      .75279   0.600E-03
      .97000      .57569   0.600E-03
      .99000      .35604   0.600E-03
      .99500      .29560   0.600E-03
      .99900      .24543   0.600E-03
      .99950      .23869   0.600E-03
      .99990      .23347   0.600E-03
      .99995      .23275   0.600E-03
      .99999      .23234   0.600E-03
     1.00000      .23238   0.600E-03

      .00000    19.55463   0.800E-03
      .05000    14.69712   0.800E-03
      .10000    12.14785   0.800E-03
      .15000    10.23383   0.800E-03
      .20000     8.79219   0.800E-03
      .25000     7.65241   0.800E-03
      .30000     6.72572   0.800E-03
      .35000     5.95095   0.800E-03
      .40000     5.27960   0.800E-03
      .45000     4.68458   0.800E-03
      .50000     4.14943   0.800E-03
      .55000     3.66180   0.800E-03
      .60000     3.21035   0.800E-03
      .65000     2.78693   0.800E-03
      .70000     2.38779   0.800E-03
      .75000     2.01150   0.800E-03
      .80000     1.66383   0.800E-03
      .85000     1.35560   0.800E-03
      .90000     1.06279   0.800E-03
      .92500      .91172   0.800E-03
      .95000      .73061   0.800E-03
      .97000      .55015   0.800E-03
      .99000      .32559   0.800E-03
      .99500      .26368   0.800E-03
      .99900      .21218   0.800E-03
      .99950      .20532   0.800E-03
      .99990      .20019   0.800E-03
      .99995      .19951   0.800E-03
      .99999      .19905   0.800E-03
     1.00000      .19881   0.800E-03

      .00000    20.55115   0.100E-02
      .05000    15.24844   0.100E-02
      .10000    12.57705   0.100E-02
      .15000    10.56771   0.100E-02
      .20000     9.07425   0.100E-02
      .25000     7.91178   0.100E-02
      .30000     6.96942   0.100E-02
      .35000     6.17514   0.100E-02
      .40000     5.48158   0.100E-02
      .45000     4.86515   0.100E-02
      .50000     4.31118   0.100E-02
      .55000     3.80718   0.100E-02
      .60000     3.34116   0.100E-02
      .65000     2.90405   0.100E-02
      .70000     2.49027   0.100E-02
      .75000     2.09539   0.100E-02
      .80000     1.72170   0.100E-02
      .85000     1.38516   0.100E-02
      .90000     1.08253   0.100E-02
      .92500      .92627   0.100E-02
      .95000      .73822   0.100E-02
      .97000      .54998   0.100E-02
      .99000      .31484   0.100E-02
      .99500      .24989   0.100E-02
      .99900      .19578   0.100E-02
      .99950      .18862   0.100E-02
      .99990      .18336   0.100E-02
      .99995      .18269   0.100E-02
      .99999      .18217   0.100E-02
     1.00000      .18187   0.100E-02

      .00000    22.33345   0.150E-02
      .05000    16.30057   0.150E-02
      .10000    13.43114   0.150E-02
      .15000    11.28857   0.150E-02
      .20000     9.76589   0.150E-02
      .25000     8.56208   0.150E-02
      .30000     7.58162   0.150E-02
      .35000     6.74630   0.150E-02
      .40000     6.01103   0.150E-02
      .45000     5.35409   0.150E-02
      .50000     4.76246   0.150E-02
      .55000     4.22391   0.150E-02
      .60000     3.72573   0.150E-02
      .65000     3.25740   0.150E-02
      .70000     2.81071   0.150E-02
      .75000     2.37660   0.150E-02
      .80000     1.95182   0.150E-02
      .85000     1.54677   0.150E-02
      .90000     1.19193   0.150E-02
      .92500     1.01637   0.150E-02
      .95000      .80287   0.150E-02
      .97000      .58741   0.150E-02
      .99000      .31716   0.150E-02
      .99500      .24246   0.150E-02
      .99900      .18029   0.150E-02
      .99950      .17207   0.150E-02
      .99990      .16602   0.150E-02
      .99995      .16526   0.150E-02
      .99999      .16469   0.150E-02
     1.00000      .16449   0.150E-02

      .00000    23.49261   0.200E-02
      .05000    17.02875   0.200E-02
      .10000    14.07649   0.200E-02
      .15000    11.89844   0.200E-02
      .20000    10.38105   0.200E-02
      .25000     9.15027   0.200E-02
      .30000     8.13424   0.200E-02
      .35000     7.26332   0.200E-02
      .40000     6.49856   0.200E-02
      .45000     5.81580   0.200E-02
      .50000     5.19830   0.200E-02
      .55000     4.63269   0.200E-02
      .60000     4.10827   0.200E-02
      .65000     3.61479   0.200E-02
      .70000     3.14147   0.200E-02
      .75000     2.67523   0.200E-02
      .80000     2.21048   0.200E-02
      .85000     1.75841   0.200E-02
      .90000     1.33626   0.200E-02
      .92500     1.13107   0.200E-02
      .95000      .88535   0.200E-02
      .97000      .64028   0.200E-02
      .99000      .33356   0.200E-02
      .99500      .24904   0.200E-02
      .99900      .17760   0.200E-02
      .99950      .16785   0.200E-02
      .99990      .16064   0.200E-02
      .99995      .15986   0.200E-02
      .99999      .15898   0.200E-02
     1.00000      .15880   0.200E-02

      .00000    24.86682   0.300E-02
      .05000    17.98862   0.300E-02
      .10000    15.02930   0.300E-02
      .15000    12.89285   0.300E-02
      .20000    11.34964   0.300E-02
      .25000    10.08609   0.300E-02
      .30000     9.03664   0.300E-02
      .35000     8.13260   0.300E-02
      .40000     7.33263   0.300E-02
      .45000     6.61344   0.300E-02
      .50000     5.96002   0.300E-02
      .55000     5.35854   0.300E-02
      .60000     4.79538   0.300E-02
      .65000     4.25932   0.300E-02
      .70000     3.74225   0.300E-02
      .75000     3.23481   0.300E-02
      .80000     2.72668   0.300E-02
      .85000     2.20638   0.300E-02
      .90000     1.65910   0.300E-02
      .92500     1.36987   0.300E-02
      .95000     1.05455   0.300E-02
      .97000      .74877   0.300E-02
      .99000      .37934   0.300E-02
      .99500      .27549   0.300E-02
      .99900      .18395   0.300E-02
      .99950      .17053   0.300E-02
      .99990      .15936   0.300E-02
      .99995      .15790   0.300E-02
      .99999      .15626   0.300E-02
     1.00000      .15451   0.300E-02

      .00000    25.73465   0.400E-02
      .05000    18.51350   0.400E-02
      .10000    15.62937   0.400E-02
      .15000    13.61366   0.400E-02
      .20000    12.09515   0.400E-02
      .25000    10.82844   0.400E-02
      .30000     9.75743   0.400E-02
      .35000     8.82488   0.400E-02
      .40000     7.99640   0.400E-02
      .45000     7.25087   0.400E-02
      .50000     6.57357   0.400E-02
      .55000     5.95043   0.400E-02
      .60000     5.36704   0.400E-02
      .65000     4.81087   0.400E-02
      .70000     4.27180   0.400E-02
      .75000     3.73707   0.400E-02
      .80000     3.19117   0.400E-02
      .85000     2.61329   0.400E-02
      .90000     1.97157   0.400E-02
      .92500     1.61156   0.400E-02
      .95000     1.22006   0.400E-02
      .97000      .86032   0.400E-02
      .99000      .42873   0.400E-02
      .99500      .30687   0.400E-02
      .99900      .19571   0.400E-02
      .99950      .17792   0.400E-02
      .99990      .16101   0.400E-02
      .99995      .15850   0.400E-02
      .99999      .15627   0.400E-02
     1.00000      .15248   0.400E-02

      .00000    26.30757   0.500E-02
      .05000    18.83856   0.500E-02
      .10000    16.07104   0.500E-02
      .15000    14.15446   0.500E-02
      .20000    12.66530   0.500E-02
      .25000    11.40371   0.500E-02
      .30000    10.32377   0.500E-02
      .35000     9.37603   0.500E-02
      .40000     8.53192   0.500E-02
      .45000     7.77186   0.500E-02
      .50000     7.08145   0.500E-02
      .55000     6.44632   0.500E-02
      .60000     5.85135   0.500E-02
      .65000     5.28282   0.500E-02
      .70000     4.72911   0.500E-02
      .75000     4.17481   0.500E-02
      .80000     3.60025   0.500E-02
      .85000     2.97737   0.500E-02
      .90000     2.26085   0.500E-02
      .92500     1.84410   0.500E-02
      .95000     1.37448   0.500E-02
      .97000      .96687   0.500E-02
      .99000      .47974   0.500E-02
      .99500      .34048   0.500E-02
      .99900      .20903   0.500E-02
      .99950      .18644   0.500E-02
      .99990      .16293   0.500E-02
      .99995      .15911   0.500E-02
      .99999      .15605   0.500E-02
     1.00000      .15128   0.500E-02

      .00000    26.63371   0.600E-02
      .05000    19.03152   0.600E-02
      .10000    16.43309   0.600E-02
      .15000    14.60337   0.600E-02
      .20000    13.14489   0.600E-02
      .25000    11.88395   0.600E-02
      .30000    10.78936   0.600E-02
      .35000     9.82249   0.600E-02
      .40000     8.96397   0.600E-02
      .45000     8.19537   0.600E-02
      .50000     7.50097   0.600E-02
      .55000     6.86459   0.600E-02
      .60000     6.26844   0.600E-02
      .65000     5.69685   0.600E-02
      .70000     5.13790   0.600E-02
      .75000     4.57548   0.600E-02
      .80000     3.98392   0.600E-02
      .85000     3.31741   0.600E-02
      .90000     2.51643   0.600E-02
      .92500     2.04375   0.600E-02
      .95000     1.51473   0.600E-02
      .97000     1.06791   0.600E-02
      .99000      .53803   0.600E-02
      .99500      .37645   0.600E-02
      .99900      .22177   0.600E-02
      .99950      .19473   0.600E-02
      .99990      .16534   0.600E-02
      .99995      .15994   0.600E-02
      .99999      .15457   0.600E-02
     1.00000      .15049   0.600E-02

      .00000    27.21149   0.800E-02
      .05000    19.28191   0.800E-02
      .10000    16.91005   0.800E-02
      .15000    15.17745   0.800E-02
      .20000    13.78182   0.800E-02
      .25000    12.55994   0.800E-02
      .30000    11.48966   0.800E-02
      .35000    10.53562   0.800E-02
      .40000     9.68189   0.800E-02
      .45000     8.91212   0.800E-02
      .50000     8.21246   0.800E-02
      .55000     7.56808   0.800E-02
      .60000     6.96210   0.800E-02
      .65000     6.37892   0.800E-02
      .70000     5.80545   0.800E-02
      .75000     5.22317   0.800E-02
      .80000     4.60143   0.800E-02
      .85000     3.88370   0.800E-02
      .90000     2.99141   0.800E-02
      .92500     2.44665   0.800E-02
      .95000     1.81464   0.800E-02
      .97000     1.26116   0.800E-02
      .99000      .63905   0.800E-02
      .99500      .44387   0.800E-02
      .99900      .24808   0.800E-02
      .99950      .21156   0.800E-02
      .99990      .16945   0.800E-02
      .99995      .16133   0.800E-02
      .99999      .15349   0.800E-02
     1.00000      .14954   0.800E-02

      .00000    27.53784   0.100E-01
      .05000    19.44083   0.100E-01
      .10000    17.26323   0.100E-01
      .15000    15.60866   0.100E-01
      .20000    14.25866   0.100E-01
      .25000    13.06153   0.100E-01
      .30000    12.00333   0.100E-01
      .35000    11.05531   0.100E-01
      .40000    10.20693   0.100E-01
      .45000     9.44306   0.100E-01
      .50000     8.74976   0.100E-01
      .55000     8.11168   0.100E-01
      .60000     7.51068   0.100E-01
      .65000     6.92925   0.100E-01
      .70000     6.35167   0.100E-01
      .75000     5.75468   0.100E-01
      .80000     5.10613   0.100E-01
      .85000     4.35694   0.100E-01
      .90000     3.42009   0.100E-01
      .92500     2.82969   0.100E-01
      .95000     2.11159   0.100E-01
      .97000     1.44280   0.100E-01
      .99000      .72589   0.100E-01
      .99500      .50682   0.100E-01
      .99900      .27485   0.100E-01
      .99950      .22819   0.100E-01
      .99990      .17255   0.100E-01
      .99995      .16210   0.100E-01
      .99999      .15360   0.100E-01
     1.00000      .14898   0.100E-01

      .00000    27.92067   0.150E-01
      .05000    19.67194   0.150E-01
      .10000    17.78250   0.150E-01
      .15000    16.26624   0.150E-01
      .20000    14.99044   0.150E-01
      .25000    13.84665   0.150E-01
      .30000    12.83009   0.150E-01
      .35000    11.92004   0.150E-01
      .40000    11.10996   0.150E-01
      .45000    10.38271   0.150E-01
      .50000     9.71924   0.150E-01
      .55000     9.10234   0.150E-01
      .60000     8.51718   0.150E-01
      .65000     7.94765   0.150E-01
      .70000     7.37510   0.150E-01
      .75000     6.76985   0.150E-01
      .80000     6.09480   0.150E-01
      .85000     5.30149   0.150E-01
      .90000     4.27785   0.150E-01
      .92500     3.60310   0.150E-01
      .95000     2.74697   0.150E-01
      .97000     1.89676   0.150E-01
      .99000      .93650   0.150E-01
      .99500      .65089   0.150E-01
      .99900      .33008   0.150E-01
      .99950      .26293   0.150E-01
      .99990      .18199   0.150E-01
      .99995      .16624   0.150E-01
      .99999      .15183   0.150E-01
     1.00000      .14821   0.150E-01

      .00000    28.11548   0.200E-01
      .05000    19.74965   0.200E-01
      .10000    18.02061   0.200E-01
      .15000    16.62415   0.200E-01
      .20000    15.43171   0.200E-01
      .25000    14.34872   0.200E-01
      .30000    13.37368   0.200E-01
      .35000    12.49210   0.200E-01
      .40000    11.70147   0.200E-01
      .45000    10.99028   0.200E-01
      .50000    10.34578   0.200E-01
      .55000     9.75310   0.200E-01
      .60000     9.19301   0.200E-01
      .65000     8.64604   0.200E-01
      .70000     8.09377   0.200E-01
      .75000     7.50654   0.200E-01
      .80000     6.84171   0.200E-01
      .85000     6.03226   0.200E-01
      .90000     4.94970   0.200E-01
      .92500     4.22365   0.200E-01
      .95000     3.28207   0.200E-01
      .97000     2.30938   0.200E-01
      .99000     1.12581   0.200E-01
      .99500      .77565   0.200E-01
      .99900      .37611   0.200E-01
      .99950      .29242   0.200E-01
      .99990      .19102   0.200E-01
      .99995      .17080   0.200E-01
      .99999      .15101   0.200E-01
     1.00000      .14780   0.200E-01

      .00000    28.32518   0.300E-01
      .05000    19.82677   0.300E-01
      .10000    18.28761   0.300E-01
      .15000    17.01770   0.300E-01
      .20000    15.91355   0.300E-01
      .25000    14.90612   0.300E-01
      .30000    13.99500   0.300E-01
      .35000    13.16988   0.300E-01
      .40000    12.42912   0.300E-01
      .45000    11.76338   0.300E-01
      .50000    11.16170   0.300E-01
      .55000    10.61059   0.300E-01
      .60000    10.09185   0.300E-01
      .65000     9.58624   0.300E-01
      .70000     9.07435   0.300E-01
      .75000     8.52380   0.300E-01
      .80000     7.88721   0.300E-01
      .85000     7.08889   0.300E-01
      .90000     5.97888   0.300E-01
      .92500     5.20679   0.300E-01
      .95000     4.16803   0.300E-01
      .97000     3.02793   0.300E-01
      .99000     1.44367   0.300E-01
      .99500      .98779   0.300E-01
      .99900      .45376   0.300E-01
      .99950      .34223   0.300E-01
      .99990      .20772   0.300E-01
      .99995      .18026   0.300E-01
      .99999      .15099   0.300E-01
     1.00000      .14738   0.300E-01

      .00000    28.40642   0.400E-01
      .05000    19.85237   0.400E-01
      .10000    18.42239   0.400E-01
      .15000    17.22627   0.400E-01
      .20000    16.17892   0.400E-01
      .25000    15.22367   0.400E-01
      .30000    14.35935   0.400E-01
      .35000    13.57672   0.400E-01
      .40000    12.87370   0.400E-01
      .45000    12.24236   0.400E-01
      .50000    11.67337   0.400E-01
      .55000    11.15479   0.400E-01
      .60000    10.67002   0.400E-01
      .65000    10.20079   0.400E-01
      .70000     9.72715   0.400E-01
      .75000     9.21504   0.400E-01
      .80000     8.61415   0.400E-01
      .85000     7.84404   0.400E-01
      .90000     6.74367   0.400E-01
      .92500     5.96031   0.400E-01
      .95000     4.88090   0.400E-01
      .97000     3.63957   0.400E-01
      .99000     1.74091   0.400E-01
      .99500     1.16245   0.400E-01
      .99900      .52102   0.400E-01
      .99950      .38606   0.400E-01
      .99990      .22250   0.400E-01
      .99995      .18882   0.400E-01
      .99999      .15246   0.400E-01
     1.00000      .14717   0.400E-01

      .00000    28.40434   0.500E-01
      .05000    19.86348   0.500E-01
      .10000    18.50447   0.500E-01
      .15000    17.35783   0.500E-01
      .20000    16.35008   0.500E-01
      .25000    15.43274   0.500E-01
      .30000    14.60332   0.500E-01
      .35000    13.85293   0.500E-01
      .40000    13.17852   0.500E-01
      .45000    12.57317   0.500E-01
      .50000    12.02897   0.500E-01
      .55000    11.53539   0.500E-01
      .60000    11.07761   0.500E-01
      .65000    10.63864   0.500E-01
      .70000    10.19905   0.500E-01
      .75000     9.72458   0.500E-01
      .80000     9.16345   0.500E-01
      .85000     8.43043   0.500E-01
      .90000     7.35382   0.500E-01
      .92500     6.56917   0.500E-01
      .95000     5.46467   0.500E-01
      .97000     4.15509   0.500E-01
      .99000     2.03422   0.500E-01
      .99500     1.32105   0.500E-01
      .99900      .57809   0.500E-01
      .99950      .42330   0.500E-01
      .99990      .23672   0.500E-01
      .99995      .19784   0.500E-01
      .99999      .15426   0.500E-01
     1.00000      .14704   0.500E-01

      .00000    28.35431   0.600E-01
      .05000    19.87141   0.600E-01
      .10000    18.56160   0.600E-01
      .15000    17.45042   0.600E-01
      .20000    16.47198   0.600E-01
      .25000    15.58332   0.600E-01
      .30000    14.78076   0.600E-01
      .35000    14.05506   0.600E-01
      .40000    13.40215   0.600E-01
      .45000    12.81595   0.600E-01
      .50000    12.28998   0.600E-01
      .55000    11.81549   0.600E-01
      .60000    11.37998   0.600E-01
      .65000    10.96831   0.600E-01
      .70000    10.56142   0.600E-01
      .75000    10.12443   0.600E-01
      .80000     9.60316   0.600E-01
      .85000     8.90585   0.600E-01
      .90000     7.85180   0.600E-01
      .92500     7.07034   0.600E-01
      .95000     5.95754   0.600E-01
      .97000     4.60992   0.600E-01
      .99000     2.31219   0.600E-01
      .99500     1.46765   0.600E-01
      .99900      .62960   0.600E-01
      .99950      .45849   0.600E-01
      .99990      .25024   0.600E-01
      .99995      .20577   0.600E-01
      .99999      .15647   0.600E-01
     1.00000      .14696   0.600E-01

      .00000    28.20488   0.800E-01
      .05000    19.88275   0.800E-01
      .10000    18.64055   0.800E-01
      .15000    17.57870   0.800E-01
      .20000    16.64024   0.800E-01
      .25000    15.79030   0.800E-01
      .30000    15.02441   0.800E-01
      .35000    14.33336   0.800E-01
      .40000    13.71248   0.800E-01
      .45000    13.15636   0.800E-01
      .50000    12.66002   0.800E-01
      .55000    12.21636   0.800E-01
      .60000    11.81496   0.800E-01
      .65000    11.44283   0.800E-01
      .70000    11.08298   0.800E-01
      .75000    10.70270   0.800E-01
      .80000    10.24852   0.800E-01
      .85000     9.62448   0.800E-01
      .90000     8.63833   0.800E-01
      .92500     7.87931   0.800E-01
      .95000     6.76332   0.800E-01
      .97000     5.36135   0.800E-01
      .99000     2.81003   0.800E-01
      .99500     1.76604   0.800E-01
      .99900      .72303   0.800E-01
      .99950      .51979   0.800E-01
      .99990      .27451   0.800E-01
      .99995      .22171   0.800E-01
      .99999      .16092   0.800E-01
     1.00000      .14685   0.800E-01

      .00000    28.06505   0.100E+00
      .05000    19.89423   0.100E+00
      .10000    18.69922   0.100E+00
      .15000    17.67043   0.100E+00
      .20000    16.75760   0.100E+00
      .25000    15.93178   0.100E+00
      .30000    15.18815   0.100E+00
      .35000    14.51873   0.100E+00
      .40000    13.91868   0.100E+00
      .45000    13.38356   0.100E+00
      .50000    12.90897   0.100E+00
      .55000    12.48878   0.100E+00
      .60000    12.11363   0.100E+00
      .65000    11.77188   0.100E+00
      .70000    11.44813   0.100E+00
      .75000    11.11158   0.100E+00
      .80000    10.71058   0.100E+00
      .85000    10.14963   0.100E+00
      .90000     9.23216   0.100E+00
      .92500     8.50304   0.100E+00
      .95000     7.40027   0.100E+00
      .97000     5.97343   0.100E+00
      .99000     3.24938   0.100E+00
      .99500     2.05812   0.100E+00
      .99900      .80771   0.100E+00
      .99950      .57513   0.100E+00
      .99990      .29644   0.100E+00
      .99995      .23632   0.100E+00
      .99999      .16543   0.100E+00
     1.00000      .14679   0.100E+00

      .00000    27.75345   0.150E+00
      .05000    19.91769   0.150E+00
      .10000    18.79771   0.150E+00
      .15000    17.81850   0.150E+00
      .20000    16.94214   0.150E+00
      .25000    16.14859   0.150E+00
      .30000    15.43421   0.150E+00
      .35000    14.79364   0.150E+00
      .40000    14.22401   0.150E+00
      .45000    13.72181   0.150E+00
      .50000    13.28345   0.150E+00
      .55000    12.90372   0.150E+00
      .60000    12.57431   0.150E+00
      .65000    12.28504   0.150E+00
      .70000    12.02333   0.150E+00
      .75000    11.76199   0.150E+00
      .80000    11.45501   0.150E+00
      .85000    11.01542   0.150E+00
      .90000    10.25000   0.150E+00
      .92500     9.60026   0.150E+00
      .95000     8.55753   0.150E+00
      .97000     7.12887   0.150E+00
      .99000     4.16330   0.150E+00
      .99500     2.71986   0.150E+00
      .99900      .99550   0.150E+00
      .99950      .69738   0.150E+00
      .99990      .34442   0.150E+00
      .99995      .26857   0.150E+00
      .99999      .17629   0.150E+00
     1.00000      .14670   0.150E+00

      .00000    27.30722   0.200E+00
      .05000    19.93417   0.200E+00
      .10000    18.85745   0.200E+00
      .15000    17.90364   0.200E+00
      .20000    17.04475   0.200E+00
      .25000    16.26709   0.200E+00
      .30000    15.56796   0.200E+00
      .35000    14.94387   0.200E+00
      .40000    14.39296   0.200E+00
      .45000    13.91206   0.200E+00
      .50000    13.49722   0.200E+00
      .55000    13.14335   0.200E+00
      .60000    12.84279   0.200E+00
      .65000    12.58662   0.200E+00
      .70000    12.36409   0.200E+00
      .75000    12.15064   0.200E+00
      .80000    11.90582   0.200E+00
      .85000    11.55428   0.200E+00
      .90000    10.90975   0.200E+00
      .92500    10.32849   0.200E+00
      .95000     9.35376   0.200E+00
      .97000     7.96150   0.200E+00
      .99000     4.89291   0.200E+00
      .99500     3.28222   0.200E+00
      .99900     1.16077   0.200E+00
      .99950      .80587   0.200E+00
      .99990      .38596   0.200E+00
      .99995      .29658   0.200E+00
      .99999      .18628   0.200E+00
     1.00000      .14666   0.200E+00

      .00000    26.18188   0.300E+00
      .05000    19.94308   0.300E+00
      .10000    18.91049   0.300E+00
      .15000    17.98595   0.300E+00
      .20000    17.14957   0.300E+00
      .25000    16.39236   0.300E+00
      .30000    15.71242   0.300E+00
      .35000    15.10804   0.300E+00
      .40000    14.57881   0.300E+00
      .45000    14.12189   0.300E+00
      .50000    13.73383   0.300E+00
      .55000    13.41004   0.300E+00
      .60000    13.14434   0.300E+00
      .65000    12.92960   0.300E+00
      .70000    12.75740   0.300E+00
      .75000    12.60678   0.300E+00
      .80000    12.44316   0.300E+00
      .85000    12.20234   0.300E+00
      .90000    11.72051   0.300E+00
      .92500    11.25115   0.300E+00
      .95000    10.40987   0.300E+00
      .97000     9.11997   0.300E+00
      .99000     6.00103   0.300E+00
      .99500     4.20053   0.300E+00
      .99900     1.45246   0.300E+00
      .99950      .99661   0.300E+00
      .99990      .45755   0.300E+00
      .99995      .34442   0.300E+00
      .99999      .20445   0.300E+00
     1.00000      .14661   0.300E+00

      .00000    25.22911   0.400E+00
      .05000    19.94308   0.400E+00
      .10000    18.93230   0.400E+00
      .15000    18.02328   0.400E+00
      .20000    17.20018   0.400E+00
      .25000    16.45573   0.400E+00
      .30000    15.78818   0.400E+00
      .35000    15.19639   0.400E+00
      .40000    14.67983   0.400E+00
      .45000    14.23629   0.400E+00
      .50000    13.86315   0.400E+00
      .55000    13.55683   0.400E+00
      .60000    13.31185   0.400E+00
      .65000    13.12216   0.400E+00
      .70000    12.98087   0.400E+00
      .75000    12.86944   0.400E+00
      .80000    12.75716   0.400E+00
      .85000    12.58697   0.400E+00
      .90000    12.21310   0.400E+00
      .92500    11.82462   0.400E+00
      .95000    11.09309   0.400E+00
      .97000     9.90783   0.400E+00
      .99000     6.82783   0.400E+00
      .99500     4.92828   0.400E+00
      .99900     1.70828   0.400E+00
      .99950     1.16527   0.400E+00
      .99990      .51959   0.400E+00
      .99995      .38561   0.400E+00
      .99999      .22062   0.400E+00
     1.00000      .14659   0.400E+00

      .00000    24.53964   0.500E+00
      .05000    19.94168   0.500E+00
      .10000    18.94370   0.500E+00
      .15000    18.04433   0.500E+00
      .20000    17.22984   0.500E+00
      .25000    16.49396   0.500E+00
      .30000    15.83500   0.500E+00
      .35000    15.25220   0.500E+00
      .40000    14.74447   0.500E+00
      .45000    14.31005   0.500E+00
      .50000    13.94612   0.500E+00
      .55000    13.64988   0.500E+00
      .60000    13.41770   0.500E+00
      .65000    13.24518   0.500E+00
      .70000    13.12619   0.500E+00
      .75000    13.04269   0.500E+00
      .80000    12.96619   0.500E+00
      .85000    12.84693   0.500E+00
      .90000    12.55076   0.500E+00
      .92500    12.21945   0.500E+00
      .95000    11.57450   0.500E+00
      .97000    10.49452   0.500E+00
      .99000     7.49443   0.500E+00
      .99500     5.51312   0.500E+00
      .99900     1.93744   0.500E+00
      .99950     1.32239   0.500E+00
      .99990      .57585   0.500E+00
      .99995      .42126   0.500E+00
      .99999      .23571   0.500E+00
     1.00000      .14658   0.500E+00

      .00000    24.06345   0.600E+00
      .05000    19.94057   0.600E+00
      .10000    18.95190   0.600E+00
      .15000    18.05960   0.600E+00
      .20000    17.25087   0.600E+00
      .25000    16.52069   0.600E+00
      .30000    15.86739   0.600E+00
      .35000    15.29047   0.600E+00
      .40000    14.78864   0.600E+00
      .45000    14.36035   0.600E+00
      .50000    14.00332   0.600E+00
      .55000    13.71516   0.600E+00
      .60000    13.49279   0.600E+00
      .65000    13.33245   0.600E+00
      .70000    13.22890   0.600E+00
      .75000    13.16546   0.600E+00
      .80000    13.11586   0.600E+00
      .85000    13.03477   0.600E+00
      .90000    12.79939   0.600E+00
      .92500    12.51582   0.600E+00
      .95000    11.94033   0.600E+00
      .97000    10.94063   0.600E+00
      .99000     8.02952   0.600E+00
      .99500     6.02254   0.600E+00
      .99900     2.19256   0.600E+00
      .99950     1.46422   0.600E+00
      .99990      .62752   0.600E+00
      .99995      .45508   0.600E+00
      .99999      .24940   0.600E+00
     1.00000      .14657   0.600E+00

      .00000    23.45822   0.800E+00
      .05000    19.94011   0.800E+00
      .10000    18.96399   0.800E+00
      .15000    18.08078   0.800E+00
      .20000    17.27927   0.800E+00
      .25000    16.55606   0.800E+00
      .30000    15.90978   0.800E+00
      .35000    15.34037   0.800E+00
      .40000    14.84611   0.800E+00
      .45000    14.42585   0.800E+00
      .50000    14.07801   0.800E+00
      .55000    13.80080   0.800E+00
      .60000    13.59159   0.800E+00
      .65000    13.44760   0.800E+00
      .70000    13.36505   0.800E+00
      .75000    13.32936   0.800E+00
      .80000    13.31790   0.800E+00
      .85000    13.29193   0.800E+00
      .90000    13.14509   0.800E+00
      .92500    12.93156   0.800E+00
      .95000    12.46090   0.800E+00
      .97000    11.59109   0.800E+00
      .99000     8.86353   0.800E+00
      .99500     6.85482   0.800E+00
      .99900     2.72771   0.800E+00
      .99950     1.72099   0.800E+00
      .99990      .72160   0.800E+00
      .99995      .51653   0.800E+00
      .99999      .27421   0.800E+00
     1.00000      .14656   0.800E+00

      .00000    23.07419   0.100E+01
      .05000    19.94043   0.100E+01
      .10000    18.97240   0.100E+01
      .15000    18.09477   0.100E+01
      .20000    17.29758   0.100E+01
      .25000    16.57849   0.100E+01
      .30000    15.93635   0.100E+01
      .35000    15.37137   0.100E+01
      .40000    14.88171   0.100E+01
      .45000    14.46669   0.100E+01
      .50000    14.12488   0.100E+01
      .55000    13.85462   0.100E+01
      .60000    13.65381   0.100E+01
      .65000    13.52031   0.100E+01
      .70000    13.45134   0.100E+01
      .75000    13.43405   0.100E+01
      .80000    13.44835   0.100E+01
      .85000    13.46056   0.100E+01
      .90000    13.37605   0.100E+01
      .92500    13.21235   0.100E+01
      .95000    12.81787   0.100E+01
      .97000    12.04784   0.100E+01
      .99000     9.49232   0.100E+01
      .99500     7.51389   0.100E+01
      .99900     3.18694   0.100E+01
      .99950     1.95009   0.100E+01
      .99990      .80690   0.100E+01
      .99995      .57222   0.100E+01
      .99999      .29649   0.100E+01
     1.00000      .14655   0.100E+01

      .00000    22.48872   0.150E+01
      .05000    19.94121   0.150E+01
      .10000    18.98518   0.150E+01
      .15000    18.11501   0.150E+01
      .20000    17.32385   0.150E+01
      .25000    16.61038   0.150E+01
      .30000    15.97382   0.150E+01
      .35000    15.41401   0.150E+01
      .40000    14.93008   0.150E+01
      .45000    14.52192   0.150E+01
      .50000    14.18951   0.150E+01
      .55000    13.93058   0.150E+01
      .60000    13.74254   0.150E+01
      .65000    13.62350   0.150E+01
      .70000    13.57264   0.150E+01
      .75000    13.58104   0.150E+01
      .80000    13.63437   0.150E+01
      .85000    13.70654   0.150E+01
      .90000    13.71998   0.150E+01
      .92500    13.63510   0.150E+01
      .95000    13.36930   0.150E+01
      .97000    12.77746   0.150E+01
      .99000    10.56909   0.150E+01
      .99500     8.70435   0.150E+01
      .99900     4.14421   0.150E+01
      .99950     2.52753   0.150E+01
      .99990      .99541   0.150E+01
      .99995      .69539   0.150E+01
      .99999      .34428   0.150E+01
     1.00000      .14654   0.150E+01

      .00000    22.15681   0.200E+01
      .05000    19.94106   0.200E+01
      .10000    18.99103   0.200E+01
      .15000    18.12459   0.200E+01
      .20000    17.33678   0.200E+01
      .25000    16.62663   0.200E+01
      .30000    15.99319   0.200E+01
      .35000    15.43619   0.200E+01
      .40000    14.95583   0.200E+01
      .45000    14.55143   0.200E+01
      .50000    14.22388   0.200E+01
      .55000    13.97020   0.200E+01
      .60000    13.78845   0.200E+01
      .65000    13.67735   0.200E+01
      .70000    13.63706   0.200E+01
      .75000    13.65997   0.200E+01
      .80000    13.73418   0.200E+01
      .85000    13.83946   0.200E+01
      .90000    13.91142   0.200E+01
      .92500    13.87571   0.200E+01
      .95000    13.68904   0.200E+01
      .97000    13.21281   0.200E+01
      .99000    11.27485   0.200E+01
      .99500     9.52328   0.200E+01
      .99900     4.88989   0.200E+01
      .99950     3.14363   0.200E+01
      .99990     1.16177   0.200E+01
      .99995      .80333   0.200E+01
      .99999      .38607   0.200E+01
     1.00000      .14654   0.200E+01

      .00000    21.80292   0.300E+01
      .05000    19.93993   0.300E+01
      .10000    18.99593   0.300E+01
      .15000    18.13348   0.300E+01
      .20000    17.34912   0.300E+01
      .25000    16.64241   0.300E+01
      .30000    16.01245   0.300E+01
      .35000    15.45906   0.300E+01
      .40000    14.98244   0.300E+01
      .45000    14.58247   0.300E+01
      .50000    14.25932   0.300E+01
      .55000    14.01119   0.300E+01
      .60000    13.83621   0.300E+01
      .65000    13.73352   0.300E+01
      .70000    13.70452   0.300E+01
      .75000    13.74279   0.300E+01
      .80000    13.83919   0.300E+01
      .85000    13.97999   0.300E+01
      .90000    14.11813   0.300E+01
      .92500    14.14095   0.300E+01
      .95000    14.05145   0.300E+01
      .97000    13.72064   0.300E+01
      .99000    12.15752   0.300E+01
      .99500    10.60735   0.300E+01
      .99900     6.02376   0.300E+01
      .99950     4.12465   0.300E+01
      .99990     1.45252   0.300E+01
      .99995      .99377   0.300E+01
      .99999      .45793   0.300E+01
     1.00000      .14653   0.300E+01

      .00000    21.61671   0.400E+01
      .05000    19.93883   0.400E+01
      .10000    18.99759   0.400E+01
      .15000    18.13712   0.400E+01
      .20000    17.35461   0.400E+01
      .25000    16.64973   0.400E+01
      .30000    16.02202   0.400E+01
      .35000    15.47080   0.400E+01
      .40000    14.99643   0.400E+01
      .45000    14.59850   0.400E+01
      .50000    14.27744   0.400E+01
      .55000    14.03219   0.400E+01
      .60000    13.86087   0.400E+01
      .65000    13.76268   0.400E+01
      .70000    13.73967   0.400E+01
      .75000    13.78611   0.400E+01
      .80000    13.89431   0.400E+01
      .85000    14.05446   0.400E+01
      .90000    14.22897   0.400E+01
      .92500    14.28534   0.400E+01
      .95000    14.25367   0.400E+01
      .97000    14.01296   0.400E+01
      .99000    12.69950   0.400E+01
      .99500    11.30894   0.400E+01
      .99900     6.87327   0.400E+01
      .99950     4.90565   0.400E+01
      .99990     1.70637   0.400E+01
      .99995     1.16283   0.400E+01
      .99999      .52012   0.400E+01
     1.00000      .14653   0.400E+01

      .00000    21.49950   0.500E+01
      .05000    19.93790   0.500E+01
      .10000    18.99828   0.500E+01
      .15000    18.13892   0.500E+01
      .20000    17.35751   0.500E+01
      .25000    16.65404   0.500E+01
      .30000    16.02774   0.500E+01
      .35000    15.47807   0.500E+01
      .40000    15.00498   0.500E+01
      .45000    14.60845   0.500E+01
      .50000    14.28865   0.500E+01
      .55000    14.04516   0.500E+01
      .60000    13.87620   0.500E+01
      .65000    13.78084   0.500E+01
      .70000    13.76158   0.500E+01
      .75000    13.81315   0.500E+01
      .80000    13.92888   0.500E+01
      .85000    14.10146   0.500E+01
      .90000    14.29911   0.500E+01
      .92500    14.37687   0.500E+01
      .95000    14.38368   0.500E+01
      .97000    14.20492   0.500E+01
      .99000    13.07052   0.500E+01
      .99500    11.80453   0.500E+01
      .99900     7.53197   0.500E+01
      .99950     5.52943   0.500E+01
      .99990     1.96509   0.500E+01
      .99995     1.31750   0.500E+01
      .99999      .57610   0.500E+01
     1.00000      .14653   0.500E+01

      .00000    21.41711   0.600E+01
      .05000    19.93738   0.600E+01
      .10000    18.99890   0.600E+01
      .15000    18.14034   0.600E+01
      .20000    17.35976   0.600E+01
      .25000    16.65709   0.600E+01
      .30000    16.03171   0.600E+01
      .35000    15.48302   0.600E+01
      .40000    15.01076   0.600E+01
      .45000    14.61512   0.600E+01
      .50000    14.29623   0.600E+01
      .55000    14.05414   0.600E+01
      .60000    13.88670   0.600E+01
      .65000    13.79335   0.600E+01
      .70000    13.77663   0.600E+01
      .75000    13.83168   0.600E+01
      .80000    13.95270   0.600E+01
      .85000    14.13393   0.600E+01
      .90000    14.34769   0.600E+01
      .92500    14.44013   0.600E+01
      .95000    14.47437   0.600E+01
      .97000    14.34126   0.600E+01
      .99000    13.34356   0.600E+01
      .99500    12.17894   0.600E+01
      .99900     8.07267   0.600E+01
      .99950     6.06116   0.600E+01
      .99990     2.36995   0.600E+01
      .99995     1.46104   0.600E+01
      .99999      .62767   0.600E+01
     1.00000      .14653   0.600E+01

      .00000    21.31026   0.800E+01
      .05000    19.93761   0.800E+01
      .10000    19.00073   0.800E+01
      .15000    18.14326   0.800E+01
      .20000    17.36357   0.800E+01
      .25000    16.66164   0.800E+01
      .30000    16.03679   0.800E+01
      .35000    15.48886   0.800E+01
      .40000    15.01760   0.800E+01
      .45000    14.62347   0.800E+01
      .50000    14.30604   0.800E+01
      .55000    14.06548   0.800E+01
      .60000    13.90003   0.800E+01
      .65000    13.80918   0.800E+01
      .70000    13.79554   0.800E+01
      .75000    13.85502   0.800E+01
      .80000    13.98273   0.800E+01
      .85000    14.17513   0.800E+01
      .90000    14.40935   0.800E+01
      .92500    14.52147   0.800E+01
      .95000    14.59235   0.800E+01
      .97000    14.52240   0.800E+01
      .99000    13.72317   0.800E+01
      .99500    12.71540   0.800E+01
      .99900     8.91577   0.800E+01
      .99950     6.92030   0.800E+01
      .99990     3.03740   0.800E+01
      .99995     1.85709   0.800E+01
      .99999      .72154   0.800E+01
     1.00000      .14653   0.800E+01

      .00000    21.24706   0.100E+02
      .05000    19.93901   0.100E+02
      .10000    19.00360   0.100E+02
      .15000    18.14700   0.100E+02
      .20000    17.36766   0.100E+02
      .25000    16.66544   0.100E+02
      .30000    16.04005   0.100E+02
      .35000    15.49166   0.100E+02
      .40000    15.02113   0.100E+02
      .45000    14.62803   0.100E+02
      .50000    14.31197   0.100E+02
      .55000    14.07241   0.100E+02
      .60000    13.90795   0.100E+02
      .65000    13.81848   0.100E+02
      .70000    13.80649   0.100E+02
      .75000    13.86841   0.100E+02
      .80000    14.00004   0.100E+02
      .85000    14.19889   0.100E+02
      .90000    14.44563   0.100E+02
      .92500    14.57068   0.100E+02
      .95000    14.66534   0.100E+02
      .97000    14.63747   0.100E+02
      .99000    13.97874   0.100E+02
      .99500    13.08921   0.100E+02
      .99900     9.55379   0.100E+02
      .99950     7.59348   0.100E+02
      .99990     3.56403   0.100E+02
      .99995     2.26487   0.100E+02
      .99999      .80670   0.100E+02
     1.00000      .14653   0.100E+02

