      .00000     6.05804   0.100E-05
      .05000     6.14022   0.100E-05
      .10000     6.18636   0.100E-05
      .15000     6.20347   0.100E-05
      .20000     6.19673   0.100E-05
      .25000     6.17238   0.100E-05
      .30000     6.13343   0.100E-05
      .35000     6.08357   0.100E-05
      .40000     6.02734   0.100E-05
      .45000     5.96559   0.100E-05
      .50000     5.89835   0.100E-05
      .55000     5.82647   0.100E-05
      .60000     5.75308   0.100E-05
      .65000     5.68153   0.100E-05
      .70000     5.61373   0.100E-05
      .75000     5.55282   0.100E-05
      .80000     5.50199   0.100E-05
      .85000     5.46186   0.100E-05
      .90000     5.42980   0.100E-05
      .92500     5.41430   0.100E-05
      .95000     5.39840   0.100E-05
      .97000     5.38552   0.100E-05
      .99000     5.37296   0.100E-05
      .99500     5.36981   0.100E-05
      .99900     5.36728   0.100E-05
      .99950     5.36697   0.100E-05
      .99990     5.36675   0.100E-05
      .99995     5.36671   0.100E-05
      .99999     5.36669   0.100E-05
     1.00000     5.36670   0.100E-05

      .00000     6.71333   0.150E-05
      .05000     6.79258   0.150E-05
      .10000     6.81756   0.150E-05
      .15000     6.80037   0.150E-05
      .20000     6.75105   0.150E-05
      .25000     6.68085   0.150E-05
      .30000     6.59398   0.150E-05
      .35000     6.49459   0.150E-05
      .40000     6.38777   0.150E-05
      .45000     6.27525   0.150E-05
      .50000     6.15856   0.150E-05
      .55000     6.04009   0.150E-05
      .60000     5.92351   0.150E-05
      .65000     5.81257   0.150E-05
      .70000     5.70869   0.150E-05
      .75000     5.61332   0.150E-05
      .80000     5.52851   0.150E-05
      .85000     5.45658   0.150E-05
      .90000     5.39647   0.150E-05
      .92500     5.36785   0.150E-05
      .95000     5.33863   0.150E-05
      .97000     5.31555   0.150E-05
      .99000     5.29576   0.150E-05
      .99500     5.29096   0.150E-05
      .99900     5.28701   0.150E-05
      .99950     5.28650   0.150E-05
      .99990     5.28606   0.150E-05
      .99995     5.28599   0.150E-05
      .99999     5.28599   0.150E-05
     1.00000     5.28588   0.150E-05

      .00000     7.18026   0.200E-05
      .05000     7.25081   0.200E-05
      .10000     7.25123   0.200E-05
      .15000     7.19874   0.200E-05
      .20000     7.10800   0.200E-05
      .25000     6.99493   0.200E-05
      .30000     6.86519   0.200E-05
      .35000     6.72390   0.200E-05
      .40000     6.57720   0.200E-05
      .45000     6.42714   0.200E-05
      .50000     6.27523   0.200E-05
      .55000     6.12421   0.200E-05
      .60000     5.97698   0.200E-05
      .65000     5.83689   0.200E-05
      .70000     5.70498   0.200E-05
      .75000     5.58201   0.200E-05
      .80000     5.46956   0.200E-05
      .85000     5.37067   0.200E-05
      .90000     5.28699   0.200E-05
      .92500     5.24958   0.200E-05
      .95000     5.21366   0.200E-05
      .97000     5.18685   0.200E-05
      .99000     5.16311   0.200E-05
      .99500     5.15745   0.200E-05
      .99900     5.15291   0.200E-05
      .99950     5.15232   0.200E-05
      .99990     5.15183   0.200E-05
      .99995     5.15175   0.200E-05
      .99999     5.15173   0.200E-05
     1.00000     5.15164   0.200E-05

      .00000     7.83955   0.300E-05
      .05000     7.88660   0.300E-05
      .10000     7.83762   0.300E-05
      .15000     7.71968   0.300E-05
      .20000     7.55586   0.300E-05
      .25000     7.37019   0.300E-05
      .30000     7.17086   0.300E-05
      .35000     6.96468   0.300E-05
      .40000     6.75906   0.300E-05
      .45000     6.55583   0.300E-05
      .50000     6.35547   0.300E-05
      .55000     6.15998   0.300E-05
      .60000     5.97071   0.300E-05
      .65000     5.78967   0.300E-05
      .70000     5.61746   0.300E-05
      .75000     5.45408   0.300E-05
      .80000     5.30049   0.300E-05
      .85000     5.15991   0.300E-05
      .90000     5.03795   0.300E-05
      .92500     4.98603   0.300E-05
      .95000     4.94003   0.300E-05
      .97000     4.90897   0.300E-05
      .99000     4.88092   0.300E-05
      .99500     4.87460   0.300E-05
      .99900     4.86973   0.300E-05
      .99950     4.86909   0.300E-05
      .99990     4.86861   0.300E-05
      .99995     4.86854   0.300E-05
      .99999     4.86850   0.300E-05
     1.00000     4.86847   0.300E-05

      .00000     8.30803   0.400E-05
      .05000     8.32913   0.400E-05
      .10000     8.23380   0.400E-05
      .15000     8.05850   0.400E-05
      .20000     7.83357   0.400E-05
      .25000     7.58979   0.400E-05
      .30000     7.33708   0.400E-05
      .35000     7.08295   0.400E-05
      .40000     6.83535   0.400E-05
      .45000     6.59527   0.400E-05
      .50000     6.36190   0.400E-05
      .55000     6.13624   0.400E-05
      .60000     5.91842   0.400E-05
      .65000     5.70948   0.400E-05
      .70000     5.50955   0.400E-05
      .75000     5.31803   0.400E-05
      .80000     5.13525   0.400E-05
      .85000     4.96415   0.400E-05
      .90000     4.81199   0.400E-05
      .92500     4.74714   0.400E-05
      .95000     4.69144   0.400E-05
      .97000     4.65593   0.400E-05
      .99000     4.62502   0.400E-05
      .99500     4.61844   0.400E-05
      .99900     4.61353   0.400E-05
      .99950     4.61289   0.400E-05
      .99990     4.61244   0.400E-05
      .99995     4.61237   0.400E-05
      .99999     4.61231   0.400E-05
     1.00000     4.61231   0.400E-05

      .00000     8.67147   0.500E-05
      .05000     8.66635   0.500E-05
      .10000     8.52838   0.500E-05
      .15000     8.30266   0.500E-05
      .20000     8.02594   0.500E-05
      .25000     7.73452   0.500E-05
      .30000     7.43940   0.500E-05
      .35000     7.14822   0.500E-05
      .40000     6.86871   0.500E-05
      .45000     6.60098   0.500E-05
      .50000     6.34308   0.500E-05
      .55000     6.09496   0.500E-05
      .60000     5.85601   0.500E-05
      .65000     5.62647   0.500E-05
      .70000     5.40608   0.500E-05
      .75000     5.19367   0.500E-05
      .80000     4.98896   0.500E-05
      .85000     4.79447   0.500E-05
      .90000     4.61782   0.500E-05
      .92500     4.54130   0.500E-05
      .95000     4.47604   0.500E-05
      .97000     4.43550   0.500E-05
      .99000     4.40180   0.500E-05
      .99500     4.39492   0.500E-05
      .99900     4.38989   0.500E-05
      .99950     4.38925   0.500E-05
      .99990     4.38879   0.500E-05
      .99995     4.38873   0.500E-05
      .99999     4.38867   0.500E-05
     1.00000     4.38868   0.500E-05

      .00000     8.96840   0.600E-05
      .05000     8.93754   0.600E-05
      .10000     8.76024   0.600E-05
      .15000     8.48979   0.600E-05
      .20000     8.16844   0.600E-05
      .25000     7.83707   0.600E-05
      .30000     7.50732   0.600E-05
      .35000     7.18645   0.600E-05
      .40000     6.88165   0.600E-05
      .45000     6.59210   0.600E-05
      .50000     6.31492   0.600E-05
      .55000     6.04906   0.600E-05
      .60000     5.79358   0.600E-05
      .65000     5.54803   0.600E-05
      .70000     5.31180   0.600E-05
      .75000     5.08317   0.600E-05
      .80000     4.86129   0.600E-05
      .85000     4.64823   0.600E-05
      .90000     4.45114   0.600E-05
      .92500     4.36406   0.600E-05
      .95000     4.28956   0.600E-05
      .97000     4.24362   0.600E-05
      .99000     4.20700   0.600E-05
      .99500     4.19973   0.600E-05
      .99900     4.19449   0.600E-05
      .99950     4.19383   0.600E-05
      .99990     4.19336   0.600E-05
      .99995     4.19330   0.600E-05
      .99999     4.19325   0.600E-05
     1.00000     4.19324   0.600E-05

      .00000     9.43733   0.800E-05
      .05000     9.35697   0.800E-05
      .10000     9.10933   0.800E-05
      .15000     8.76232   0.800E-05
      .20000     8.36731   0.800E-05
      .25000     7.97227   0.800E-05
      .30000     7.58901   0.800E-05
      .35000     7.22330   0.800E-05
      .40000     6.88050   0.800E-05
      .45000     6.55818   0.800E-05
      .50000     6.25198   0.800E-05
      .55000     5.95926   0.800E-05
      .60000     5.67912   0.800E-05
      .65000     5.40998   0.800E-05
      .70000     5.15058   0.800E-05
      .75000     4.89820   0.800E-05
      .80000     4.65092   0.800E-05
      .85000     4.40999   0.800E-05
      .90000     4.18043   0.800E-05
      .92500     4.07493   0.800E-05
      .95000     3.98324   0.800E-05
      .97000     3.92624   0.800E-05
      .99000     3.88352   0.800E-05
      .99500     3.87526   0.800E-05
      .99900     3.86934   0.800E-05
      .99950     3.86862   0.800E-05
      .99990     3.86810   0.800E-05
      .99995     3.86802   0.800E-05
      .99999     3.86797   0.800E-05
     1.00000     3.86796   0.800E-05

      .00000     9.80044   0.100E-04
      .05000     9.67332   0.100E-04
      .10000     9.36409   0.100E-04
      .15000     8.95337   0.100E-04
      .20000     8.49951   0.100E-04
      .25000     8.05554   0.100E-04
      .30000     7.63246   0.100E-04
      .35000     7.23416   0.100E-04
      .40000     6.86390   0.100E-04
      .45000     6.51753   0.100E-04
      .50000     6.19017   0.100E-04
      .55000     5.87771   0.100E-04
      .60000     5.57981   0.100E-04
      .65000     5.29389   0.100E-04
      .70000     5.01818   0.100E-04
      .75000     4.74905   0.100E-04
      .80000     4.48372   0.100E-04
      .85000     4.22278   0.100E-04
      .90000     3.96856   0.100E-04
      .92500     3.84786   0.100E-04
      .95000     3.74110   0.100E-04
      .97000     3.67354   0.100E-04
      .99000     3.62429   0.100E-04
      .99500     3.61475   0.100E-04
      .99900     3.60784   0.100E-04
      .99950     3.60701   0.100E-04
      .99990     3.60640   0.100E-04
      .99995     3.60630   0.100E-04
      .99999     3.60626   0.100E-04
     1.00000     3.60621   0.100E-04

      .00000    10.45252   0.150E-04
      .05000    10.21832   0.150E-04
      .10000     9.78169   0.150E-04
      .15000     9.24841   0.150E-04
      .20000     8.68732   0.150E-04
      .25000     8.15812   0.150E-04
      .30000     7.66835   0.150E-04
      .35000     7.21665   0.150E-04
      .40000     6.80159   0.150E-04
      .45000     6.41481   0.150E-04
      .50000     6.05281   0.150E-04
      .55000     5.70781   0.150E-04
      .60000     5.38133   0.150E-04
      .65000     5.06864   0.150E-04
      .70000     4.76697   0.150E-04
      .75000     4.47128   0.150E-04
      .80000     4.17739   0.150E-04
      .85000     3.88472   0.150E-04
      .90000     3.58941   0.150E-04
      .92500     3.44137   0.150E-04
      .95000     3.30565   0.150E-04
      .97000     3.21539   0.150E-04
      .99000     3.14869   0.150E-04
      .99500     3.13503   0.150E-04
      .99900     3.12482   0.150E-04
      .99950     3.12360   0.150E-04
      .99990     3.12268   0.150E-04
      .99995     3.12252   0.150E-04
      .99999     3.12246   0.150E-04
     1.00000     3.12241   0.150E-04

      .00000    10.90434   0.200E-04
      .05000    10.57414   0.200E-04
      .10000    10.03567   0.200E-04
      .15000     9.41264   0.200E-04
      .20000     8.77818   0.200E-04
      .25000     8.19326   0.200E-04
      .30000     7.66188   0.200E-04
      .35000     7.17775   0.200E-04
      .40000     6.73415   0.200E-04
      .45000     6.32256   0.200E-04
      .50000     5.93918   0.200E-04
      .55000     5.57419   0.200E-04
      .60000     5.23042   0.200E-04
      .65000     4.90174   0.200E-04
      .70000     4.58450   0.200E-04
      .75000     4.27296   0.200E-04
      .80000     3.96231   0.200E-04
      .85000     3.65133   0.200E-04
      .90000     3.33119   0.200E-04
      .92500     3.16538   0.200E-04
      .95000     3.00933   0.200E-04
      .97000     2.90117   0.200E-04
      .99000     2.81747   0.200E-04
      .99500     2.79937   0.200E-04
      .99900     2.78554   0.200E-04
      .99950     2.78388   0.200E-04
      .99990     2.78262   0.200E-04
      .99995     2.78242   0.200E-04
      .99999     2.78234   0.200E-04
     1.00000     2.78230   0.200E-04

      .00000    11.71330   0.300E-04
      .05000    10.95657   0.300E-04
      .10000    10.18781   0.300E-04
      .15000     9.47973   0.300E-04
      .20000     8.82369   0.300E-04
      .25000     8.21392   0.300E-04
      .30000     7.64719   0.300E-04
      .35000     7.12098   0.300E-04
      .40000     6.62764   0.300E-04
      .45000     6.17049   0.300E-04
      .50000     5.75008   0.300E-04
      .55000     5.35728   0.300E-04
      .60000     4.99186   0.300E-04
      .65000     4.64523   0.300E-04
      .70000     4.31280   0.300E-04
      .75000     3.99103   0.300E-04
      .80000     3.67264   0.300E-04
      .85000     3.34134   0.300E-04
      .90000     2.98381   0.300E-04
      .92500     2.79853   0.300E-04
      .95000     2.61908   0.300E-04
      .97000     2.48470   0.300E-04
      .99000     2.36773   0.300E-04
      .99500     2.34827   0.300E-04
      .99900     2.32553   0.300E-04
      .99950     2.32207   0.300E-04
      .99990     2.32062   0.300E-04
      .99995     2.32038   0.300E-04
      .99999     2.32048   0.300E-04
     1.00000     2.32030   0.300E-04

      .00000    12.09014   0.400E-04
      .05000    11.21944   0.400E-04
      .10000    10.34725   0.400E-04
      .15000     9.55627   0.400E-04
      .20000     8.83373   0.400E-04
      .25000     8.17108   0.400E-04
      .30000     7.56280   0.400E-04
      .35000     7.00489   0.400E-04
      .40000     6.48803   0.400E-04
      .45000     6.01474   0.400E-04
      .50000     5.58554   0.400E-04
      .55000     5.18625   0.400E-04
      .60000     4.81458   0.400E-04
      .65000     4.46300   0.400E-04
      .70000     4.12392   0.400E-04
      .75000     3.79352   0.400E-04
      .80000     3.46431   0.400E-04
      .85000     3.12028   0.400E-04
      .90000     2.74775   0.400E-04
      .92500     2.55298   0.400E-04
      .95000     2.36063   0.400E-04
      .97000     2.21141   0.400E-04
      .99000     2.07235   0.400E-04
      .99500     2.04481   0.400E-04
      .99900     2.01727   0.400E-04
      .99950     2.01340   0.400E-04
      .99990     2.01128   0.400E-04
      .99995     2.01098   0.400E-04
      .99999     2.01088   0.400E-04
     1.00000     2.01078   0.400E-04

      .00000    12.35310   0.500E-04
      .05000    11.38931   0.500E-04
      .10000    10.43566   0.500E-04
      .15000     9.58123   0.500E-04
      .20000     8.80867   0.500E-04
      .25000     8.10766   0.500E-04
      .30000     7.47021   0.500E-04
      .35000     6.88926   0.500E-04
      .40000     6.35758   0.500E-04
      .45000     5.87512   0.500E-04
      .50000     5.44205   0.500E-04
      .55000     5.04036   0.500E-04
      .60000     4.66543   0.500E-04
      .65000     4.31248   0.500E-04
      .70000     3.97066   0.500E-04
      .75000     3.63601   0.500E-04
      .80000     3.30113   0.500E-04
      .85000     2.95053   0.500E-04
      .90000     2.57067   0.500E-04
      .92500     2.37113   0.500E-04
      .95000     2.17158   0.500E-04
      .97000     2.01303   0.500E-04
      .99000     1.85730   0.500E-04
      .99500     1.82284   0.500E-04
      .99900     1.79165   0.500E-04
      .99950     1.78753   0.500E-04
      .99990     1.78482   0.500E-04
      .99995     1.78446   0.500E-04
      .99999     1.78421   0.500E-04
     1.00000     1.78413   0.500E-04

      .00000    12.54843   0.600E-04
      .05000    11.50521   0.600E-04
      .10000    10.48440   0.600E-04
      .15000     9.57905   0.600E-04
      .20000     8.76679   0.600E-04
      .25000     8.03617   0.600E-04
      .30000     7.37709   0.600E-04
      .35000     6.77849   0.600E-04
      .40000     6.23590   0.600E-04
      .45000     5.74899   0.600E-04
      .50000     5.31428   0.600E-04
      .55000     4.91226   0.600E-04
      .60000     4.53589   0.600E-04
      .65000     4.18292   0.600E-04
      .70000     3.84046   0.600E-04
      .75000     3.50401   0.600E-04
      .80000     3.16635   0.600E-04
      .85000     2.81266   0.600E-04
      .90000     2.42972   0.600E-04
      .92500     2.22801   0.600E-04
      .95000     2.02448   0.600E-04
      .97000     1.85989   0.600E-04
      .99000     1.69137   0.600E-04
      .99500     1.65112   0.600E-04
      .99900     1.61713   0.600E-04
      .99950     1.61286   0.600E-04
      .99990     1.60963   0.600E-04
      .99995     1.60922   0.600E-04
      .99999     1.60885   0.600E-04
     1.00000     1.60878   0.600E-04

      .00000    12.84538   0.800E-04
      .05000    11.63804   0.800E-04
      .10000    10.49736   0.800E-04
      .15000     9.51160   0.800E-04
      .20000     8.64614   0.800E-04
      .25000     7.88259   0.800E-04
      .30000     7.20492   0.800E-04
      .35000     6.59430   0.800E-04
      .40000     6.04342   0.800E-04
      .45000     5.55652   0.800E-04
      .50000     5.12038   0.800E-04
      .55000     4.71537   0.800E-04
      .60000     4.33100   0.800E-04
      .65000     3.96872   0.800E-04
      .70000     3.61768   0.800E-04
      .75000     3.27397   0.800E-04
      .80000     2.93372   0.800E-04
      .85000     2.58517   0.800E-04
      .90000     2.21474   0.800E-04
      .92500     2.01731   0.800E-04
      .95000     1.80850   0.800E-04
      .97000     1.63109   0.800E-04
      .99000     1.44605   0.800E-04
      .99500     1.39841   0.800E-04
      .99900     1.36015   0.800E-04
      .99950     1.35549   0.800E-04
      .99990     1.35154   0.800E-04
      .99995     1.35107   0.800E-04
      .99999     1.35063   0.800E-04
     1.00000     1.35050   0.800E-04

      .00000    13.09983   0.100E-03
      .05000    11.73620   0.100E-03
      .10000    10.49131   0.100E-03
      .15000     9.43874   0.100E-03
      .20000     8.53266   0.100E-03
      .25000     7.74481   0.100E-03
      .30000     7.05260   0.100E-03
      .35000     6.43505   0.100E-03
      .40000     5.87871   0.100E-03
      .45000     5.38944   0.100E-03
      .50000     4.95020   0.100E-03
      .55000     4.54165   0.100E-03
      .60000     4.15324   0.100E-03
      .65000     3.78793   0.100E-03
      .70000     3.43896   0.100E-03
      .75000     3.09794   0.100E-03
      .80000     2.76092   0.100E-03
      .85000     2.41680   0.100E-03
      .90000     2.05191   0.100E-03
      .92500     1.85659   0.100E-03
      .95000     1.64745   0.100E-03
      .97000     1.46599   0.100E-03
      .99000     1.26947   0.100E-03
      .99500     1.21800   0.100E-03
      .99900     1.17671   0.100E-03
      .99950     1.17165   0.100E-03
      .99990     1.16734   0.100E-03
      .99995     1.16685   0.100E-03
      .99999     1.16635   0.100E-03
     1.00000     1.16620   0.100E-03

      .00000    13.60005   0.150E-03
      .05000    11.90315   0.150E-03
      .10000    10.46086   0.150E-03
      .15000     9.28423   0.150E-03
      .20000     8.30582   0.150E-03
      .25000     7.47571   0.150E-03
      .30000     6.75522   0.150E-03
      .35000     6.12378   0.150E-03
      .40000     5.56650   0.150E-03
      .45000     5.07287   0.150E-03
      .50000     4.62741   0.150E-03
      .55000     4.21218   0.150E-03
      .60000     3.81727   0.150E-03
      .65000     3.44420   0.150E-03
      .70000     3.09899   0.150E-03
      .75000     2.76699   0.150E-03
      .80000     2.44185   0.150E-03
      .85000     2.11326   0.150E-03
      .90000     1.76682   0.150E-03
      .92500     1.57949   0.150E-03
      .95000     1.37363   0.150E-03
      .97000     1.18916   0.150E-03
      .99000      .98142   0.150E-03
      .99500      .92567   0.150E-03
      .99900      .88082   0.150E-03
      .99950      .87530   0.150E-03
      .99990      .87064   0.150E-03
      .99995      .87010   0.150E-03
      .99999      .86955   0.150E-03
     1.00000      .86947   0.150E-03

      .00000    14.00613   0.200E-03
      .05000    12.02068   0.200E-03
      .10000    10.44137   0.200E-03
      .15000     9.18802   0.200E-03
      .20000     8.16139   0.200E-03
      .25000     7.29989   0.200E-03
      .30000     6.55993   0.200E-03
      .35000     5.91417   0.200E-03
      .40000     5.35229   0.200E-03
      .45000     4.85447   0.200E-03
      .50000     4.40011   0.200E-03
      .55000     3.97532   0.200E-03
      .60000     3.57508   0.200E-03
      .65000     3.20112   0.200E-03
      .70000     2.85989   0.200E-03
      .75000     2.53890   0.200E-03
      .80000     2.22265   0.200E-03
      .85000     1.90661   0.200E-03
      .90000     1.57771   0.200E-03
      .92500     1.39825   0.200E-03
      .95000     1.19800   0.200E-03
      .97000     1.01583   0.200E-03
      .99000      .80712   0.200E-03
      .99500      .75040   0.200E-03
      .99900      .70467   0.200E-03
      .99950      .69867   0.200E-03
      .99990      .69424   0.200E-03
      .99995      .69369   0.200E-03
      .99999      .69326   0.200E-03
     1.00000      .69313   0.200E-03

      .00000    14.78435   0.300E-03
      .05000    12.27953   0.300E-03
      .10000    10.49314   0.300E-03
      .15000     9.13114   0.300E-03
      .20000     8.03053   0.300E-03
      .25000     7.11025   0.300E-03
      .30000     6.34095   0.300E-03
      .35000     5.68043   0.300E-03
      .40000     5.10501   0.300E-03
      .45000     4.59682   0.300E-03
      .50000     4.13404   0.300E-03
      .55000     3.70385   0.300E-03
      .60000     3.30069   0.300E-03
      .65000     2.92310   0.300E-03
      .70000     2.57436   0.300E-03
      .75000     2.25727   0.300E-03
      .80000     1.95347   0.300E-03
      .85000     1.65427   0.300E-03
      .90000     1.34820   0.300E-03
      .92500     1.18195   0.300E-03
      .95000      .99399   0.300E-03
      .97000      .81977   0.300E-03
      .99000      .61465   0.300E-03
      .99500      .55817   0.300E-03
      .99900      .51245   0.300E-03
      .99950      .50649   0.300E-03
      .99990      .50210   0.300E-03
      .99995      .50154   0.300E-03
      .99999      .50113   0.300E-03
     1.00000      .50100   0.300E-03

      .00000    15.48595   0.400E-03
      .05000    12.56883   0.400E-03
      .10000    10.63661   0.400E-03
      .15000     9.18401   0.400E-03
      .20000     8.02783   0.400E-03
      .25000     7.06243   0.400E-03
      .30000     6.26756   0.400E-03
      .35000     5.59597   0.400E-03
      .40000     5.00788   0.400E-03
      .45000     4.48475   0.400E-03
      .50000     4.01163   0.400E-03
      .55000     3.57675   0.400E-03
      .60000     3.17102   0.400E-03
      .65000     2.78975   0.400E-03
      .70000     2.43416   0.400E-03
      .75000     2.10912   0.400E-03
      .80000     1.81056   0.400E-03
      .85000     1.51618   0.400E-03
      .90000     1.22064   0.400E-03
      .92500     1.06569   0.400E-03
      .95000      .88688   0.400E-03
      .97000      .71673   0.400E-03
      .99000      .51375   0.400E-03
      .99500      .45855   0.400E-03
      .99900      .41312   0.400E-03
      .99950      .40712   0.400E-03
      .99990      .40266   0.400E-03
      .99995      .40206   0.400E-03
      .99999      .40165   0.400E-03
     1.00000      .40150   0.400E-03

      .00000    16.12294   0.500E-03
      .05000    12.86506   0.500E-03
      .10000    10.82683   0.500E-03
      .15000     9.29745   0.500E-03
      .20000     8.09644   0.500E-03
      .25000     7.09740   0.500E-03
      .30000     6.27652   0.500E-03
      .35000     5.58847   0.500E-03
      .40000     4.98846   0.500E-03
      .45000     4.45380   0.500E-03
      .50000     3.97097   0.500E-03
      .55000     3.52886   0.500E-03
      .60000     3.11748   0.500E-03
      .65000     2.73091   0.500E-03
      .70000     2.36883   0.500E-03
      .75000     2.03435   0.500E-03
      .80000     1.73180   0.500E-03
      .85000     1.44009   0.500E-03
      .90000     1.14974   0.500E-03
      .92500      .99904   0.500E-03
      .95000      .82417   0.500E-03
      .97000      .65633   0.500E-03
      .99000      .45418   0.500E-03
      .99500      .39909   0.500E-03
      .99900      .35366   0.500E-03
      .99950      .34763   0.500E-03
      .99990      .34315   0.500E-03
      .99995      .34255   0.500E-03
      .99999      .34214   0.500E-03
     1.00000      .34191   0.500E-03

      .00000    16.70036   0.600E-03
      .05000    13.15386   0.600E-03
      .10000    11.03203   0.600E-03
      .15000     9.43445   0.600E-03
      .20000     8.19302   0.600E-03
      .25000     7.17212   0.600E-03
      .30000     6.33216   0.600E-03
      .35000     5.62789   0.600E-03
      .40000     5.01497   0.600E-03
      .45000     4.46908   0.600E-03
      .50000     3.97640   0.600E-03
      .55000     3.52621   0.600E-03
      .60000     3.10824   0.600E-03
      .65000     2.71585   0.600E-03
      .70000     2.34740   0.600E-03
      .75000     2.00393   0.600E-03
      .80000     1.69143   0.600E-03
      .85000     1.39965   0.600E-03
      .90000     1.11091   0.600E-03
      .92500      .96157   0.600E-03
      .95000      .78759   0.600E-03
      .97000      .61977   0.600E-03
      .99000      .41664   0.600E-03
      .99500      .36119   0.600E-03
      .99900      .31537   0.600E-03
      .99950      .30929   0.600E-03
      .99990      .30475   0.600E-03
      .99995      .30414   0.600E-03
      .99999      .30374   0.600E-03
     1.00000      .30346   0.600E-03

      .00000    17.68407   0.800E-03
      .05000    13.68275   0.800E-03
      .10000    11.43295   0.800E-03
      .15000     9.72902   0.800E-03
      .20000     8.42132   0.800E-03
      .25000     7.37275   0.800E-03
      .30000     6.50963   0.800E-03
      .35000     5.78029   0.800E-03
      .40000     5.14328   0.800E-03
      .45000     4.57605   0.800E-03
      .50000     4.06492   0.800E-03
      .55000     3.59892   0.800E-03
      .60000     3.16742   0.800E-03
      .65000     2.76277   0.800E-03
      .70000     2.38136   0.800E-03
      .75000     2.02113   0.800E-03
      .80000     1.68537   0.800E-03
      .85000     1.38091   0.800E-03
      .90000     1.08808   0.800E-03
      .92500      .93683   0.800E-03
      .95000      .75950   0.800E-03
      .97000      .58722   0.800E-03
      .99000      .37725   0.800E-03
      .99500      .31975   0.800E-03
      .99900      .27213   0.800E-03
      .99950      .26580   0.800E-03
      .99990      .26106   0.800E-03
      .99995      .26043   0.800E-03
      .99999      .26001   0.800E-03
     1.00000      .25980   0.800E-03

      .00000    18.48064   0.100E-02
      .05000    14.14356   0.100E-02
      .10000    11.79739   0.100E-02
      .15000    10.01900   0.100E-02
      .20000     8.66958   0.100E-02
      .25000     7.60120   0.100E-02
      .30000     6.72344   0.100E-02
      .35000     5.97661   0.100E-02
      .40000     5.32007   0.100E-02
      .45000     4.73410   0.100E-02
      .50000     4.20645   0.100E-02
      .55000     3.72605   0.100E-02
      .60000     3.28165   0.100E-02
      .65000     2.86470   0.100E-02
      .70000     2.47019   0.100E-02
      .75000     2.09373   0.100E-02
      .80000     1.73596   0.100E-02
      .85000     1.40765   0.100E-02
      .90000     1.10493   0.100E-02
      .92500      .94841   0.100E-02
      .95000      .76383   0.100E-02
      .97000      .58331   0.100E-02
      .99000      .36200   0.100E-02
      .99500      .30124   0.100E-02
      .99900      .25085   0.100E-02
      .99950      .24415   0.100E-02
      .99990      .23914   0.100E-02
      .99995      .23848   0.100E-02
      .99999      .23803   0.100E-02
     1.00000      .23794   0.100E-02

      .00000    19.92558   0.150E-02
      .05000    15.04511   0.150E-02
      .10000    12.54633   0.150E-02
      .15000    10.66364   0.150E-02
      .20000     9.28744   0.150E-02
      .25000     8.18243   0.150E-02
      .30000     7.27006   0.150E-02
      .35000     6.48678   0.150E-02
      .40000     5.79419   0.150E-02
      .45000     5.17366   0.150E-02
      .50000     4.61359   0.150E-02
      .55000     4.10293   0.150E-02
      .60000     3.63016   0.150E-02
      .65000     3.18567   0.150E-02
      .70000     2.76204   0.150E-02
      .75000     2.35076   0.150E-02
      .80000     1.94799   0.150E-02
      .85000     1.56075   0.150E-02
      .90000     1.21064   0.150E-02
      .92500     1.03470   0.150E-02
      .95000      .82436   0.150E-02
      .97000      .61628   0.150E-02
      .99000      .35947   0.150E-02
      .99500      .28884   0.150E-02
      .99900      .23025   0.150E-02
      .99950      .22251   0.150E-02
      .99990      .21680   0.150E-02
      .99995      .21606   0.150E-02
      .99999      .21552   0.150E-02
     1.00000      .21540   0.150E-02

      .00000    20.88530   0.200E-02
      .05000    15.68520   0.200E-02
      .10000    13.12451   0.200E-02
      .15000    11.21329   0.200E-02
      .20000     9.83895   0.200E-02
      .25000     8.71014   0.200E-02
      .30000     7.76664   0.200E-02
      .35000     6.95243   0.200E-02
      .40000     6.23453   0.200E-02
      .45000     5.59213   0.200E-02
      .50000     5.01009   0.200E-02
      .55000     4.47619   0.200E-02
      .60000     3.98064   0.200E-02
      .65000     3.51412   0.200E-02
      .70000     3.06703   0.200E-02
      .75000     2.62738   0.200E-02
      .80000     2.18944   0.200E-02
      .85000     1.76121   0.200E-02
      .90000     1.35224   0.200E-02
      .92500     1.14739   0.200E-02
      .95000      .90476   0.200E-02
      .97000      .66696   0.200E-02
      .99000      .37402   0.200E-02
      .99500      .29340   0.200E-02
      .99900      .22536   0.200E-02
      .99950      .21615   0.200E-02
      .99990      .20955   0.200E-02
      .99995      .20885   0.200E-02
      .99999      .20804   0.200E-02
     1.00000      .20754   0.200E-02

      .00000    22.04337   0.300E-02
      .05000    16.54626   0.300E-02
      .10000    13.98291   0.300E-02
      .15000    12.09480   0.300E-02
      .20000    10.69600   0.300E-02
      .25000     9.54227   0.300E-02
      .30000     8.57556   0.300E-02
      .35000     7.73745   0.300E-02
      .40000     6.99099   0.300E-02
      .45000     6.31672   0.300E-02
      .50000     5.70227   0.300E-02
      .55000     5.13596   0.300E-02
      .60000     4.60605   0.300E-02
      .65000     4.10266   0.300E-02
      .70000     3.61849   0.300E-02
      .75000     3.14472   0.300E-02
      .80000     2.67082   0.300E-02
      .85000     2.18300   0.300E-02
      .90000     1.66257   0.300E-02
      .92500     1.38187   0.300E-02
      .95000     1.07113   0.300E-02
      .97000      .77330   0.300E-02
      .99000      .41775   0.300E-02
      .99500      .31730   0.300E-02
      .99900      .22854   0.300E-02
      .99950      .21556   0.300E-02
      .99990      .20489   0.300E-02
      .99995      .20363   0.300E-02
      .99999      .20255   0.300E-02
     1.00000      .20102   0.300E-02

      .00000    22.78297   0.400E-02
      .05000    17.02521   0.400E-02
      .10000    14.52199   0.400E-02
      .15000    12.72485   0.400E-02
      .20000    11.34741   0.400E-02
      .25000    10.19532   0.400E-02
      .30000     9.21635   0.400E-02
      .35000     8.35926   0.400E-02
      .40000     7.59130   0.400E-02
      .45000     6.89499   0.400E-02
      .50000     6.25892   0.400E-02
      .55000     5.67213   0.400E-02
      .60000     5.12328   0.400E-02
      .65000     4.60219   0.400E-02
      .70000     4.09990   0.400E-02
      .75000     3.60475   0.400E-02
      .80000     3.10110   0.400E-02
      .85000     2.56496   0.400E-02
      .90000     1.96090   0.400E-02
      .92500     1.61643   0.400E-02
      .95000     1.23398   0.400E-02
      .97000      .88158   0.400E-02
      .99000      .46472   0.400E-02
      .99500      .34665   0.400E-02
      .99900      .23787   0.400E-02
      .99950      .22013   0.400E-02
      .99990      .20331   0.400E-02
      .99995      .20116   0.400E-02
      .99999      .20042   0.400E-02
     1.00000      .19777   0.400E-02

      .00000    23.08434   0.500E-02
      .05000    17.29358   0.500E-02
      .10000    14.96628   0.500E-02
      .15000    13.27722   0.500E-02
      .20000    11.92026   0.500E-02
      .25000    10.74924   0.500E-02
      .30000     9.73207   0.500E-02
      .35000     8.83520   0.500E-02
      .40000     8.04018   0.500E-02
      .45000     7.33006   0.500E-02
      .50000     6.69010   0.500E-02
      .55000     6.10535   0.500E-02
      .60000     5.55935   0.500E-02
      .65000     5.03807   0.500E-02
      .70000     4.53150   0.500E-02
      .75000     4.02617   0.500E-02
      .80000     3.50030   0.500E-02
      .85000     2.91466   0.500E-02
      .90000     2.22114   0.500E-02
      .92500     1.81819   0.500E-02
      .95000     1.37171   0.500E-02
      .97000      .98629   0.500E-02
      .99000      .52116   0.500E-02
      .99500      .38015   0.500E-02
      .99900      .24776   0.500E-02
      .99950      .22568   0.500E-02
      .99990      .20358   0.500E-02
      .99995      .20014   0.500E-02
      .99999      .19757   0.500E-02
     1.00000      .19592   0.500E-02

      .00000    23.44180   0.600E-02
      .05000    17.48593   0.600E-02
      .10000    15.25735   0.600E-02
      .15000    13.62582   0.600E-02
      .20000    12.29874   0.600E-02
      .25000    11.14445   0.600E-02
      .30000    10.13608   0.600E-02
      .35000     9.24202   0.600E-02
      .40000     8.44545   0.600E-02
      .45000     7.73067   0.600E-02
      .50000     7.08405   0.600E-02
      .55000     6.49158   0.600E-02
      .60000     5.93761   0.600E-02
      .65000     5.40830   0.600E-02
      .70000     4.89286   0.600E-02
      .75000     4.37623   0.600E-02
      .80000     3.83336   0.600E-02
      .85000     3.21794   0.600E-02
      .90000     2.47053   0.600E-02
      .92500     2.02555   0.600E-02
      .95000     1.52190   0.600E-02
      .97000     1.08693   0.600E-02
      .99000      .57079   0.600E-02
      .99500      .41238   0.600E-02
      .99900      .25924   0.600E-02
      .99950      .23231   0.600E-02
      .99990      .20390   0.600E-02
      .99995      .19937   0.600E-02
      .99999      .19653   0.600E-02
     1.00000      .19477   0.600E-02

      .00000    23.98135   0.800E-02
      .05000    17.76193   0.800E-02
      .10000    15.69898   0.800E-02
      .15000    14.13591   0.800E-02
      .20000    12.85191   0.800E-02
      .25000    11.72470   0.800E-02
      .30000    10.73481   0.800E-02
      .35000     9.85282   0.800E-02
      .40000     9.06384   0.800E-02
      .45000     8.35303   0.800E-02
      .50000     7.70750   0.800E-02
      .55000     7.11346   0.800E-02
      .60000     6.55498   0.800E-02
      .65000     6.01782   0.800E-02
      .70000     5.49107   0.800E-02
      .75000     4.95901   0.800E-02
      .80000     4.39497   0.800E-02
      .85000     3.74804   0.800E-02
      .90000     2.93834   0.800E-02
      .92500     2.43104   0.800E-02
      .95000     1.82159   0.800E-02
      .97000     1.27172   0.800E-02
      .99000      .65734   0.800E-02
      .99500      .47071   0.800E-02
      .99900      .28602   0.800E-02
      .99950      .24854   0.800E-02
      .99990      .20403   0.800E-02
      .99995      .19727   0.800E-02
      .99999      .19625   0.800E-02
     1.00000      .19348   0.800E-02

      .00000    24.18253   0.100E-01
      .05000    17.85437   0.100E-01
      .10000    15.96332   0.100E-01
      .15000    14.48489   0.100E-01
      .20000    13.25880   0.100E-01
      .25000    12.17083   0.100E-01
      .30000    11.20721   0.100E-01
      .35000    10.34185   0.100E-01
      .40000     9.56242   0.100E-01
      .45000     8.85595   0.100E-01
      .50000     8.21127   0.100E-01
      .55000     7.61632   0.100E-01
      .60000     7.05701   0.100E-01
      .65000     6.51980   0.100E-01
      .70000     5.99234   0.100E-01
      .75000     5.45578   0.100E-01
      .80000     4.87691   0.100E-01
      .85000     4.19061   0.100E-01
      .90000     3.30422   0.100E-01
      .92500     2.74539   0.100E-01
      .95000     2.07624   0.100E-01
      .97000     1.45519   0.100E-01
      .99000      .75964   0.100E-01
      .99500      .53691   0.100E-01
      .99900      .30415   0.100E-01
      .99950      .25913   0.100E-01
      .99990      .20787   0.100E-01
      .99995      .19913   0.100E-01
      .99999      .19393   0.100E-01
     1.00000      .19279   0.100E-01

      .00000    24.52443   0.150E-01
      .05000    18.04681   0.150E-01
      .10000    16.37801   0.150E-01
      .15000    15.02938   0.150E-01
      .20000    13.88984   0.150E-01
      .25000    12.86758   0.150E-01
      .30000    11.95385   0.150E-01
      .35000    11.12802   0.150E-01
      .40000    10.38040   0.150E-01
      .45000     9.70003   0.150E-01
      .50000     9.07703   0.150E-01
      .55000     8.50014   0.150E-01
      .60000     7.95569   0.150E-01
      .65000     7.42996   0.150E-01
      .70000     6.90989   0.150E-01
      .75000     6.37477   0.150E-01
      .80000     5.78652   0.150E-01
      .85000     5.06785   0.150E-01
      .90000     4.09959   0.150E-01
      .92500     3.46369   0.150E-01
      .95000     2.66969   0.150E-01
      .97000     1.88766   0.150E-01
      .99000      .96705   0.150E-01
      .99500      .67384   0.150E-01
      .99900      .35311   0.150E-01
      .99950      .28917   0.150E-01
      .99990      .21495   0.150E-01
      .99995      .20162   0.150E-01
      .99999      .19207   0.150E-01
     1.00000      .19190   0.150E-01

      .00000    24.68111   0.200E-01
      .05000    18.13901   0.200E-01
      .10000    16.59955   0.200E-01
      .15000    15.34046   0.200E-01
      .20000    14.26193   0.200E-01
      .25000    13.28897   0.200E-01
      .30000    12.41496   0.200E-01
      .35000    11.62295   0.200E-01
      .40000    10.90465   0.200E-01
      .45000    10.25044   0.200E-01
      .50000     9.65115   0.200E-01
      .55000     9.09602   0.200E-01
      .60000     8.57130   0.200E-01
      .65000     8.06312   0.200E-01
      .70000     7.55820   0.200E-01
      .75000     7.03501   0.200E-01
      .80000     6.45315   0.200E-01
      .85000     5.72877   0.200E-01
      .90000     4.72531   0.200E-01
      .92500     4.04727   0.200E-01
      .95000     3.17505   0.200E-01
      .97000     2.27748   0.200E-01
      .99000     1.14892   0.200E-01
      .99500      .79371   0.200E-01
      .99900      .39566   0.200E-01
      .99950      .31572   0.200E-01
      .99990      .22248   0.200E-01
      .99995      .20517   0.200E-01
      .99999      .19103   0.200E-01
     1.00000      .19143   0.200E-01

      .00000    24.83238   0.300E-01
      .05000    18.20898   0.300E-01
      .10000    16.83086   0.300E-01
      .15000    15.68361   0.300E-01
      .20000    14.68582   0.300E-01
      .25000    13.78163   0.300E-01
      .30000    12.96598   0.300E-01
      .35000    12.22573   0.300E-01
      .40000    11.55421   0.300E-01
      .45000    10.94343   0.300E-01
      .50000    10.38529   0.300E-01
      .55000     9.86963   0.300E-01
      .60000     9.38271   0.300E-01
      .65000     8.91053   0.300E-01
      .70000     8.43997   0.300E-01
      .75000     7.94917   0.300E-01
      .80000     7.39590   0.300E-01
      .85000     6.69032   0.300E-01
      .90000     5.67515   0.300E-01
      .92500     4.96068   0.300E-01
      .95000     4.00086   0.300E-01
      .97000     2.94935   0.300E-01
      .99000     1.46102   0.300E-01
      .99500     1.00004   0.300E-01
      .99900      .46885   0.300E-01
      .99950      .36197   0.300E-01
      .99990      .23716   0.300E-01
      .99995      .21309   0.300E-01
      .99999      .19042   0.300E-01
     1.00000      .19096   0.300E-01

      .00000    24.88239   0.400E-01
      .05000    18.23367   0.400E-01
      .10000    16.95129   0.400E-01
      .15000    15.86961   0.400E-01
      .20000    14.92199   0.400E-01
      .25000    14.06264   0.400E-01
      .30000    13.28703   0.400E-01
      .35000    12.58406   0.400E-01
      .40000    11.94768   0.400E-01
      .45000    11.37081   0.400E-01
      .50000    10.84584   0.400E-01
      .55000    10.36283   0.400E-01
      .60000     9.90768   0.400E-01
      .65000     9.46615   0.400E-01
      .70000     9.02583   0.400E-01
      .75000     8.56558   0.400E-01
      .80000     8.04401   0.400E-01
      .85000     7.37159   0.400E-01
      .90000     6.38180   0.400E-01
      .92500     5.66406   0.400E-01
      .95000     4.66598   0.400E-01
      .97000     3.51569   0.400E-01
      .99000     1.74232   0.400E-01
      .99500     1.17025   0.400E-01
      .99900      .53675   0.400E-01
      .99950      .40511   0.400E-01
      .99990      .24916   0.400E-01
      .99995      .21924   0.400E-01
      .99999      .19200   0.400E-01
     1.00000      .19074   0.400E-01

      .00000    24.84901   0.500E-01
      .05000    18.24203   0.500E-01
      .10000    17.03532   0.500E-01
      .15000    16.00406   0.500E-01
      .20000    15.09238   0.500E-01
      .25000    14.26231   0.500E-01
      .30000    13.51037   0.500E-01
      .35000    12.82769   0.500E-01
      .40000    12.20992   0.500E-01
      .45000    11.65149   0.500E-01
      .50000    11.14650   0.500E-01
      .55000    10.68722   0.500E-01
      .60000    10.26249   0.500E-01
      .65000     9.85923   0.500E-01
      .70000     9.46171   0.500E-01
      .75000     9.04103   0.500E-01
      .80000     8.54987   0.500E-01
      .85000     7.90267   0.500E-01
      .90000     6.93323   0.500E-01
      .92500     6.21852   0.500E-01
      .95000     5.20639   0.500E-01
      .97000     3.99993   0.500E-01
      .99000     2.01781   0.500E-01
      .99500     1.32350   0.500E-01
      .99900      .59289   0.500E-01
      .99950      .44266   0.500E-01
      .99990      .26257   0.500E-01
      .99995      .22641   0.500E-01
      .99999      .19290   0.500E-01
     1.00000      .19061   0.500E-01

      .00000    24.79501   0.600E-01
      .05000    18.24380   0.600E-01
      .10000    17.08371   0.600E-01
      .15000    16.08585   0.600E-01
      .20000    15.20091   0.600E-01
      .25000    14.39585   0.600E-01
      .30000    13.66682   0.600E-01
      .35000    13.00590   0.600E-01
      .40000    12.40883   0.600E-01
      .45000    11.87054   0.600E-01
      .50000    11.38560   0.600E-01
      .55000    10.94679   0.600E-01
      .60000    10.54345   0.600E-01
      .65000    10.16301   0.600E-01
      .70000     9.79026   0.600E-01
      .75000     9.39654   0.600E-01
      .80000     8.93503   0.600E-01
      .85000     8.32105   0.600E-01
      .90000     7.38486   0.600E-01
      .92500     6.68076   0.600E-01
      .95000     5.66313   0.600E-01
      .97000     4.41787   0.600E-01
      .99000     2.27723   0.600E-01
      .99500     1.47165   0.600E-01
      .99900      .64350   0.600E-01
      .99950      .47561   0.600E-01
      .99990      .27503   0.600E-01
      .99995      .23415   0.600E-01
      .99999      .19414   0.600E-01
     1.00000      .19054   0.600E-01

      .00000    24.66566   0.800E-01
      .05000    18.24799   0.800E-01
      .10000    17.14978   0.800E-01
      .15000    16.19728   0.800E-01
      .20000    15.34865   0.800E-01
      .25000    14.57733   0.800E-01
      .30000    13.87999   0.800E-01
      .35000    13.24967   0.800E-01
      .40000    12.68255   0.800E-01
      .45000    12.17412   0.800E-01
      .50000    11.71961   0.800E-01
      .55000    11.31256   0.800E-01
      .60000    10.94308   0.800E-01
      .65000    10.59946   0.800E-01
      .70000    10.26755   0.800E-01
      .75000     9.91955   0.800E-01
      .80000     9.51010   0.800E-01
      .85000     8.95728   0.800E-01
      .90000     8.08853   0.800E-01
      .92500     7.41284   0.800E-01
      .95000     6.40288   0.800E-01
      .97000     5.11540   0.800E-01
      .99000     2.74383   0.800E-01
      .99500     1.75926   0.800E-01
      .99900      .73547   0.800E-01
      .99950      .53548   0.800E-01
      .99990      .29799   0.800E-01
      .99995      .24875   0.800E-01
      .99999      .19709   0.800E-01
     1.00000      .19045   0.800E-01

      .00000    24.55406   0.100E+00
      .05000    18.25522   0.100E+00
      .10000    17.19759   0.100E+00
      .15000    16.27434   0.100E+00
      .20000    15.44858   0.100E+00
      .25000    14.69862   0.100E+00
      .30000    14.02120   0.100E+00
      .35000    13.41059   0.100E+00
      .40000    12.86337   0.100E+00
      .45000    12.37561   0.100E+00
      .50000    11.94301   0.100E+00
      .55000    11.55954   0.100E+00
      .60000    11.21596   0.100E+00
      .65000    10.90122   0.100E+00
      .70000    10.60203   0.100E+00
      .75000    10.29135   0.100E+00
      .80000     9.92531   0.100E+00
      .85000     9.42484   0.100E+00
      .90000     8.61791   0.100E+00
      .92500     7.97284   0.100E+00
      .95000     6.98278   0.100E+00
      .97000     5.68047   0.100E+00
      .99000     3.15407   0.100E+00
      .99500     2.03535   0.100E+00
      .99900      .81908   0.100E+00
      .99950      .58975   0.100E+00
      .99990      .31891   0.100E+00
      .99995      .26231   0.100E+00
      .99999      .20034   0.100E+00
     1.00000      .19039   0.100E+00

      .00000    24.31941   0.150E+00
      .05000    18.27412   0.150E+00
      .10000    17.27608   0.150E+00
      .15000    16.39444   0.150E+00
      .20000    15.60071   0.150E+00
      .25000    14.88003   0.150E+00
      .30000    14.23007   0.150E+00
      .35000    13.64702   0.150E+00
      .40000    13.12877   0.150E+00
      .45000    12.67251   0.150E+00
      .50000    12.27481   0.150E+00
      .55000    11.93060   0.150E+00
      .60000    11.63169   0.150E+00
      .65000    11.36818   0.150E+00
      .70000    11.12841   0.150E+00
      .75000    10.88693   0.150E+00
      .80000    10.60285   0.150E+00
      .85000    10.20351   0.150E+00
      .90000     9.52372   0.150E+00
      .92500     8.95037   0.150E+00
      .95000     8.02578   0.150E+00
      .97000     6.73869   0.150E+00
      .99000     4.00407   0.150E+00
      .99500     2.65372   0.150E+00
      .99900     1.00494   0.150E+00
      .99950      .71008   0.150E+00
      .99990      .36501   0.150E+00
      .99995      .29265   0.150E+00
      .99999      .20879   0.150E+00
     1.00000      .19031   0.150E+00

      .00000    23.98978   0.200E+00
      .05000    18.28709   0.200E+00
      .10000    17.32114   0.200E+00
      .15000    16.46146   0.200E+00
      .20000    15.68451   0.200E+00
      .25000    14.97959   0.200E+00
      .30000    14.34427   0.200E+00
      .35000    13.77630   0.200E+00
      .40000    13.27434   0.200E+00
      .45000    12.83642   0.200E+00
      .50000    12.45951   0.200E+00
      .55000    12.13942   0.200E+00
      .60000    11.86870   0.200E+00
      .65000    11.63860   0.200E+00
      .70000    11.43866   0.200E+00
      .75000    11.24498   0.200E+00
      .80000    11.01916   0.200E+00
      .85000    10.69353   0.200E+00
      .90000    10.11087   0.200E+00
      .92500     9.59768   0.200E+00
      .95000     8.73893   0.200E+00
      .97000     7.49435   0.200E+00
      .99000     4.67787   0.200E+00
      .99500     3.17908   0.200E+00
      .99900     1.16944   0.200E+00
      .99950      .81655   0.200E+00
      .99990      .40517   0.200E+00
      .99995      .31930   0.200E+00
      .99999      .21714   0.200E+00
     1.00000      .19026   0.200E+00

      .00000    23.15260   0.300E+00
      .05000    18.29796   0.300E+00
      .10000    17.36446   0.300E+00
      .15000    16.52750   0.300E+00
      .20000    15.76877   0.300E+00
      .25000    15.08193   0.300E+00
      .30000    14.46419   0.300E+00
      .35000    13.91419   0.300E+00
      .40000    13.43159   0.300E+00
      .45000    13.01480   0.300E+00
      .50000    12.66195   0.300E+00
      .55000    12.36971   0.300E+00
      .60000    12.13204   0.300E+00
      .65000    11.94200   0.300E+00
      .70000    11.79150   0.300E+00
      .75000    11.65957   0.300E+00
      .80000    11.51233   0.300E+00
      .85000    11.28892   0.300E+00
      .90000    10.84577   0.300E+00
      .92500    10.42474   0.300E+00
      .95000     9.67854   0.300E+00
      .97000     8.53285   0.300E+00
      .99000     5.70277   0.300E+00
      .99500     4.03303   0.300E+00
      .99900     1.45963   0.300E+00
      .99950     1.00502   0.300E+00
      .99990      .47465   0.300E+00
      .99995      .36547   0.300E+00
      .99999      .23297   0.300E+00
     1.00000      .19023   0.300E+00

      .00000    22.44159   0.400E+00
      .05000    18.30092   0.400E+00
      .10000    17.38356   0.400E+00
      .15000    16.55815   0.400E+00
      .20000    15.80948   0.400E+00
      .25000    15.13318   0.400E+00
      .30000    14.52575   0.400E+00
      .35000    13.98649   0.400E+00
      .40000    13.51522   0.400E+00
      .45000    13.11069   0.400E+00
      .50000    12.77135   0.400E+00
      .55000    12.49481   0.400E+00
      .60000    12.27595   0.400E+00
      .65000    12.10919   0.400E+00
      .70000    11.98816   0.400E+00
      .75000    11.89457   0.400E+00
      .80000    11.79812   0.400E+00
      .85000    11.64332   0.400E+00
      .90000    11.29783   0.400E+00
      .92500    10.94469   0.400E+00
      .95000    10.28747   0.400E+00
      .97000     9.23335   0.400E+00
      .99000     6.46404   0.400E+00
      .99500     4.70915   0.400E+00
      .99900     1.71445   0.400E+00
      .99950     1.17215   0.400E+00
      .99990      .53517   0.400E+00
      .99995      .40552   0.400E+00
      .99999      .24756   0.400E+00
     1.00000      .19021   0.400E+00

      .00000    21.92546   0.500E+00
      .05000    18.30154   0.500E+00
      .10000    17.39412   0.500E+00
      .15000    16.57613   0.500E+00
      .20000    15.83383   0.500E+00
      .25000    15.16409   0.500E+00
      .30000    14.56336   0.500E+00
      .35000    14.03129   0.500E+00
      .40000    13.56734   0.500E+00
      .45000    13.17068   0.500E+00
      .50000    12.84016   0.500E+00
      .55000    12.57372   0.500E+00
      .60000    12.36708   0.500E+00
      .65000    12.21558   0.500E+00
      .70000    12.11418   0.500E+00
      .75000    12.04660   0.500E+00
      .80000    11.98564   0.500E+00
      .85000    11.88051   0.500E+00
      .90000    11.60876   0.500E+00
      .92500    11.30854   0.500E+00
      .95000    10.72306   0.500E+00
      .97000     9.74828   0.500E+00
      .99000     7.06232   0.500E+00
      .99500     5.26591   0.500E+00
      .99900     1.94386   0.500E+00
      .99950     1.32456   0.500E+00
      .99990      .58994   0.500E+00
      .99995      .44152   0.500E+00
      .99999      .26108   0.500E+00
     1.00000      .19020   0.500E+00

      .00000    21.56851   0.600E+00
      .05000    18.30141   0.600E+00
      .10000    17.40131   0.600E+00
      .15000    16.58841   0.600E+00
      .20000    15.85085   0.600E+00
      .25000    15.18554   0.600E+00
      .30000    14.58933   0.600E+00
      .35000    14.06204   0.600E+00
      .40000    13.60329   0.600E+00
      .45000    13.21208   0.600E+00
      .50000    12.88766   0.600E+00
      .55000    12.62836   0.600E+00
      .60000    12.43037   0.600E+00
      .65000    12.28965   0.600E+00
      .70000    12.20213   0.600E+00
      .75000    12.15324   0.600E+00
      .80000    12.11828   0.600E+00
      .85000    12.05090   0.600E+00
      .90000    11.83752   0.600E+00
      .92500    11.58017   0.600E+00
      .95000    11.05387   0.600E+00
      .97000    10.14718   0.600E+00
      .99000     7.54890   0.600E+00
      .99500     5.73513   0.600E+00
      .99900     2.18707   0.600E+00
      .99950     1.46590   0.600E+00
      .99990      .64060   0.600E+00
      .99995      .47460   0.600E+00
      .99999      .27374   0.600E+00
     1.00000      .19019   0.600E+00

      .00000    21.11317   0.800E+00
      .05000    18.30072   0.800E+00
      .10000    17.41072   0.800E+00
      .15000    16.60503   0.800E+00
      .20000    15.87371   0.800E+00
      .25000    15.21380   0.800E+00
      .30000    14.62335   0.800E+00
      .35000    14.10208   0.800E+00
      .40000    13.64977   0.800E+00
      .45000    13.26562   0.800E+00
      .50000    12.94922   0.800E+00
      .55000    12.69941   0.800E+00
      .60000    12.51290   0.800E+00
      .65000    12.38644   0.800E+00
      .70000    12.31734   0.800E+00
      .75000    12.29335   0.800E+00
      .80000    12.29385   0.800E+00
      .85000    12.28009   0.800E+00
      .90000    12.15383   0.800E+00
      .92500    11.96227   0.800E+00
      .95000    11.52896   0.800E+00
      .97000    10.73334   0.800E+00
      .99000     8.30311   0.800E+00
      .99500     6.49382   0.800E+00
      .99900     2.68193   0.800E+00
      .99950     1.72316   0.800E+00
      .99990      .73319   0.800E+00
      .99995      .53454   0.800E+00
      .99999      .29704   0.800E+00
     1.00000      .19018   0.800E+00

      .00000    20.82338   0.100E+01
      .05000    18.30008   0.100E+01
      .10000    17.41685   0.100E+01
      .15000    16.61581   0.100E+01
      .20000    15.88847   0.100E+01
      .25000    15.23185   0.100E+01
      .30000    14.64462   0.100E+01
      .35000    14.12688   0.100E+01
      .40000    13.67846   0.100E+01
      .45000    13.29867   0.100E+01
      .50000    12.98729   0.100E+01
      .55000    12.74360   0.100E+01
      .60000    12.56436   0.100E+01
      .65000    12.44689   0.100E+01
      .70000    12.38941   0.100E+01
      .75000    12.38133   0.100E+01
      .80000    12.40489   0.100E+01
      .85000    12.42735   0.100E+01
      .90000    12.36286   0.100E+01
      .92500    12.21984   0.100E+01
      .95000    11.85724   0.100E+01
      .97000    11.14915   0.100E+01
      .99000     8.86871   0.100E+01
      .99500     7.08787   0.100E+01
      .99900     3.10813   0.100E+01
      .99950     1.95389   0.100E+01
      .99990      .81745   0.100E+01
      .99995      .58872   0.100E+01
      .99999      .31822   0.100E+01
     1.00000      .19017   0.100E+01

      .00000    20.38074   0.150E+01
      .05000    18.30231   0.150E+01
      .10000    17.42894   0.150E+01
      .15000    16.63193   0.150E+01
      .20000    15.90707   0.150E+01
      .25000    15.25387   0.150E+01
      .30000    14.67144   0.150E+01
      .35000    14.15939   0.150E+01
      .40000    13.71734   0.150E+01
      .45000    13.34472   0.150E+01
      .50000    13.04134   0.150E+01
      .55000    12.80662   0.150E+01
      .60000    12.63724   0.150E+01
      .65000    12.53128   0.150E+01
      .70000    12.48886   0.150E+01
      .75000    12.50234   0.150E+01
      .80000    12.55949   0.150E+01
      .85000    12.63824   0.150E+01
      .90000    12.66959   0.150E+01
      .92500    12.60247   0.150E+01
      .95000    12.36370   0.150E+01
      .97000    11.81762   0.150E+01
      .99000     9.82994   0.150E+01
      .99500     8.16444   0.150E+01
      .99900     3.98936   0.150E+01
      .99950     2.50982   0.150E+01
      .99990     1.00523   0.150E+01
      .99995      .70807   0.150E+01
      .99999      .36507   0.150E+01
     1.00000      .19016   0.150E+01

      .00000    20.13216   0.200E+01
      .05000    18.30211   0.200E+01
      .10000    17.43340   0.200E+01
      .15000    16.63951   0.200E+01
      .20000    15.91732   0.200E+01
      .25000    15.26668   0.200E+01
      .30000    14.68672   0.200E+01
      .35000    14.17702   0.200E+01
      .40000    13.73755   0.200E+01
      .45000    13.36815   0.200E+01
      .50000    13.06846   0.200E+01
      .55000    12.83832   0.200E+01
      .60000    12.67426   0.200E+01
      .65000    12.57504   0.200E+01
      .70000    12.54157   0.200E+01
      .75000    12.56742   0.200E+01
      .80000    12.64254   0.200E+01
      .85000    12.75007   0.200E+01
      .90000    12.83463   0.200E+01
      .92500    12.81489   0.200E+01
      .95000    12.65519   0.200E+01
      .97000    12.21864   0.200E+01
      .99000    10.45743   0.200E+01
      .99500     8.89707   0.200E+01
      .99900     4.67940   0.200E+01
      .99950     3.07628   0.200E+01
      .99990     1.17049   0.200E+01
      .99995      .81443   0.200E+01
      .99999      .40558   0.200E+01
     1.00000      .19016   0.200E+01

      .00000    19.89723   0.300E+01
      .05000    18.31097   0.300E+01
      .10000    17.43520   0.300E+01
      .15000    16.63977   0.300E+01
      .20000    15.91979   0.300E+01
      .25000    15.27293   0.300E+01
      .30000    14.69778   0.300E+01
      .35000    14.19322   0.300E+01
      .40000    13.75875   0.300E+01
      .45000    13.39406   0.300E+01
      .50000    13.09864   0.300E+01
      .55000    12.87160   0.300E+01
      .60000    12.70853   0.300E+01
      .65000    12.60876   0.300E+01
      .70000    12.57878   0.300E+01
      .75000    12.62493   0.300E+01
      .80000    12.74412   0.300E+01
      .85000    12.89810   0.300E+01
      .90000    13.02016   0.300E+01
      .92500    13.03666   0.300E+01
      .95000    12.96202   0.300E+01
      .97000    12.67763   0.300E+01
      .99000    11.26671   0.300E+01
      .99500     9.85536   0.300E+01
      .99900     5.72113   0.300E+01
      .99950     3.98207   0.300E+01
      .99990     1.46031   0.300E+01
      .99995     1.00279   0.300E+01
      .99999      .47530   0.300E+01
     1.00000      .19015   0.300E+01

      .00000    19.73041   0.400E+01
      .05000    18.30135   0.400E+01
      .10000    17.43845   0.400E+01
      .15000    16.64941   0.400E+01
      .20000    15.93174   0.400E+01
      .25000    15.28526   0.400E+01
      .30000    14.70932   0.400E+01
      .35000    14.20395   0.400E+01
      .40000    13.76945   0.400E+01
      .45000    13.40548   0.400E+01
      .50000    13.11154   0.400E+01
      .55000    12.88709   0.400E+01
      .60000    12.73082   0.400E+01
      .65000    12.64268   0.400E+01
      .70000    12.62411   0.400E+01
      .75000    12.66992   0.400E+01
      .80000    12.77237   0.400E+01
      .85000    12.92561   0.400E+01
      .90000    13.10423   0.400E+01
      .92500    13.17172   0.400E+01
      .95000    13.15312   0.400E+01
      .97000    12.92715   0.400E+01
      .99000    11.73679   0.400E+01
      .99500    10.53653   0.400E+01
      .99900     6.49866   0.400E+01
      .99950     4.67266   0.400E+01
      .99990     1.71252   0.400E+01
      .99995     1.17600   0.400E+01
      .99999      .53574   0.400E+01
     1.00000      .19015   0.400E+01

      .00000    19.64166   0.500E+01
      .05000    18.30083   0.500E+01
      .10000    17.43961   0.500E+01
      .15000    16.65141   0.500E+01
      .20000    15.93467   0.500E+01
      .25000    15.28924   0.500E+01
      .30000    14.71436   0.500E+01
      .35000    14.20991   0.500E+01
      .40000    13.77581   0.500E+01
      .45000    13.41226   0.500E+01
      .50000    13.11939   0.500E+01
      .55000    12.89674   0.500E+01
      .60000    12.74268   0.500E+01
      .65000    12.65682   0.500E+01
      .70000    12.64095   0.500E+01
      .75000    12.69133   0.500E+01
      .80000    12.80161   0.500E+01
      .85000    12.96605   0.500E+01
      .90000    13.15849   0.500E+01
      .92500    13.23931   0.500E+01
      .95000    13.26343   0.500E+01
      .97000    13.12056   0.500E+01
      .99000    12.08418   0.500E+01
      .99500    10.93956   0.500E+01
      .99900     7.10820   0.500E+01
      .99950     5.26699   0.500E+01
      .99990     1.97989   0.500E+01
      .99995     1.32343   0.500E+01
      .99999      .59090   0.500E+01
     1.00000      .19015   0.500E+01

      .00000    19.57948   0.600E+01
      .05000    18.30049   0.600E+01
      .10000    17.44029   0.600E+01
      .15000    16.65280   0.600E+01
      .20000    15.93652   0.600E+01
      .25000    15.29167   0.600E+01
      .30000    14.71754   0.600E+01
      .35000    14.21379   0.600E+01
      .40000    13.78042   0.600E+01
      .45000    13.41762   0.600E+01
      .50000    13.12545   0.600E+01
      .55000    12.90359   0.600E+01
      .60000    12.75064   0.600E+01
      .65000    12.66625   0.600E+01
      .70000    12.65239   0.600E+01
      .75000    12.70561   0.600E+01
      .80000    12.82026   0.600E+01
      .85000    12.99225   0.600E+01
      .90000    13.19844   0.600E+01
      .92500    13.29168   0.600E+01
      .95000    13.33924   0.600E+01
      .97000    13.23975   0.600E+01
      .99000    12.33722   0.600E+01
      .99500    11.28018   0.600E+01
      .99900     7.60049   0.600E+01
      .99950     5.75256   0.600E+01
      .99990     2.33416   0.600E+01
      .99995     1.46590   0.600E+01
      .99999      .64141   0.600E+01
     1.00000      .19015   0.600E+01

      .00000    19.49872   0.800E+01
      .05000    18.30063   0.800E+01
      .10000    17.44179   0.800E+01
      .15000    16.65504   0.800E+01
      .20000    15.93946   0.800E+01
      .25000    15.29513   0.800E+01
      .30000    14.72152   0.800E+01
      .35000    14.21850   0.800E+01
      .40000    13.78610   0.800E+01
      .45000    13.42445   0.800E+01
      .50000    13.13338   0.800E+01
      .55000    12.91263   0.800E+01
      .60000    12.76094   0.800E+01
      .65000    12.67820   0.800E+01
      .70000    12.66677   0.800E+01
      .75000    12.72344   0.800E+01
      .80000    12.84372   0.800E+01
      .85000    13.02507   0.800E+01
      .90000    13.24872   0.800E+01
      .92500    13.35841   0.800E+01
      .95000    13.43623   0.800E+01
      .97000    13.39390   0.800E+01
      .99000    12.68857   0.800E+01
      .99500    11.77183   0.800E+01
      .99900     8.36328   0.800E+01
      .99950     6.53390   0.800E+01
      .99990     2.92236   0.800E+01
      .99995     1.83702   0.800E+01
      .99999      .73369   0.800E+01
     1.00000      .19015   0.800E+01

      .00000    19.45152   0.100E+02
      .05000    18.30191   0.100E+02
      .10000    17.44398   0.100E+02
      .15000    16.65770   0.100E+02
      .20000    15.94233   0.100E+02
      .25000    15.29780   0.100E+02
      .30000    14.72410   0.100E+02
      .35000    14.22105   0.100E+02
      .40000    13.78932   0.100E+02
      .45000    13.42858   0.100E+02
      .50000    13.13845   0.100E+02
      .55000    12.91859   0.100E+02
      .60000    12.76755   0.100E+02
      .65000    12.68552   0.100E+02
      .70000    12.67529   0.100E+02
      .75000    12.73384   0.100E+02
      .80000    12.85775   0.100E+02
      .85000    13.04407   0.100E+02
      .90000    13.27727   0.100E+02
      .92500    13.39802   0.100E+02
      .95000    13.49499   0.100E+02
      .97000    13.48802   0.100E+02
      .99000    12.92142   0.100E+02
      .99500    12.11608   0.100E+02
      .99900     8.93565   0.100E+02
      .99950     7.14255   0.100E+02
      .99990     3.39184   0.100E+02
      .99995     2.19428   0.100E+02
      .99999      .81783   0.100E+02
     1.00000      .19015   0.100E+02

