      .00000     5.66971   0.100E-05
      .05000     5.75923   0.100E-05
      .10000     5.81961   0.100E-05
      .15000     5.85588   0.100E-05
      .20000     5.87147   0.100E-05
      .25000     5.87069   0.100E-05
      .30000     5.85583   0.100E-05
      .35000     5.82996   0.100E-05
      .40000     5.79705   0.100E-05
      .45000     5.75799   0.100E-05
      .50000     5.71313   0.100E-05
      .55000     5.66312   0.100E-05
      .60000     5.60984   0.100E-05
      .65000     5.55551   0.100E-05
      .70000     5.50188   0.100E-05
      .75000     5.45243   0.100E-05
      .80000     5.41061   0.100E-05
      .85000     5.37703   0.100E-05
      .90000     5.34986   0.100E-05
      .92500     5.33673   0.100E-05
      .95000     5.32284   0.100E-05
      .97000     5.31107   0.100E-05
      .99000     5.29913   0.100E-05
      .99500     5.29605   0.100E-05
      .99900     5.29356   0.100E-05
      .99950     5.29325   0.100E-05
      .99990     5.29303   0.100E-05
      .99995     5.29298   0.100E-05
      .99999     5.29295   0.100E-05
     1.00000     5.29296   0.100E-05

      .00000     6.34370   0.150E-05
      .05000     6.42204   0.150E-05
      .10000     6.46840   0.150E-05
      .15000     6.48731   0.150E-05
      .20000     6.47920   0.150E-05
      .25000     6.44579   0.150E-05
      .30000     6.39065   0.150E-05
      .35000     6.31983   0.150E-05
      .40000     6.24094   0.150E-05
      .45000     6.15630   0.150E-05
      .50000     6.06736   0.150E-05
      .55000     5.97627   0.150E-05
      .60000     5.88624   0.150E-05
      .65000     5.80037   0.150E-05
      .70000     5.71927   0.150E-05
      .75000     5.64303   0.150E-05
      .80000     5.57195   0.150E-05
      .85000     5.50692   0.150E-05
      .90000     5.44929   0.150E-05
      .92500     5.42269   0.150E-05
      .95000     5.39372   0.150E-05
      .97000     5.36943   0.150E-05
      .99000     5.35196   0.150E-05
      .99500     5.34792   0.150E-05
      .99900     5.34411   0.150E-05
      .99950     5.34363   0.150E-05
      .99990     5.34326   0.150E-05
      .99995     5.34319   0.150E-05
      .99999     5.34322   0.150E-05
     1.00000     5.34314   0.150E-05

      .00000     6.81394   0.200E-05
      .05000     6.90284   0.200E-05
      .10000     6.93219   0.200E-05
      .15000     6.91528   0.200E-05
      .20000     6.86348   0.200E-05
      .25000     6.78959   0.200E-05
      .30000     6.69843   0.200E-05
      .35000     6.59481   0.200E-05
      .40000     6.48449   0.200E-05
      .45000     6.36917   0.200E-05
      .50000     6.24980   0.200E-05
      .55000     6.12875   0.200E-05
      .60000     6.00967   0.200E-05
      .65000     5.89627   0.200E-05
      .70000     5.78928   0.200E-05
      .75000     5.68885   0.200E-05
      .80000     5.59574   0.200E-05
      .85000     5.51218   0.200E-05
      .90000     5.43757   0.200E-05
      .92500     5.40147   0.200E-05
      .95000     5.36629   0.200E-05
      .97000     5.34022   0.200E-05
      .99000     5.31762   0.200E-05
      .99500     5.31208   0.200E-05
      .99900     5.30760   0.200E-05
      .99950     5.30702   0.200E-05
      .99990     5.30656   0.200E-05
      .99995     5.30650   0.200E-05
      .99999     5.30647   0.200E-05
     1.00000     5.30642   0.200E-05

      .00000     7.48409   0.300E-05
      .05000     7.55675   0.300E-05
      .10000     7.54533   0.300E-05
      .15000     7.47161   0.300E-05
      .20000     7.35477   0.300E-05
      .25000     7.21526   0.300E-05
      .30000     7.06034   0.300E-05
      .35000     6.89630   0.300E-05
      .40000     6.73034   0.300E-05
      .45000     6.56433   0.300E-05
      .50000     6.39887   0.300E-05
      .55000     6.23611   0.300E-05
      .60000     6.07809   0.300E-05
      .65000     5.92737   0.300E-05
      .70000     5.78452   0.300E-05
      .75000     5.64954   0.300E-05
      .80000     5.52306   0.300E-05
      .85000     5.40742   0.300E-05
      .90000     5.30660   0.300E-05
      .92500     5.26301   0.300E-05
      .95000     5.22300   0.300E-05
      .97000     5.19411   0.300E-05
      .99000     5.16571   0.300E-05
      .99500     5.15895   0.300E-05
      .99900     5.15364   0.300E-05
      .99950     5.15292   0.300E-05
      .99990     5.15238   0.300E-05
      .99995     5.15232   0.300E-05
      .99999     5.15228   0.300E-05
     1.00000     5.15226   0.300E-05

      .00000     7.95842   0.400E-05
      .05000     8.01038   0.400E-05
      .10000     7.95851   0.400E-05
      .15000     7.83281   0.400E-05
      .20000     7.65938   0.400E-05
      .25000     7.46523   0.400E-05
      .30000     7.25933   0.400E-05
      .35000     7.04877   0.400E-05
      .40000     6.84137   0.400E-05
      .45000     6.63862   0.400E-05
      .50000     6.44043   0.400E-05
      .55000     6.24823   0.400E-05
      .60000     6.06277   0.400E-05
      .65000     5.88558   0.400E-05
      .70000     5.71707   0.400E-05
      .75000     5.55706   0.400E-05
      .80000     5.40601   0.400E-05
      .85000     5.26637   0.400E-05
      .90000     5.14499   0.400E-05
      .92500     5.09470   0.400E-05
      .95000     5.05024   0.400E-05
      .97000     5.01923   0.400E-05
      .99000     4.98789   0.400E-05
      .99500     4.98066   0.400E-05
      .99900     4.97508   0.400E-05
      .99950     4.97433   0.400E-05
      .99990     4.97379   0.400E-05
      .99995     4.97371   0.400E-05
      .99999     4.97365   0.400E-05
     1.00000     4.97365   0.400E-05

      .00000     8.32519   0.500E-05
      .05000     8.35496   0.500E-05
      .10000     8.26478   0.500E-05
      .15000     8.09239   0.500E-05
      .20000     7.86993   0.500E-05
      .25000     7.62992   0.500E-05
      .30000     7.38247   0.500E-05
      .35000     7.13498   0.500E-05
      .40000     6.89527   0.500E-05
      .45000     6.66424   0.500E-05
      .50000     6.44104   0.500E-05
      .55000     6.22626   0.500E-05
      .60000     6.01986   0.500E-05
      .65000     5.82255   0.500E-05
      .70000     5.63452   0.500E-05
      .75000     5.45525   0.500E-05
      .80000     5.28500   0.500E-05
      .85000     5.12621   0.500E-05
      .90000     4.98726   0.500E-05
      .92500     4.93003   0.500E-05
      .95000     4.88037   0.500E-05
      .97000     4.84684   0.500E-05
      .99000     4.81363   0.500E-05
      .99500     4.80622   0.500E-05
      .99900     4.80058   0.500E-05
      .99950     4.79982   0.500E-05
      .99990     4.79927   0.500E-05
      .99995     4.79921   0.500E-05
      .99999     4.79915   0.500E-05
     1.00000     4.79916   0.500E-05

      .00000     8.62404   0.600E-05
      .05000     8.63131   0.600E-05
      .10000     8.50520   0.600E-05
      .15000     8.29073   0.600E-05
      .20000     8.02541   0.600E-05
      .25000     7.74626   0.600E-05
      .30000     7.46426   0.600E-05
      .35000     7.18661   0.600E-05
      .40000     6.92083   0.600E-05
      .45000     6.66714   0.600E-05
      .50000     6.42392   0.600E-05
      .55000     6.19092   0.600E-05
      .60000     5.96771   0.600E-05
      .65000     5.75437   0.600E-05
      .70000     5.55082   0.600E-05
      .75000     5.35614   0.600E-05
      .80000     5.17021   0.600E-05
      .85000     4.99556   0.600E-05
      .90000     4.84106   0.600E-05
      .92500     4.77673   0.600E-05
      .95000     4.72130   0.600E-05
      .97000     4.68478   0.600E-05
      .99000     4.65020   0.600E-05
      .99500     4.64271   0.600E-05
      .99900     4.63709   0.600E-05
      .99950     4.63633   0.600E-05
      .99990     4.63580   0.600E-05
      .99995     4.63574   0.600E-05
      .99999     4.63568   0.600E-05
     1.00000     4.63568   0.600E-05

      .00000     9.09430   0.800E-05
      .05000     9.05720   0.800E-05
      .10000     8.86581   0.800E-05
      .15000     8.57837   0.800E-05
      .20000     8.24122   0.800E-05
      .25000     7.89860   0.800E-05
      .30000     7.56207   0.800E-05
      .35000     7.23792   0.800E-05
      .40000     6.93233   0.800E-05
      .45000     6.64414   0.800E-05
      .50000     6.37025   0.800E-05
      .55000     6.10889   0.800E-05
      .60000     5.85980   0.800E-05
      .65000     5.62214   0.800E-05
      .70000     5.39522   0.800E-05
      .75000     5.17707   0.800E-05
      .80000     4.96672   0.800E-05
      .85000     4.76681   0.800E-05
      .90000     4.58551   0.800E-05
      .92500     4.50703   0.800E-05
      .95000     4.43927   0.800E-05
      .97000     4.39602   0.800E-05
      .99000     4.35932   0.800E-05
      .99500     4.35176   0.800E-05
      .99900     4.34619   0.800E-05
      .99950     4.34547   0.800E-05
      .99990     4.34495   0.800E-05
      .99995     4.34490   0.800E-05
      .99999     4.34484   0.800E-05
     1.00000     4.34484   0.800E-05

      .00000     9.45722   0.100E-04
      .05000     9.37736   0.100E-04
      .10000     9.12807   0.100E-04
      .15000     8.77911   0.100E-04
      .20000     8.38379   0.100E-04
      .25000     7.99150   0.100E-04
      .30000     7.61355   0.100E-04
      .35000     7.25490   0.100E-04
      .40000     6.92009   0.100E-04
      .45000     6.60634   0.100E-04
      .50000     6.30970   0.100E-04
      .55000     6.02705   0.100E-04
      .60000     5.75870   0.100E-04
      .65000     5.50316   0.100E-04
      .70000     5.25915   0.100E-04
      .75000     5.02366   0.100E-04
      .80000     4.79490   0.100E-04
      .85000     4.57561   0.100E-04
      .90000     4.37210   0.100E-04
      .92500     4.28051   0.100E-04
      .95000     4.20070   0.100E-04
      .97000     4.15038   0.100E-04
      .99000     4.11133   0.100E-04
      .99500     4.10357   0.100E-04
      .99900     4.09790   0.100E-04
      .99950     4.09720   0.100E-04
      .99990     4.09668   0.100E-04
      .99995     4.09661   0.100E-04
      .99999     4.09657   0.100E-04
     1.00000     4.09655   0.100E-04

      .00000    10.10666   0.150E-04
      .05000     9.92778   0.150E-04
      .10000     9.55739   0.150E-04
      .15000     9.08855   0.150E-04
      .20000     8.58550   0.150E-04
      .25000     8.10511   0.150E-04
      .30000     7.65630   0.150E-04
      .35000     7.23998   0.150E-04
      .40000     6.85678   0.150E-04
      .45000     6.49983   0.150E-04
      .50000     6.16538   0.150E-04
      .55000     5.84679   0.150E-04
      .60000     5.54635   0.150E-04
      .65000     5.26098   0.150E-04
      .70000     4.98833   0.150E-04
      .75000     4.72363   0.150E-04
      .80000     4.46369   0.150E-04
      .85000     4.21103   0.150E-04
      .90000     3.96653   0.150E-04
      .92500     3.84859   0.150E-04
      .95000     3.74316   0.150E-04
      .97000     3.67599   0.150E-04
      .99000     3.62860   0.150E-04
      .99500     3.61926   0.150E-04
      .99900     3.61246   0.150E-04
      .99950     3.61167   0.150E-04
      .99990     3.61106   0.150E-04
      .99995     3.61095   0.150E-04
      .99999     3.61092   0.150E-04
     1.00000     3.61088   0.150E-04

      .00000    10.55547   0.200E-04
      .05000    10.28742   0.200E-04
      .10000     9.81931   0.200E-04
      .15000     9.26156   0.200E-04
      .20000     8.68355   0.200E-04
      .25000     8.14449   0.200E-04
      .30000     7.65058   0.200E-04
      .35000     7.19850   0.200E-04
      .40000     6.78430   0.200E-04
      .45000     6.40051   0.200E-04
      .50000     6.04239   0.200E-04
      .55000     5.70143   0.200E-04
      .60000     5.38091   0.200E-04
      .65000     5.07666   0.200E-04
      .70000     4.78549   0.200E-04
      .75000     4.50199   0.200E-04
      .80000     4.22230   0.200E-04
      .85000     3.94830   0.200E-04
      .90000     3.67585   0.200E-04
      .92500     3.53886   0.200E-04
      .95000     3.41382   0.200E-04
      .97000     3.33215   0.200E-04
      .99000     3.27457   0.200E-04
      .99500     3.26288   0.200E-04
      .99900     3.25423   0.200E-04
      .99950     3.25324   0.200E-04
      .99990     3.25248   0.200E-04
      .99995     3.25235   0.200E-04
      .99999     3.25232   0.200E-04
     1.00000     3.25228   0.200E-04

      .00000    11.15957   0.300E-04
      .05000    10.73562   0.300E-04
      .10000    10.11504   0.300E-04
      .15000     9.43104   0.300E-04
      .20000     8.75410   0.300E-04
      .25000     8.14085   0.300E-04
      .30000     7.59187   0.300E-04
      .35000     7.09774   0.300E-04
      .40000     6.64470   0.300E-04
      .45000     6.22871   0.300E-04
      .50000     5.84253   0.300E-04
      .55000     5.47551   0.300E-04
      .60000     5.13096   0.300E-04
      .65000     4.80420   0.300E-04
      .70000     4.49036   0.300E-04
      .75000     4.18404   0.300E-04
      .80000     3.88104   0.300E-04
      .85000     3.58128   0.300E-04
      .90000     3.27378   0.300E-04
      .92500     3.11266   0.300E-04
      .95000     2.96123   0.300E-04
      .97000     2.85734   0.300E-04
      .99000     2.77907   0.300E-04
      .99500     2.76213   0.300E-04
      .99900     2.74926   0.300E-04
      .99950     2.74776   0.300E-04
      .99990     2.74662   0.300E-04
      .99995     2.74642   0.300E-04
      .99999     2.74635   0.300E-04
     1.00000     2.74633   0.300E-04

      .00000    11.73771   0.400E-04
      .05000    10.94314   0.400E-04
      .10000    10.14344   0.400E-04
      .15000     9.41282   0.400E-04
      .20000     8.74089   0.400E-04
      .25000     8.12089   0.400E-04
      .30000     7.54852   0.400E-04
      .35000     7.02068   0.400E-04
      .40000     6.52997   0.400E-04
      .45000     6.07849   0.400E-04
      .50000     5.66665   0.400E-04
      .55000     5.28313   0.400E-04
      .60000     4.92606   0.400E-04
      .65000     4.58936   0.400E-04
      .70000     4.26697   0.400E-04
      .75000     3.95575   0.400E-04
      .80000     3.64920   0.400E-04
      .85000     3.33249   0.400E-04
      .90000     2.99424   0.400E-04
      .92500     2.82123   0.400E-04
      .95000     2.65680   0.400E-04
      .97000     2.53711   0.400E-04
      .99000     2.43603   0.400E-04
      .99500     2.42058   0.400E-04
      .99900     2.40135   0.400E-04
      .99950     2.39832   0.400E-04
      .99990     2.39723   0.400E-04
      .99995     2.39704   0.400E-04
      .99999     2.39714   0.400E-04
     1.00000     2.39693   0.400E-04

      .00000    11.99857   0.500E-04
      .05000    11.11404   0.500E-04
      .10000    10.23429   0.500E-04
      .15000     9.44030   0.500E-04
      .20000     8.71765   0.500E-04
      .25000     8.05801   0.500E-04
      .30000     7.45498   0.500E-04
      .35000     6.90279   0.500E-04
      .40000     6.39557   0.500E-04
      .45000     5.93307   0.500E-04
      .50000     5.51525   0.500E-04
      .55000     5.12739   0.500E-04
      .60000     4.76533   0.500E-04
      .65000     4.42488   0.500E-04
      .70000     4.09724   0.500E-04
      .75000     3.77897   0.500E-04
      .80000     3.46342   0.500E-04
      .85000     3.13598   0.500E-04
      .90000     2.78527   0.500E-04
      .92500     2.60491   0.500E-04
      .95000     2.43144   0.500E-04
      .97000     2.30187   0.500E-04
      .99000     2.18538   0.500E-04
      .99500     2.16413   0.500E-04
      .99900     2.14174   0.500E-04
      .99950     2.13848   0.500E-04
      .99990     2.13689   0.500E-04
      .99995     2.13666   0.500E-04
      .99999     2.13662   0.500E-04
     1.00000     2.13646   0.500E-04

      .00000    12.19004   0.600E-04
      .05000    11.22965   0.600E-04
      .10000    10.28434   0.600E-04
      .15000     9.43965   0.600E-04
      .20000     8.67697   0.600E-04
      .25000     7.98687   0.600E-04
      .30000     7.36105   0.600E-04
      .35000     6.79046   0.600E-04
      .40000     6.27120   0.600E-04
      .45000     5.80266   0.600E-04
      .50000     5.38164   0.600E-04
      .55000     4.99196   0.600E-04
      .60000     4.62722   0.600E-04
      .65000     4.28499   0.600E-04
      .70000     3.95474   0.600E-04
      .75000     3.63250   0.600E-04
      .80000     3.31157   0.600E-04
      .85000     2.97771   0.600E-04
      .90000     2.61978   0.600E-04
      .92500     2.43506   0.600E-04
      .95000     2.25582   0.600E-04
      .97000     2.11921   0.600E-04
      .99000     1.99005   0.600E-04
      .99500     1.96357   0.600E-04
      .99900     1.93856   0.600E-04
      .99950     1.93515   0.600E-04
      .99990     1.93310   0.600E-04
      .99995     1.93283   0.600E-04
      .99999     1.93267   0.600E-04
     1.00000     1.93254   0.600E-04

      .00000    12.45485   0.800E-04
      .05000    11.35972   0.800E-04
      .10000    10.30809   0.800E-04
      .15000     9.38663   0.800E-04
      .20000     8.56805   0.800E-04
      .25000     7.83858   0.800E-04
      .30000     7.18637   0.800E-04
      .35000     6.59737   0.800E-04
      .40000     6.06634   0.800E-04
      .45000     5.59571   0.800E-04
      .50000     5.17341   0.800E-04
      .55000     4.78186   0.800E-04
      .60000     4.41015   0.800E-04
      .65000     4.05786   0.800E-04
      .70000     3.71657   0.800E-04
      .75000     3.38379   0.800E-04
      .80000     3.05621   0.800E-04
      .85000     2.72189   0.800E-04
      .90000     2.36916   0.800E-04
      .92500     2.18496   0.800E-04
      .95000     1.99727   0.800E-04
      .97000     1.84622   0.800E-04
      .99000     1.70050   0.800E-04
      .99500     1.66471   0.800E-04
      .99900     1.63603   0.800E-04
      .99950     1.63258   0.800E-04
      .99990     1.62967   0.800E-04
      .99995     1.62931   0.800E-04
      .99999     1.62901   0.800E-04
     1.00000     1.62893   0.800E-04

      .00000    12.69089   0.100E-03
      .05000    11.45046   0.100E-03
      .10000    10.29832   0.100E-03
      .15000     9.31123   0.100E-03
      .20000     8.45187   0.100E-03
      .25000     7.69771   0.100E-03
      .30000     7.03072   0.100E-03
      .35000     6.43414   0.100E-03
      .40000     5.89697   0.100E-03
      .45000     5.42271   0.100E-03
      .50000     4.99617   0.100E-03
      .55000     4.59997   0.100E-03
      .60000     4.22326   0.100E-03
      .65000     3.86683   0.100E-03
      .70000     3.52555   0.100E-03
      .75000     3.19336   0.100E-03
      .80000     2.86672   0.100E-03
      .85000     2.53373   0.100E-03
      .90000     2.18219   0.100E-03
      .92500     1.99754   0.100E-03
      .95000     1.80684   0.100E-03
      .97000     1.64951   0.100E-03
      .99000     1.49043   0.100E-03
      .99500     1.45038   0.100E-03
      .99900     1.41832   0.100E-03
      .99950     1.41443   0.100E-03
      .99990     1.41113   0.100E-03
      .99995     1.41074   0.100E-03
      .99999     1.41038   0.100E-03
     1.00000     1.41029   0.100E-03

      .00000    13.13356   0.150E-03
      .05000    11.59055   0.150E-03
      .10000    10.24979   0.150E-03
      .15000     9.14259   0.150E-03
      .20000     8.21169   0.150E-03
      .25000     7.41543   0.150E-03
      .30000     6.72129   0.150E-03
      .35000     6.11107   0.150E-03
      .40000     5.57115   0.150E-03
      .45000     5.09146   0.150E-03
      .50000     4.65801   0.150E-03
      .55000     4.25453   0.150E-03
      .60000     3.87068   0.150E-03
      .65000     3.50622   0.150E-03
      .70000     3.16634   0.150E-03
      .75000     2.84008   0.150E-03
      .80000     2.52186   0.150E-03
      .85000     2.19986   0.150E-03
      .90000     1.86058   0.150E-03
      .92500     1.68007   0.150E-03
      .95000     1.48795   0.150E-03
      .97000     1.32289   0.150E-03
      .99000     1.14737   0.150E-03
      .99500     1.10159   0.150E-03
      .99900     1.06481   0.150E-03
      .99950     1.06032   0.150E-03
      .99990     1.05653   0.150E-03
      .99995     1.05608   0.150E-03
      .99999     1.05565   0.150E-03
     1.00000     1.05558   0.150E-03

      .00000    13.49116   0.200E-03
      .05000    11.69542   0.200E-03
      .10000    10.21704   0.200E-03
      .15000     9.02484   0.200E-03
      .20000     8.03947   0.200E-03
      .25000     7.21203   0.200E-03
      .30000     6.50260   0.200E-03
      .35000     5.88347   0.200E-03
      .40000     5.34133   0.200E-03
      .45000     4.85929   0.200E-03
      .50000     4.42083   0.200E-03
      .55000     4.01251   0.200E-03
      .60000     3.62460   0.200E-03
      .65000     3.25577   0.200E-03
      .70000     2.91419   0.200E-03
      .75000     2.59473   0.200E-03
      .80000     2.28600   0.200E-03
      .85000     1.97638   0.200E-03
      .90000     1.65143   0.200E-03
      .92500     1.47702   0.200E-03
      .95000     1.28740   0.200E-03
      .97000     1.12075   0.200E-03
      .99000      .93997   0.200E-03
      .99500      .89194   0.200E-03
      .99900      .85323   0.200E-03
      .99950      .84850   0.200E-03
      .99990      .84453   0.200E-03
      .99995      .84405   0.200E-03
      .99999      .84360   0.200E-03
     1.00000      .84356   0.200E-03

      .00000    14.13367   0.300E-03
      .05000    11.88420   0.300E-03
      .10000    10.22075   0.300E-03
      .15000     8.93671   0.300E-03
      .20000     7.89067   0.300E-03
      .25000     7.01189   0.300E-03
      .30000     6.27284   0.300E-03
      .35000     5.63610   0.300E-03
      .40000     5.07937   0.300E-03
      .45000     4.58597   0.300E-03
      .50000     4.13619   0.300E-03
      .55000     3.71804   0.300E-03
      .60000     3.32583   0.300E-03
      .65000     2.95754   0.300E-03
      .70000     2.61565   0.300E-03
      .75000     2.30218   0.300E-03
      .80000     2.00161   0.300E-03
      .85000     1.70482   0.300E-03
      .90000     1.40033   0.300E-03
      .92500     1.23669   0.300E-03
      .95000     1.05655   0.300E-03
      .97000      .89479   0.300E-03
      .99000      .71134   0.300E-03
      .99500      .66175   0.300E-03
      .99900      .62183   0.300E-03
      .99950      .61660   0.300E-03
      .99990      .61275   0.300E-03
      .99995      .61227   0.300E-03
      .99999      .61189   0.300E-03
     1.00000      .61176   0.300E-03

      .00000    14.72696   0.400E-03
      .05000    12.12535   0.400E-03
      .10000    10.32829   0.400E-03
      .15000     8.96251   0.400E-03
      .20000     7.86684   0.400E-03
      .25000     6.94923   0.400E-03
      .30000     6.18808   0.400E-03
      .35000     5.54080   0.400E-03
      .40000     4.97134   0.400E-03
      .45000     4.46302   0.400E-03
      .50000     4.00259   0.400E-03
      .55000     3.57924   0.400E-03
      .60000     3.18419   0.400E-03
      .65000     2.81259   0.400E-03
      .70000     2.46513   0.400E-03
      .75000     2.14535   0.400E-03
      .80000     1.84923   0.400E-03
      .85000     1.55726   0.400E-03
      .90000     1.26255   0.400E-03
      .92500     1.10830   0.400E-03
      .95000      .93534   0.400E-03
      .97000      .77600   0.400E-03
      .99000      .59176   0.400E-03
      .99500      .54228   0.400E-03
      .99900      .50179   0.400E-03
      .99950      .49645   0.400E-03
      .99990      .49248   0.400E-03
      .99995      .49195   0.400E-03
      .99999      .49158   0.400E-03
     1.00000      .49145   0.400E-03

      .00000    15.26876   0.500E-03
      .05000    12.38216   0.500E-03
      .10000    10.48895   0.500E-03
      .15000     9.05437   0.500E-03
      .20000     7.91823   0.500E-03
      .25000     6.97135   0.500E-03
      .30000     6.18812   0.500E-03
      .35000     5.52626   0.500E-03
      .40000     4.94489   0.500E-03
      .45000     4.42434   0.500E-03
      .50000     3.95324   0.500E-03
      .55000     3.52184   0.500E-03
      .60000     3.12079   0.500E-03
      .65000     2.74432   0.500E-03
      .70000     2.39157   0.500E-03
      .75000     2.06428   0.500E-03
      .80000     1.76492   0.500E-03
      .85000     1.47511   0.500E-03
      .90000     1.18503   0.500E-03
      .92500     1.03453   0.500E-03
      .95000      .86451   0.500E-03
      .97000      .70616   0.500E-03
      .99000      .52078   0.500E-03
      .99500      .47083   0.500E-03
      .99900      .42984   0.500E-03
      .99950      .42443   0.500E-03
      .99990      .42039   0.500E-03
      .99995      .41985   0.500E-03
      .99999      .41948   0.500E-03
     1.00000      .41932   0.500E-03

      .00000    15.71508   0.600E-03
      .05000    12.70008   0.600E-03
      .10000    10.73024   0.600E-03
      .15000     9.18839   0.600E-03
      .20000     7.97226   0.600E-03
      .25000     6.99320   0.600E-03
      .30000     6.20275   0.600E-03
      .35000     5.54393   0.600E-03
      .40000     4.96441   0.600E-03
      .45000     4.44125   0.600E-03
      .50000     3.96330   0.600E-03
      .55000     3.52226   0.600E-03
      .60000     3.11065   0.600E-03
      .65000     2.72380   0.600E-03
      .70000     2.36096   0.600E-03
      .75000     2.02372   0.600E-03
      .80000     1.71716   0.600E-03
      .85000     1.43200   0.600E-03
      .90000     1.14466   0.600E-03
      .92500      .99173   0.600E-03
      .95000      .82126   0.600E-03
      .97000      .66384   0.600E-03
      .99000      .47624   0.600E-03
      .99500      .42480   0.600E-03
      .99900      .38330   0.600E-03
      .99950      .37808   0.600E-03
      .99990      .37379   0.600E-03
      .99995      .37328   0.600E-03
      .99999      .37279   0.600E-03
     1.00000      .37268   0.600E-03

      .00000    16.55174   0.800E-03
      .05000    13.17193   0.800E-03
      .10000    11.09013   0.800E-03
      .15000     9.45237   0.800E-03
      .20000     8.17468   0.800E-03
      .25000     7.16908   0.800E-03
      .30000     6.35810   0.800E-03
      .35000     5.67787   0.800E-03
      .40000     5.07697   0.800E-03
      .45000     4.53394   0.800E-03
      .50000     4.03813   0.800E-03
      .55000     3.58146   0.800E-03
      .60000     3.15662   0.800E-03
      .65000     2.75827   0.800E-03
      .70000     2.38369   0.800E-03
      .75000     2.03156   0.800E-03
      .80000     1.70472   0.800E-03
      .85000     1.40831   0.800E-03
      .90000     1.11685   0.800E-03
      .92500      .96153   0.800E-03
      .95000      .78705   0.800E-03
      .97000      .62434   0.800E-03
      .99000      .42835   0.800E-03
      .99500      .37436   0.800E-03
      .99900      .33063   0.800E-03
      .99950      .32509   0.800E-03
      .99990      .32057   0.800E-03
      .99995      .32003   0.800E-03
      .99999      .31953   0.800E-03
     1.00000      .31941   0.800E-03

      .00000    17.23419   0.100E-02
      .05000    13.57787   0.100E-02
      .10000    11.41439   0.100E-02
      .15000     9.71371   0.100E-02
      .20000     8.39986   0.100E-02
      .25000     7.37535   0.100E-02
      .30000     6.54959   0.100E-02
      .35000     5.85286   0.100E-02
      .40000     5.23482   0.100E-02
      .45000     4.67583   0.100E-02
      .50000     4.16584   0.100E-02
      .55000     3.69640   0.100E-02
      .60000     3.25986   0.100E-02
      .65000     2.85022   0.100E-02
      .70000     2.46351   0.100E-02
      .75000     2.09629   0.100E-02
      .80000     1.74941   0.100E-02
      .85000     1.43204   0.100E-02
      .90000     1.13099   0.100E-02
      .92500      .97014   0.100E-02
      .95000      .78815   0.100E-02
      .97000      .61695   0.100E-02
      .99000      .40876   0.100E-02
      .99500      .35121   0.100E-02
      .99900      .30448   0.100E-02
      .99950      .29852   0.100E-02
      .99990      .29372   0.100E-02
      .99995      .29313   0.100E-02
      .99999      .29260   0.100E-02
     1.00000      .29251   0.100E-02

      .00000    18.52805   0.150E-02
      .05000    14.29442   0.150E-02
      .10000    12.00925   0.150E-02
      .15000    10.28061   0.150E-02
      .20000     8.99693   0.150E-02
      .25000     7.95448   0.150E-02
      .30000     7.08452   0.150E-02
      .35000     6.33301   0.150E-02
      .40000     5.66633   0.150E-02
      .45000     5.06810   0.150E-02
      .50000     4.52786   0.150E-02
      .55000     4.03519   0.150E-02
      .60000     3.57856   0.150E-02
      .65000     3.14866   0.150E-02
      .70000     2.73884   0.150E-02
      .75000     2.34142   0.150E-02
      .80000     1.95245   0.150E-02
      .85000     1.57654   0.150E-02
      .90000     1.22933   0.150E-02
      .92500     1.05329   0.150E-02
      .95000      .84626   0.150E-02
      .97000      .64527   0.150E-02
      .99000      .40109   0.150E-02
      .99500      .33427   0.150E-02
      .99900      .27906   0.150E-02
      .99950      .27179   0.150E-02
      .99990      .26642   0.150E-02
      .99995      .26570   0.150E-02
      .99999      .26519   0.150E-02
     1.00000      .26505   0.150E-02

      .00000    19.33754   0.200E-02
      .05000    14.85605   0.200E-02
      .10000    12.53026   0.200E-02
      .15000    10.78348   0.200E-02
      .20000     9.50382   0.200E-02
      .25000     8.44221   0.200E-02
      .30000     7.54546   0.200E-02
      .35000     6.76659   0.200E-02
      .40000     6.07725   0.200E-02
      .45000     5.45925   0.200E-02
      .50000     4.89912   0.200E-02
      .55000     4.38538   0.200E-02
      .60000     3.90809   0.200E-02
      .65000     3.45814   0.200E-02
      .70000     3.02693   0.200E-02
      .75000     2.60364   0.200E-02
      .80000     2.18253   0.200E-02
      .85000     1.76914   0.200E-02
      .90000     1.36791   0.200E-02
      .92500     1.16338   0.200E-02
      .95000      .92404   0.200E-02
      .97000      .69347   0.200E-02
      .99000      .41400   0.200E-02
      .99500      .33726   0.200E-02
      .99900      .27273   0.200E-02
      .99950      .26405   0.200E-02
      .99990      .25789   0.200E-02
      .99995      .25723   0.200E-02
      .99999      .25650   0.200E-02
     1.00000      .25628   0.200E-02

      .00000    20.28712   0.300E-02
      .05000    15.63392   0.300E-02
      .10000    13.33355   0.300E-02
      .15000    11.60575   0.300E-02
      .20000    10.29965   0.300E-02
      .25000     9.21529   0.300E-02
      .30000     8.30047   0.300E-02
      .35000     7.50326   0.300E-02
      .40000     6.78964   0.300E-02
      .45000     6.14253   0.300E-02
      .50000     5.55132   0.300E-02
      .55000     5.00588   0.300E-02
      .60000     4.49597   0.300E-02
      .65000     4.01267   0.300E-02
      .70000     3.54894   0.300E-02
      .75000     3.09594   0.300E-02
      .80000     2.64261   0.300E-02
      .85000     2.17343   0.300E-02
      .90000     1.66790   0.300E-02
      .92500     1.39253   0.300E-02
      .95000     1.08662   0.300E-02
      .97000      .79731   0.300E-02
      .99000      .45656   0.300E-02
      .99500      .36006   0.300E-02
      .99900      .27498   0.300E-02
      .99950      .26277   0.300E-02
      .99990      .25300   0.300E-02
      .99995      .25193   0.300E-02
      .99999      .25118   0.300E-02
     1.00000      .25027   0.300E-02

      .00000    20.90337   0.400E-02
      .05000    16.07014   0.400E-02
      .10000    13.84079   0.400E-02
      .15000    12.19824   0.400E-02
      .20000    10.91449   0.400E-02
      .25000     9.83223   0.400E-02
      .30000     8.90571   0.400E-02
      .35000     8.09001   0.400E-02
      .40000     7.35545   0.400E-02
      .45000     6.68683   0.400E-02
      .50000     6.07455   0.400E-02
      .55000     5.50935   0.400E-02
      .60000     4.98167   0.400E-02
      .65000     4.48249   0.400E-02
      .70000     4.00314   0.400E-02
      .75000     3.53189   0.400E-02
      .80000     3.05238   0.400E-02
      .85000     2.53858   0.400E-02
      .90000     1.95441   0.400E-02
      .92500     1.61993   0.400E-02
      .95000     1.24726   0.400E-02
      .97000      .90536   0.400E-02
      .99000      .50253   0.400E-02
      .99500      .38720   0.400E-02
      .99900      .28404   0.400E-02
      .99950      .26735   0.400E-02
      .99990      .25117   0.400E-02
      .99995      .24929   0.400E-02
      .99999      .24986   0.400E-02
     1.00000      .24753   0.400E-02

      .00000    21.14636   0.500E-02
      .05000    16.31961   0.500E-02
      .10000    14.25507   0.500E-02
      .15000    12.71193   0.500E-02
      .20000    11.44908   0.500E-02
      .25000    10.35080   0.500E-02
      .30000     9.39018   0.500E-02
      .35000     8.53893   0.500E-02
      .40000     7.78082   0.500E-02
      .45000     7.10086   0.500E-02
      .50000     6.48592   0.500E-02
      .55000     5.92259   0.500E-02
      .60000     5.39597   0.500E-02
      .65000     4.89338   0.500E-02
      .70000     4.40582   0.500E-02
      .75000     3.92094   0.500E-02
      .80000     3.41856   0.500E-02
      .85000     2.86173   0.500E-02
      .90000     2.20438   0.500E-02
      .92500     1.82183   0.500E-02
      .95000     1.39399   0.500E-02
      .97000     1.01632   0.500E-02
      .99000      .55394   0.500E-02
      .99500      .41553   0.500E-02
      .99900      .29396   0.500E-02
      .99950      .27301   0.500E-02
      .99990      .25024   0.500E-02
      .99995      .24734   0.500E-02
      .99999      .24879   0.500E-02
     1.00000      .24561   0.500E-02

      .00000    21.44920   0.600E-02
      .05000    16.50160   0.600E-02
      .10000    14.52752   0.600E-02
      .15000    13.03885   0.600E-02
      .20000    11.80566   0.600E-02
      .25000    10.72383   0.600E-02
      .30000     9.77159   0.600E-02
      .35000     8.92268   0.600E-02
      .40000     8.16254   0.600E-02
      .45000     7.47748   0.600E-02
      .50000     6.85547   0.600E-02
      .55000     6.28413   0.600E-02
      .60000     5.74964   0.600E-02
      .65000     5.23965   0.600E-02
      .70000     4.74445   0.600E-02
      .75000     4.25017   0.600E-02
      .80000     3.73347   0.600E-02
      .85000     3.15043   0.600E-02
      .90000     2.44392   0.600E-02
      .92500     2.02243   0.600E-02
      .95000     1.54109   0.600E-02
      .97000     1.11543   0.600E-02
      .99000      .60189   0.600E-02
      .99500      .44654   0.600E-02
      .99900      .30476   0.600E-02
      .99950      .27879   0.600E-02
      .99990      .24964   0.600E-02
      .99995      .24585   0.600E-02
      .99999      .24764   0.600E-02
     1.00000      .24410   0.600E-02

      .00000    21.84436   0.800E-02
      .05000    16.72629   0.800E-02
      .10000    14.91970   0.800E-02
      .15000    13.51280   0.800E-02
      .20000    12.33283   0.800E-02
      .25000    11.28421   0.800E-02
      .30000    10.35273   0.800E-02
      .35000     9.51521   0.800E-02
      .40000     8.75981   0.800E-02
      .45000     8.07454   0.800E-02
      .50000     7.44894   0.800E-02
      .55000     6.87198   0.800E-02
      .60000     6.33121   0.800E-02
      .65000     5.81476   0.800E-02
      .70000     5.31200   0.800E-02
      .75000     4.80693   0.800E-02
      .80000     4.27155   0.800E-02
      .85000     3.65127   0.800E-02
      .90000     2.87081   0.800E-02
      .92500     2.38858   0.800E-02
      .95000     1.81965   0.800E-02
      .97000     1.30167   0.800E-02
      .99000      .69529   0.800E-02
      .99500      .50753   0.800E-02
      .99900      .32606   0.800E-02
      .99950      .29047   0.800E-02
      .99990      .24934   0.800E-02
      .99995      .24375   0.800E-02
      .99999      .24567   0.800E-02
     1.00000      .24186   0.800E-02

      .00000    22.08244   0.100E-01
      .05000    16.86151   0.100E-01
      .10000    15.18435   0.100E-01
      .15000    13.84074   0.100E-01
      .20000    12.70518   0.100E-01
      .25000    11.68753   0.100E-01
      .30000    10.77773   0.100E-01
      .35000     9.95516   0.100E-01
      .40000     9.20980   0.100E-01
      .45000     8.53090   0.100E-01
      .50000     7.90901   0.100E-01
      .55000     7.33393   0.100E-01
      .60000     6.79393   0.100E-01
      .65000     6.27746   0.100E-01
      .70000     5.77325   0.100E-01
      .75000     5.26397   0.100E-01
      .80000     4.71845   0.100E-01
      .85000     4.07444   0.100E-01
      .90000     3.24235   0.100E-01
      .92500     2.71537   0.100E-01
      .95000     2.07876   0.100E-01
      .97000     1.47766   0.100E-01
      .99000      .78401   0.100E-01
      .99500      .56561   0.100E-01
      .99900      .34622   0.100E-01
      .99950      .30179   0.100E-01
      .99990      .24989   0.100E-01
      .99995      .24256   0.100E-01
      .99999      .24401   0.100E-01
     1.00000      .24027   0.100E-01

      .00000    22.37747   0.150E-01
      .05000    17.04840   0.150E-01
      .10000    15.56354   0.150E-01
      .15000    14.33807   0.150E-01
      .20000    13.28463   0.150E-01
      .25000    12.33055   0.150E-01
      .30000    11.46960   0.150E-01
      .35000    10.68558   0.150E-01
      .40000     9.97091   0.150E-01
      .45000     9.31693   0.150E-01
      .50000     8.71562   0.150E-01
      .55000     8.15781   0.150E-01
      .60000     7.63241   0.150E-01
      .65000     7.12784   0.150E-01
      .70000     6.63228   0.150E-01
      .75000     6.12658   0.150E-01
      .80000     5.57518   0.150E-01
      .85000     4.90456   0.150E-01
      .90000     3.99999   0.150E-01
      .92500     3.40243   0.150E-01
      .95000     2.64926   0.150E-01
      .97000     1.89652   0.150E-01
      .99000      .98451   0.150E-01
      .99500      .69626   0.150E-01
      .99900      .39110   0.150E-01
      .99950      .32777   0.150E-01
      .99990      .25342   0.150E-01
      .99995      .24207   0.150E-01
      .99999      .24079   0.150E-01
     1.00000      .23785   0.150E-01

      .00000    22.51248   0.200E-01
      .05000    17.13589   0.200E-01
      .10000    15.76105   0.200E-01
      .15000    14.61482   0.200E-01
      .20000    13.61818   0.200E-01
      .25000    12.71150   0.200E-01
      .30000    11.88983   0.200E-01
      .35000    11.13969   0.200E-01
      .40000    10.45462   0.200E-01
      .45000     9.82708   0.200E-01
      .50000     9.24974   0.200E-01
      .55000     8.71382   0.200E-01
      .60000     8.20816   0.200E-01
      .65000     7.72100   0.200E-01
      .70000     7.24040   0.200E-01
      .75000     6.74666   0.200E-01
      .80000     6.20224   0.200E-01
      .85000     5.52804   0.200E-01
      .90000     4.59338   0.200E-01
      .92500     3.95796   0.200E-01
      .95000     3.13265   0.200E-01
      .97000     2.27165   0.200E-01
      .99000     1.16131   0.200E-01
      .99500      .81111   0.200E-01
      .99900      .43020   0.200E-01
      .99950      .35107   0.200E-01
      .99990      .25837   0.200E-01
      .99995      .24343   0.200E-01
      .99999      .23856   0.200E-01
     1.00000      .23647   0.200E-01

      .00000    22.64140   0.300E-01
      .05000    17.20096   0.300E-01
      .10000    15.96042   0.300E-01
      .15000    14.91093   0.300E-01
      .20000    13.98776   0.300E-01
      .25000    13.14605   0.300E-01
      .30000    12.38165   0.300E-01
      .35000    11.68390   0.300E-01
      .40000    11.04730   0.300E-01
      .45000    10.46534   0.300E-01
      .50000     9.93121   0.300E-01
      .55000     9.43639   0.300E-01
      .60000     8.96912   0.300E-01
      .65000     8.51731   0.300E-01
      .70000     8.06950   0.300E-01
      .75000     7.60606   0.300E-01
      .80000     7.08841   0.300E-01
      .85000     6.43280   0.300E-01
      .90000     5.49016   0.300E-01
      .92500     4.82299   0.300E-01
      .95000     3.91836   0.300E-01
      .97000     2.91457   0.300E-01
      .99000     1.46719   0.300E-01
      .99500     1.01072   0.300E-01
      .99900      .49795   0.300E-01
      .99950      .39242   0.300E-01
      .99990      .26964   0.300E-01
      .99995      .24847   0.300E-01
      .99999      .23600   0.300E-01
     1.00000      .23495   0.300E-01

      .00000    22.67867   0.400E-01
      .05000    17.21980   0.400E-01
      .10000    16.05946   0.400E-01
      .15000    15.06727   0.400E-01
      .20000    14.18959   0.400E-01
      .25000    13.39000   0.400E-01
      .30000    12.66447   0.400E-01
      .35000    12.00384   0.400E-01
      .40000    11.40304   0.400E-01
      .45000    10.85602   0.400E-01
      .50000    10.35629   0.400E-01
      .55000     9.89523   0.400E-01
      .60000     9.46062   0.400E-01
      .65000     9.04010   0.400E-01
      .70000     8.62287   0.400E-01
      .75000     8.18992   0.400E-01
      .80000     7.70301   0.400E-01
      .85000     7.07726   0.400E-01
      .90000     6.15376   0.400E-01
      .92500     5.48062   0.400E-01
      .95000     4.53890   0.400E-01
      .97000     3.44733   0.400E-01
      .99000     1.74901   0.400E-01
      .99500     1.18381   0.400E-01
      .99900      .55696   0.400E-01
      .99950      .42916   0.400E-01
      .99990      .28131   0.400E-01
      .99995      .25473   0.400E-01
      .99999      .23492   0.400E-01
     1.00000      .23413   0.400E-01

      .00000    22.65166   0.500E-01
      .05000    17.22713   0.500E-01
      .10000    16.12897   0.500E-01
      .15000    15.17903   0.500E-01
      .20000    14.33264   0.500E-01
      .25000    13.55945   0.500E-01
      .30000    12.85640   0.500E-01
      .35000    12.21672   0.500E-01
      .40000    11.63651   0.500E-01
      .45000    11.11098   0.500E-01
      .50000    10.63456   0.500E-01
      .55000    10.19999   0.500E-01
      .60000     9.79663   0.500E-01
      .65000     9.41243   0.500E-01
      .70000     9.03350   0.500E-01
      .75000     8.63389   0.500E-01
      .80000     8.17167   0.500E-01
      .85000     7.57147   0.500E-01
      .90000     6.67740   0.500E-01
      .92500     6.01063   0.500E-01
      .95000     5.05013   0.500E-01
      .97000     3.89722   0.500E-01
      .99000     2.01241   0.500E-01
      .99500     1.34009   0.500E-01
      .99900      .61047   0.500E-01
      .99950      .46269   0.500E-01
      .99990      .29274   0.500E-01
      .99995      .26136   0.500E-01
      .99999      .23462   0.500E-01
     1.00000      .23362   0.500E-01

      .00000    22.61229   0.600E-01
      .05000    17.22961   0.600E-01
      .10000    16.16792   0.600E-01
      .15000    15.24524   0.600E-01
      .20000    14.42192   0.600E-01
      .25000    13.67118   0.600E-01
      .30000    12.99000   0.600E-01
      .35000    12.37167   0.600E-01
      .40000    11.81254   0.600E-01
      .45000    11.30794   0.600E-01
      .50000    10.85275   0.600E-01
      .55000    10.44000   0.600E-01
      .60000    10.05936   0.600E-01
      .65000     9.69901   0.600E-01
      .70000     9.34521   0.600E-01
      .75000     8.97186   0.600E-01
      .80000     8.53658   0.600E-01
      .85000     7.96327   0.600E-01
      .90000     7.09438   0.600E-01
      .92500     6.43843   0.600E-01
      .95000     5.48238   0.600E-01
      .97000     4.30322   0.600E-01
      .99000     2.26074   0.600E-01
      .99500     1.48008   0.600E-01
      .99900      .66014   0.600E-01
      .99950      .49585   0.600E-01
      .99990      .30398   0.600E-01
      .99995      .26689   0.600E-01
      .99999      .23502   0.600E-01
     1.00000      .23327   0.600E-01

      .00000    22.50931   0.800E-01
      .05000    17.23212   0.800E-01
      .10000    16.22064   0.800E-01
      .15000    15.33590   0.800E-01
      .20000    14.54436   0.800E-01
      .25000    13.82464   0.800E-01
      .30000    13.17353   0.800E-01
      .35000    12.58530   0.800E-01
      .40000    12.05644   0.800E-01
      .45000    11.58278   0.800E-01
      .50000    11.15955   0.800E-01
      .55000    10.78010   0.800E-01
      .60000    10.43417   0.800E-01
      .65000    10.11013   0.800E-01
      .70000     9.79500   0.800E-01
      .75000     9.46331   0.800E-01
      .80000     9.07451   0.800E-01
      .85000     8.55672   0.800E-01
      .90000     7.75261   0.800E-01
      .92500     7.12612   0.800E-01
      .95000     6.18121   0.800E-01
      .97000     4.96193   0.800E-01
      .99000     2.70238   0.800E-01
      .99500     1.76322   0.800E-01
      .99900      .75059   0.800E-01
      .99950      .55218   0.800E-01
      .99990      .32448   0.800E-01
      .99995      .28041   0.800E-01
      .99999      .23623   0.800E-01
     1.00000      .23283   0.800E-01

      .00000    22.44475   0.100E+00
      .05000    17.25262   0.100E+00
      .10000    16.26686   0.100E+00
      .15000    15.40138   0.100E+00
      .20000    14.62654   0.100E+00
      .25000    13.92410   0.100E+00
      .30000    13.29078   0.100E+00
      .35000    12.72148   0.100E+00
      .40000    12.21277   0.100E+00
      .45000    11.76051   0.100E+00
      .50000    11.35988   0.100E+00
      .55000    11.00389   0.100E+00
      .60000    10.68160   0.100E+00
      .65000    10.38217   0.100E+00
      .70000    10.09739   0.100E+00
      .75000     9.81081   0.100E+00
      .80000     9.48449   0.100E+00
      .85000     9.02381   0.100E+00
      .90000     8.25035   0.100E+00
      .92500     7.63668   0.100E+00
      .95000     6.71686   0.100E+00
      .97000     5.50232   0.100E+00
      .99000     3.09373   0.100E+00
      .99500     2.02719   0.100E+00
      .99900      .83298   0.100E+00
      .99950      .60581   0.100E+00
      .99990      .34388   0.100E+00
      .99995      .29182   0.100E+00
      .99999      .23848   0.100E+00
     1.00000      .23256   0.100E+00

      .00000    22.26534   0.150E+00
      .05000    17.27368   0.150E+00
      .10000    16.33534   0.150E+00
      .15000    15.50489   0.150E+00
      .20000    14.75838   0.150E+00
      .25000    14.08310   0.150E+00
      .30000    13.47615   0.150E+00
      .35000    12.93353   0.150E+00
      .40000    12.45254   0.150E+00
      .45000    12.02984   0.150E+00
      .50000    11.66171   0.150E+00
      .55000    11.34230   0.150E+00
      .60000    11.06195   0.150E+00
      .65000    10.81140   0.150E+00
      .70000    10.58437   0.150E+00
      .75000    10.36684   0.150E+00
      .80000    10.12350   0.150E+00
      .85000     9.76058   0.150E+00
      .90000     9.10042   0.150E+00
      .92500     8.54982   0.150E+00
      .95000     7.69238   0.150E+00
      .97000     6.49890   0.150E+00
      .99000     3.90235   0.150E+00
      .99500     2.62036   0.150E+00
      .99900     1.01684   0.150E+00
      .99950      .72353   0.150E+00
      .99990      .38720   0.150E+00
      .99995      .31943   0.150E+00
      .99999      .24454   0.150E+00
     1.00000      .23219   0.150E+00

      .00000    21.97453   0.200E+00
      .05000    17.27974   0.200E+00
      .10000    16.37952   0.200E+00
      .15000    15.57229   0.200E+00
      .20000    14.84039   0.200E+00
      .25000    14.17731   0.200E+00
      .30000    13.58144   0.200E+00
      .35000    13.05025   0.200E+00
      .40000    12.58241   0.200E+00
      .45000    12.17530   0.200E+00
      .50000    11.82564   0.200E+00
      .55000    11.52901   0.200E+00
      .60000    11.27896   0.200E+00
      .65000    11.06763   0.200E+00
      .70000    10.88511   0.200E+00
      .75000    10.70805   0.200E+00
      .80000    10.49978   0.200E+00
      .85000    10.19700   0.200E+00
      .90000     9.64925   0.200E+00
      .92500     9.16525   0.200E+00
      .95000     8.36205   0.200E+00
      .97000     7.20182   0.200E+00
      .99000     4.55273   0.200E+00
      .99500     3.11848   0.200E+00
      .99900     1.17892   0.200E+00
      .99950      .82903   0.200E+00
      .99990      .42557   0.200E+00
      .99995      .34414   0.200E+00
      .99999      .25106   0.200E+00
     1.00000      .23201   0.200E+00

      .00000    21.30363   0.300E+00
      .05000    17.28912   0.300E+00
      .10000    16.41681   0.300E+00
      .15000    15.62951   0.300E+00
      .20000    14.91387   0.300E+00
      .25000    14.26684   0.300E+00
      .30000    13.68655   0.300E+00
      .35000    13.17159   0.300E+00
      .40000    12.72113   0.300E+00
      .45000    12.33312   0.300E+00
      .50000    12.00472   0.300E+00
      .55000    11.73238   0.300E+00
      .60000    11.51195   0.300E+00
      .65000    11.33816   0.300E+00
      .70000    11.20349   0.300E+00
      .75000    11.08779   0.300E+00
      .80000    10.95850   0.300E+00
      .85000    10.75769   0.300E+00
      .90000    10.34167   0.300E+00
      .92500     9.94009   0.300E+00
      .95000     9.24155   0.300E+00
      .97000     8.18298   0.300E+00
      .99000     5.52868   0.300E+00
      .99500     3.92174   0.300E+00
      .99900     1.46721   0.300E+00
      .99950     1.01707   0.300E+00
      .99990      .49277   0.300E+00
      .99995      .38711   0.300E+00
      .99999      .26449   0.300E+00
     1.00000      .23182   0.300E+00

      .00000    20.73254   0.400E+00
      .05000    17.28932   0.400E+00
      .10000    16.43120   0.400E+00
      .15000    15.65465   0.400E+00
      .20000    14.94871   0.400E+00
      .25000    14.31103   0.400E+00
      .30000    13.73975   0.400E+00
      .35000    13.23363   0.400E+00
      .40000    12.79235   0.400E+00
      .45000    12.41458   0.400E+00
      .50000    12.09862   0.400E+00
      .55000    11.84172   0.400E+00
      .60000    11.63946   0.400E+00
      .65000    11.48696   0.400E+00
      .70000    11.37880   0.400E+00
      .75000    11.29837   0.400E+00
      .80000    11.21792   0.400E+00
      .85000    11.08587   0.400E+00
      .90000    10.77057   0.400E+00
      .92500    10.43637   0.400E+00
      .95000     9.81539   0.400E+00
      .97000     8.82854   0.400E+00
      .99000     6.24088   0.400E+00
      .99500     4.57463   0.400E+00
      .99900     1.72017   0.400E+00
      .99950     1.18108   0.400E+00
      .99990      .55161   0.400E+00
      .99995      .42562   0.400E+00
      .99999      .27727   0.400E+00
     1.00000      .23172   0.400E+00

      .00000    20.31871   0.500E+00
      .05000    17.28812   0.500E+00
      .10000    16.43823   0.500E+00
      .15000    15.66833   0.500E+00
      .20000    14.96865   0.500E+00
      .25000    14.33714   0.500E+00
      .30000    13.77206   0.500E+00
      .35000    13.27200   0.500E+00
      .40000    12.83694   0.500E+00
      .45000    12.46586   0.500E+00
      .50000    12.15757   0.500E+00
      .55000    11.90993   0.500E+00
      .60000    11.71883   0.500E+00
      .65000    11.58006   0.500E+00
      .70000    11.48967   0.500E+00
      .75000    11.43349   0.500E+00
      .80000    11.38721   0.500E+00
      .85000    11.30422   0.500E+00
      .90000    11.06216   0.500E+00
      .92500    10.77947   0.500E+00
      .95000    10.22597   0.500E+00
      .97000     9.31131   0.500E+00
      .99000     6.80219   0.500E+00
      .99500     5.10259   0.500E+00
      .99900     1.94840   0.500E+00
      .99950     1.33240   0.500E+00
      .99990      .60522   0.500E+00
      .99995      .46012   0.500E+00
      .99999      .28947   0.500E+00
     1.00000      .23167   0.500E+00

      .00000    20.03360   0.600E+00
      .05000    17.28693   0.600E+00
      .10000    16.44272   0.600E+00
      .15000    15.67733   0.600E+00
      .20000    14.98220   0.600E+00
      .25000    14.35483   0.600E+00
      .30000    13.79379   0.600E+00
      .35000    13.29827   0.600E+00
      .40000    12.86834   0.600E+00
      .45000    12.50273   0.600E+00
      .50000    12.19943   0.600E+00
      .55000    11.95669   0.600E+00
      .60000    11.77208   0.600E+00
      .65000    11.64310   0.600E+00
      .70000    11.56641   0.600E+00
      .75000    11.52851   0.600E+00
      .80000    11.50707   0.600E+00
      .85000    11.46078   0.600E+00
      .90000    11.27404   0.600E+00
      .92500    11.03008   0.600E+00
      .95000    10.53423   0.600E+00
      .97000     9.69383   0.600E+00
      .99000     7.26996   0.600E+00
      .99500     5.53368   0.600E+00
      .99900     2.18179   0.600E+00
      .99950     1.47557   0.600E+00
      .99990      .65533   0.600E+00
      .99995      .49090   0.600E+00
      .99999      .30159   0.600E+00
     1.00000      .23163   0.600E+00

      .00000    19.66924   0.800E+00
      .05000    17.28656   0.800E+00
      .10000    16.45058   0.800E+00
      .15000    15.69114   0.800E+00
      .20000    15.00121   0.800E+00
      .25000    14.37883   0.800E+00
      .30000    13.82278   0.800E+00
      .35000    13.33243   0.800E+00
      .40000    12.90834   0.800E+00
      .45000    12.54889   0.800E+00
      .50000    12.25256   0.800E+00
      .55000    12.01799   0.800E+00
      .60000    11.84346   0.800E+00
      .65000    11.72719   0.800E+00
      .70000    11.66702   0.800E+00
      .75000    11.65135   0.800E+00
      .80000    11.66175   0.800E+00
      .85000    11.66560   0.800E+00
      .90000    11.56510   0.800E+00
      .92500    11.38756   0.800E+00
      .95000    10.98187   0.800E+00
      .97000    10.24212   0.800E+00
      .99000     7.97401   0.800E+00
      .99500     6.25440   0.800E+00
      .99900     2.64997   0.800E+00
      .99950     1.73060   0.800E+00
      .99990      .74658   0.800E+00
      .99995      .54913   0.800E+00
      .99999      .32337   0.800E+00
     1.00000      .23158   0.800E+00

      .00000    19.43774   0.100E+01
      .05000    17.28697   0.100E+01
      .10000    16.45644   0.100E+01
      .15000    15.70064   0.100E+01
      .20000    15.01360   0.100E+01
      .25000    14.39404   0.100E+01
      .30000    13.84094   0.100E+01
      .35000    13.35381   0.100E+01
      .40000    12.93320   0.100E+01
      .45000    12.57760   0.100E+01
      .50000    12.28558   0.100E+01
      .55000    12.05615   0.100E+01
      .60000    11.88791   0.100E+01
      .65000    11.77959   0.100E+01
      .70000    11.72975   0.100E+01
      .75000    11.72794   0.100E+01
      .80000    11.75835   0.100E+01
      .85000    11.79496   0.100E+01
      .90000    11.75476   0.100E+01
      .92500    11.62652   0.100E+01
      .95000    11.29043   0.100E+01
      .97000    10.63068   0.100E+01
      .99000     8.49970   0.100E+01
      .99500     6.81978   0.100E+01
      .99900     3.05452   0.100E+01
      .99950     1.95882   0.100E+01
      .99990      .82977   0.100E+01
      .99995      .60228   0.100E+01
      .99999      .34334   0.100E+01
     1.00000      .23155   0.100E+01

      .00000    19.08485   0.150E+01
      .05000    17.28810   0.150E+01
      .10000    16.46584   0.150E+01
      .15000    15.71477   0.150E+01
      .20000    15.03162   0.150E+01
      .25000    14.41564   0.150E+01
      .30000    13.86638   0.150E+01
      .35000    13.38325   0.150E+01
      .40000    12.96655   0.150E+01
      .45000    12.61576   0.150E+01
      .50000    12.33023   0.150E+01
      .55000    12.10928   0.150E+01
      .60000    11.95079   0.150E+01
      .65000    11.85301   0.150E+01
      .70000    11.81627   0.150E+01
      .75000    11.83347   0.150E+01
      .80000    11.89341   0.150E+01
      .85000    11.97722   0.150E+01
      .90000    12.02460   0.150E+01
      .92500    11.97556   0.150E+01
      .95000    11.76661   0.150E+01
      .97000    11.25997   0.150E+01
      .99000     9.38604   0.150E+01
      .99500     7.83091   0.150E+01
      .99900     3.89694   0.150E+01
      .99950     2.50145   0.150E+01
      .99990     1.01469   0.150E+01
      .99995      .72104   0.150E+01
      .99999      .38679   0.150E+01
     1.00000      .23151   0.150E+01

      .00000    18.91541   0.200E+01
      .05000    17.29723   0.200E+01
      .10000    16.46727   0.200E+01
      .15000    15.71414   0.200E+01
      .20000    15.03252   0.200E+01
      .25000    14.41994   0.200E+01
      .30000    13.87510   0.200E+01
      .35000    13.39674   0.200E+01
      .40000    12.98440   0.200E+01
      .45000    12.63759   0.200E+01
      .50000    12.35578   0.200E+01
      .55000    12.13768   0.200E+01
      .60000    11.97952   0.200E+01
      .65000    11.87974   0.200E+01
      .70000    11.84439   0.200E+01
      .75000    11.87890   0.200E+01
      .80000    11.97958   0.200E+01
      .85000    12.10608   0.200E+01
      .90000    12.18286   0.200E+01
      .92500    12.15946   0.200E+01
      .95000    12.01420   0.200E+01
      .97000    11.62595   0.200E+01
      .99000     9.99913   0.200E+01
      .99500     8.50601   0.200E+01
      .99900     4.54719   0.200E+01
      .99950     3.03965   0.200E+01
      .99990     1.17913   0.200E+01
      .99995      .82590   0.200E+01
      .99999      .42536   0.200E+01
     1.00000      .23149   0.200E+01

      .00000    18.70299   0.300E+01
      .05000    17.29675   0.300E+01
      .10000    16.47072   0.300E+01
      .15000    15.72016   0.300E+01
      .20000    15.04090   0.300E+01
      .25000    14.43053   0.300E+01
      .30000    13.88801   0.300E+01
      .35000    13.41208   0.300E+01
      .40000    13.00214   0.300E+01
      .45000    12.65817   0.300E+01
      .50000    12.37973   0.300E+01
      .55000    12.16556   0.300E+01
      .60000    12.01221   0.300E+01
      .65000    11.91863   0.300E+01
      .70000    11.89150   0.300E+01
      .75000    11.93736   0.300E+01
      .80000    12.05465   0.300E+01
      .85000    12.20678   0.300E+01
      .90000    12.33268   0.300E+01
      .92500    12.35840   0.300E+01
      .95000    12.30570   0.300E+01
      .97000    12.05816   0.300E+01
      .99000    10.74037   0.300E+01
      .99500     9.41702   0.300E+01
      .99900     5.53918   0.300E+01
      .99950     3.89134   0.300E+01
      .99990     1.46736   0.300E+01
      .99995     1.01199   0.300E+01
      .99999      .49279   0.300E+01
     1.00000      .23148   0.300E+01

      .00000    18.59045   0.400E+01
      .05000    17.29585   0.400E+01
      .10000    16.47189   0.400E+01
      .15000    15.72273   0.400E+01
      .20000    15.04457   0.400E+01
      .25000    14.43545   0.400E+01
      .30000    13.89404   0.400E+01
      .35000    13.41938   0.400E+01
      .40000    13.01090   0.400E+01
      .45000    12.66840   0.400E+01
      .50000    12.39173   0.400E+01
      .55000    12.17963   0.400E+01
      .60000    12.02878   0.400E+01
      .65000    11.93850   0.400E+01
      .70000    11.91573   0.400E+01
      .75000    11.96755   0.400E+01
      .80000    12.09347   0.400E+01
      .85000    12.25868   0.400E+01
      .90000    12.41003   0.400E+01
      .92500    12.46212   0.400E+01
      .95000    12.46170   0.400E+01
      .97000    12.29986   0.400E+01
      .99000    11.19925   0.400E+01
      .99500    10.01201   0.400E+01
      .99900     6.27556   0.400E+01
      .99950     4.56362   0.400E+01
      .99990     1.71977   0.400E+01
      .99995     1.17792   0.400E+01
      .99999      .55184   0.400E+01
     1.00000      .23147   0.400E+01

      .00000    18.49396   0.500E+01
      .05000    17.28633   0.500E+01
      .10000    16.47321   0.500E+01
      .15000    15.72936   0.500E+01
      .20000    15.05288   0.500E+01
      .25000    14.44373   0.500E+01
      .30000    13.90139   0.500E+01
      .35000    13.42579   0.500E+01
      .40000    13.01697   0.500E+01
      .45000    12.67465   0.500E+01
      .50000    12.39799   0.500E+01
      .55000    12.18674   0.500E+01
      .60000    12.04071   0.500E+01
      .65000    11.96060   0.500E+01
      .70000    11.94792   0.500E+01
      .75000    11.99716   0.500E+01
      .80000    12.10216   0.500E+01
      .85000    12.25852   0.500E+01
      .90000    12.45044   0.500E+01
      .92500    12.53972   0.500E+01
      .95000    12.57366   0.500E+01
      .97000    12.43959   0.500E+01
      .99000    11.49458   0.500E+01
      .99500    10.48663   0.500E+01
      .99900     6.84457   0.500E+01
      .99950     5.07695   0.500E+01
      .99990     1.97813   0.500E+01
      .99995     1.33697   0.500E+01
      .99999      .60479   0.500E+01
     1.00000      .23146   0.500E+01

      .00000    18.44437   0.600E+01
      .05000    17.28587   0.600E+01
      .10000    16.47350   0.600E+01
      .15000    15.73004   0.600E+01
      .20000    15.05418   0.600E+01
      .25000    14.44552   0.600E+01
      .30000    13.90376   0.600E+01
      .35000    13.42863   0.600E+01
      .40000    13.02053   0.600E+01
      .45000    12.67887   0.600E+01
      .50000    12.40300   0.600E+01
      .55000    12.19264   0.600E+01
      .60000    12.04764   0.600E+01
      .65000    11.96881   0.600E+01
      .70000    11.95784   0.600E+01
      .75000    12.00947   0.600E+01
      .80000    12.11817   0.600E+01
      .85000    12.28077   0.600E+01
      .90000    12.48420   0.600E+01
      .92500    12.58404   0.600E+01
      .95000    12.63926   0.600E+01
      .97000    12.54545   0.600E+01
      .99000    11.72879   0.600E+01
      .99500    10.80800   0.600E+01
      .99900     7.30868   0.600E+01
      .99950     5.53208   0.600E+01
      .99990     2.30187   0.600E+01
      .99995     1.47971   0.600E+01
      .99999      .65405   0.600E+01
     1.00000      .23146   0.600E+01

      .00000    18.37973   0.800E+01
      .05000    17.28610   0.800E+01
      .10000    16.47496   0.800E+01
      .15000    15.73225   0.800E+01
      .20000    15.05676   0.800E+01
      .25000    14.44852   0.800E+01
      .30000    13.90710   0.800E+01
      .35000    13.43252   0.800E+01
      .40000    13.02500   0.800E+01
      .45000    12.68424   0.800E+01
      .50000    12.40930   0.800E+01
      .55000    12.20006   0.800E+01
      .60000    12.05634   0.800E+01
      .65000    11.97910   0.800E+01
      .70000    11.97028   0.800E+01
      .75000    12.02503   0.800E+01
      .80000    12.13853   0.800E+01
      .85000    12.30910   0.800E+01
      .90000    12.52688   0.800E+01
      .92500    12.64009   0.800E+01
      .95000    12.72261   0.800E+01
      .97000    12.68361   0.800E+01
      .99000    12.05437   0.800E+01
      .99500    11.26618   0.800E+01
      .99900     8.02532   0.800E+01
      .99950     6.26567   0.800E+01
      .99990     2.84498   0.800E+01
      .99995     1.82960   0.800E+01
      .99999      .74431   0.800E+01
     1.00000      .23145   0.800E+01

      .00000    18.34068   0.100E+02
      .05000    17.28772   0.100E+02
      .10000    16.47821   0.100E+02
      .15000    15.73587   0.100E+02
      .20000    15.06034   0.100E+02
      .25000    14.45176   0.100E+02
      .30000    13.90978   0.100E+02
      .35000    13.43464   0.100E+02
      .40000    13.02682   0.100E+02
      .45000    12.68622   0.100E+02
      .50000    12.41246   0.100E+02
      .55000    12.20513   0.100E+02
      .60000    12.06301   0.100E+02
      .65000    11.98613   0.100E+02
      .70000    11.97722   0.100E+02
      .75000    12.03324   0.100E+02
      .80000    12.15089   0.100E+02
      .85000    12.32781   0.100E+02
      .90000    12.55206   0.100E+02
      .92500    12.67011   0.100E+02
      .95000    12.76995   0.100E+02
      .97000    12.77957   0.100E+02
      .99000    12.28961   0.100E+02
      .99500    11.54551   0.100E+02
      .99900     8.55596   0.100E+02
      .99950     6.86318   0.100E+02
      .99990     3.28702   0.100E+02
      .99995     2.15181   0.100E+02
      .99999      .82898   0.100E+02
     1.00000      .23145   0.100E+02

