      .00000     5.33622   0.100E-05
      .05000     5.42716   0.100E-05
      .10000     5.49406   0.100E-05
      .15000     5.54076   0.100E-05
      .20000     5.56969   0.100E-05
      .25000     5.58398   0.100E-05
      .30000     5.58507   0.100E-05
      .35000     5.57515   0.100E-05
      .40000     5.55713   0.100E-05
      .45000     5.53207   0.100E-05
      .50000     5.50116   0.100E-05
      .55000     5.46525   0.100E-05
      .60000     5.42518   0.100E-05
      .65000     5.38222   0.100E-05
      .70000     5.33786   0.100E-05
      .75000     5.29554   0.100E-05
      .80000     5.25886   0.100E-05
      .85000     5.22912   0.100E-05
      .90000     5.20617   0.100E-05
      .92500     5.19597   0.100E-05
      .95000     5.18507   0.100E-05
      .97000     5.17521   0.100E-05
      .99000     5.16376   0.100E-05
      .99500     5.16067   0.100E-05
      .99900     5.15821   0.100E-05
      .99950     5.15788   0.100E-05
      .99990     5.15765   0.100E-05
      .99995     5.15762   0.100E-05
      .99999     5.15759   0.100E-05
     1.00000     5.15760   0.100E-05

      .00000     6.01520   0.150E-05
      .05000     6.11555   0.150E-05
      .10000     6.17674   0.150E-05
      .15000     6.20601   0.150E-05
      .20000     6.20923   0.150E-05
      .25000     6.19348   0.150E-05
      .30000     6.16180   0.150E-05
      .35000     6.11781   0.150E-05
      .40000     6.06607   0.150E-05
      .45000     6.00713   0.150E-05
      .50000     5.94065   0.150E-05
      .55000     5.86782   0.150E-05
      .60000     5.79303   0.150E-05
      .65000     5.72030   0.150E-05
      .70000     5.65002   0.150E-05
      .75000     5.58202   0.150E-05
      .80000     5.51702   0.150E-05
      .85000     5.45833   0.150E-05
      .90000     5.40413   0.150E-05
      .92500     5.37492   0.150E-05
      .95000     5.34642   0.150E-05
      .97000     5.32641   0.150E-05
      .99000     5.31139   0.150E-05
      .99500     5.30768   0.150E-05
      .99900     5.30470   0.150E-05
      .99950     5.30433   0.150E-05
      .99990     5.30402   0.150E-05
      .99995     5.30397   0.150E-05
      .99999     5.30397   0.150E-05
     1.00000     5.30391   0.150E-05

      .00000     6.49833   0.200E-05
      .05000     6.59962   0.200E-05
      .10000     6.64785   0.200E-05
      .15000     6.65407   0.200E-05
      .20000     6.62812   0.200E-05
      .25000     6.58119   0.200E-05
      .30000     6.51756   0.200E-05
      .35000     6.44157   0.200E-05
      .40000     6.35852   0.200E-05
      .45000     6.26945   0.200E-05
      .50000     6.17442   0.200E-05
      .55000     6.07523   0.200E-05
      .60000     5.97601   0.200E-05
      .65000     5.88075   0.200E-05
      .70000     5.78970   0.200E-05
      .75000     5.70224   0.200E-05
      .80000     5.61849   0.200E-05
      .85000     5.54133   0.200E-05
      .90000     5.47001   0.200E-05
      .92500     5.43403   0.200E-05
      .95000     5.39963   0.200E-05
      .97000     5.37535   0.200E-05
      .99000     5.35535   0.200E-05
      .99500     5.35051   0.200E-05
      .99900     5.34666   0.200E-05
      .99950     5.34618   0.200E-05
      .99990     5.34579   0.200E-05
      .99995     5.34573   0.200E-05
      .99999     5.34571   0.200E-05
     1.00000     5.34565   0.200E-05

      .00000     7.17762   0.300E-05
      .05000     7.26920   0.300E-05
      .10000     7.28466   0.300E-05
      .15000     7.24258   0.300E-05
      .20000     7.15992   0.300E-05
      .25000     7.05507   0.300E-05
      .30000     6.93439   0.300E-05
      .35000     6.80347   0.300E-05
      .40000     6.66880   0.300E-05
      .45000     6.53213   0.300E-05
      .50000     6.39407   0.300E-05
      .55000     6.25671   0.300E-05
      .60000     6.12245   0.300E-05
      .65000     5.99401   0.300E-05
      .70000     5.87188   0.300E-05
      .75000     5.75581   0.300E-05
      .80000     5.64596   0.300E-05
      .85000     5.54380   0.300E-05
      .90000     5.45213   0.300E-05
      .92500     5.41133   0.300E-05
      .95000     5.37338   0.300E-05
      .97000     5.34562   0.300E-05
      .99000     5.31825   0.300E-05
      .99500     5.31172   0.300E-05
      .99900     5.30655   0.300E-05
      .99950     5.30586   0.300E-05
      .99990     5.30536   0.300E-05
      .99995     5.30530   0.300E-05
      .99999     5.30525   0.300E-05
     1.00000     5.30523   0.300E-05

      .00000     7.65740   0.400E-05
      .05000     7.73251   0.400E-05
      .10000     7.71324   0.400E-05
      .15000     7.62521   0.400E-05
      .20000     7.49153   0.400E-05
      .25000     7.33654   0.400E-05
      .30000     7.16827   0.400E-05
      .35000     6.99316   0.400E-05
      .40000     6.81849   0.400E-05
      .45000     6.64606   0.400E-05
      .50000     6.47634   0.400E-05
      .55000     6.31112   0.400E-05
      .60000     6.15139   0.400E-05
      .65000     5.99884   0.400E-05
      .70000     5.85403   0.400E-05
      .75000     5.71701   0.400E-05
      .80000     5.58801   0.400E-05
      .85000     5.46781   0.400E-05
      .90000     5.36193   0.400E-05
      .92500     5.31796   0.400E-05
      .95000     5.27796   0.400E-05
      .97000     5.24843   0.400E-05
      .99000     5.21698   0.400E-05
      .99500     5.20956   0.400E-05
      .99900     5.20373   0.400E-05
      .99950     5.20293   0.400E-05
      .99990     5.20237   0.400E-05
      .99995     5.20231   0.400E-05
      .99999     5.20224   0.400E-05
     1.00000     5.20223   0.400E-05

      .00000     8.02772   0.500E-05
      .05000     8.08378   0.500E-05
      .10000     8.03050   0.500E-05
      .15000     7.90017   0.500E-05
      .20000     7.72126   0.500E-05
      .25000     7.52306   0.500E-05
      .30000     7.31485   0.500E-05
      .35000     7.10362   0.500E-05
      .40000     6.89703   0.500E-05
      .45000     6.69654   0.500E-05
      .50000     6.50216   0.500E-05
      .55000     6.31499   0.500E-05
      .60000     6.13525   0.500E-05
      .65000     5.96389   0.500E-05
      .70000     5.80145   0.500E-05
      .75000     5.64786   0.500E-05
      .80000     5.50335   0.500E-05
      .85000     5.36852   0.500E-05
      .90000     5.25062   0.500E-05
      .92500     5.20299   0.500E-05
      .95000     5.16037   0.500E-05
      .97000     5.12921   0.500E-05
      .99000     5.09552   0.500E-05
      .99500     5.08767   0.500E-05
      .99900     5.08153   0.500E-05
      .99950     5.08069   0.500E-05
      .99990     5.08010   0.500E-05
      .99995     5.08003   0.500E-05
      .99999     5.07996   0.500E-05
     1.00000     5.07996   0.500E-05

      .00000     8.32903   0.600E-05
      .05000     8.36504   0.600E-05
      .10000     8.27920   0.600E-05
      .15000     8.11012   0.600E-05
      .20000     7.89094   0.600E-05
      .25000     7.65513   0.600E-05
      .30000     7.41294   0.600E-05
      .35000     7.17160   0.600E-05
      .40000     6.93884   0.600E-05
      .45000     6.71560   0.600E-05
      .50000     6.50120   0.600E-05
      .55000     6.29593   0.600E-05
      .60000     6.09973   0.600E-05
      .65000     5.91304   0.600E-05
      .70000     5.73623   0.600E-05
      .75000     5.56897   0.600E-05
      .80000     5.41126   0.600E-05
      .85000     5.26391   0.600E-05
      .90000     5.13506   0.600E-05
      .92500     5.08314   0.600E-05
      .95000     5.03717   0.600E-05
      .97000     5.00424   0.600E-05
      .99000     4.96933   0.600E-05
      .99500     4.96133   0.600E-05
      .99900     4.95512   0.600E-05
      .99950     4.95428   0.600E-05
      .99990     4.95368   0.600E-05
      .99995     4.95360   0.600E-05
      .99999     4.95353   0.600E-05
     1.00000     4.95354   0.600E-05

      .00000     8.80253   0.800E-05
      .05000     8.79795   0.800E-05
      .10000     8.65173   0.800E-05
      .15000     8.41408   0.800E-05
      .20000     8.12607   0.800E-05
      .25000     7.82780   0.800E-05
      .30000     7.53067   0.800E-05
      .35000     7.24182   0.800E-05
      .40000     6.96848   0.800E-05
      .45000     6.71028   0.800E-05
      .50000     6.46474   0.800E-05
      .55000     6.23067   0.800E-05
      .60000     6.00835   0.800E-05
      .65000     5.79767   0.800E-05
      .70000     5.59848   0.800E-05
      .75000     5.40942   0.800E-05
      .80000     5.22985   0.800E-05
      .85000     5.06147   0.800E-05
      .90000     4.91266   0.800E-05
      .92500     4.85089   0.800E-05
      .95000     4.79675   0.800E-05
      .97000     4.75982   0.800E-05
      .99000     4.72421   0.800E-05
      .99500     4.71633   0.800E-05
      .99900     4.71028   0.800E-05
      .99950     4.70947   0.800E-05
      .99990     4.70890   0.800E-05
      .99995     4.70883   0.800E-05
      .99999     4.70877   0.800E-05
     1.00000     4.70875   0.800E-05

      .00000     9.16746   0.100E-04
      .05000     9.12311   0.100E-04
      .10000     8.92240   0.100E-04
      .15000     8.62584   0.100E-04
      .20000     8.28089   0.100E-04
      .25000     7.93264   0.100E-04
      .30000     7.59280   0.100E-04
      .35000     7.26793   0.100E-04
      .40000     6.96439   0.100E-04
      .45000     6.68006   0.100E-04
      .50000     6.41111   0.100E-04
      .55000     6.15487   0.100E-04
      .60000     5.91248   0.100E-04
      .65000     5.68356   0.100E-04
      .70000     5.46735   0.100E-04
      .75000     5.26134   0.100E-04
      .80000     5.06416   0.100E-04
      .85000     4.87859   0.100E-04
      .90000     4.71202   0.100E-04
      .92500     4.64002   0.100E-04
      .95000     4.57697   0.100E-04
      .97000     4.53560   0.100E-04
      .99000     4.49977   0.100E-04
      .99500     4.49210   0.100E-04
      .99900     4.48631   0.100E-04
      .99950     4.48556   0.100E-04
      .99990     4.48502   0.100E-04
      .99995     4.48496   0.100E-04
      .99999     4.48491   0.100E-04
     1.00000     4.48487   0.100E-04

      .00000    10.09574   0.150E-04
      .05000     9.67954   0.150E-04
      .10000     9.24416   0.150E-04
      .15000     8.82506   0.150E-04
      .20000     8.42105   0.150E-04
      .25000     8.03148   0.150E-04
      .30000     7.65574   0.150E-04
      .35000     7.29357   0.150E-04
      .40000     6.94523   0.150E-04
      .45000     6.60948   0.150E-04
      .50000     6.29026   0.150E-04
      .55000     5.98645   0.150E-04
      .60000     5.69945   0.150E-04
      .65000     5.42706   0.150E-04
      .70000     5.16997   0.150E-04
      .75000     4.92896   0.150E-04
      .80000     4.70427   0.150E-04
      .85000     4.49341   0.150E-04
      .90000     4.29902   0.150E-04
      .92500     4.21400   0.150E-04
      .95000     4.14364   0.150E-04
      .97000     4.09801   0.150E-04
      .99000     4.03303   0.150E-04
      .99500     4.01254   0.150E-04
      .99900     4.01724   0.150E-04
      .99950     4.02046   0.150E-04
      .99990     4.01873   0.150E-04
      .99995     4.01765   0.150E-04
      .99999     4.01957   0.150E-04
     1.00000     4.01831   0.150E-04

      .00000    10.27027   0.200E-04
      .05000    10.04963   0.200E-04
      .10000     9.63832   0.200E-04
      .15000     9.13548   0.200E-04
      .20000     8.60589   0.200E-04
      .25000     8.10586   0.200E-04
      .30000     7.64369   0.200E-04
      .35000     7.21931   0.200E-04
      .40000     6.83176   0.200E-04
      .45000     6.47392   0.200E-04
      .50000     6.13955   0.200E-04
      .55000     5.82061   0.200E-04
      .60000     5.52153   0.200E-04
      .65000     5.24002   0.200E-04
      .70000     4.97327   0.200E-04
      .75000     4.71590   0.200E-04
      .80000     4.46478   0.200E-04
      .85000     4.22442   0.200E-04
      .90000     3.99392   0.200E-04
      .92500     3.88080   0.200E-04
      .95000     3.77930   0.200E-04
      .97000     3.71510   0.200E-04
      .99000     3.67140   0.200E-04
      .99500     3.66269   0.200E-04
      .99900     3.65635   0.200E-04
      .99950     3.65565   0.200E-04
      .99990     3.65510   0.200E-04
      .99995     3.65499   0.200E-04
      .99999     3.65497   0.200E-04
     1.00000     3.65495   0.200E-04

      .00000    10.87590   0.300E-04
      .05000    10.50970   0.300E-04
      .10000     9.94924   0.300E-04
      .15000     9.31792   0.300E-04
      .20000     8.68490   0.300E-04
      .25000     8.10663   0.300E-04
      .30000     7.58599   0.300E-04
      .35000     7.11629   0.300E-04
      .40000     6.68690   0.300E-04
      .45000     6.29331   0.300E-04
      .50000     5.92735   0.300E-04
      .55000     5.57922   0.300E-04
      .60000     5.25284   0.300E-04
      .65000     4.94512   0.300E-04
      .70000     4.65173   0.300E-04
      .75000     4.36733   0.300E-04
      .80000     4.08852   0.300E-04
      .85000     3.81813   0.300E-04
      .90000     3.54889   0.300E-04
      .92500     3.41064   0.300E-04
      .95000     3.28383   0.300E-04
      .97000     3.20108   0.300E-04
      .99000     3.14384   0.300E-04
      .99500     3.13210   0.300E-04
      .99900     3.12345   0.300E-04
      .99950     3.12250   0.300E-04
      .99990     3.12175   0.300E-04
      .99995     3.12161   0.300E-04
      .99999     3.12158   0.300E-04
     1.00000     3.12159   0.300E-04

      .00000    11.45852   0.400E-04
      .05000    10.72558   0.400E-04
      .10000     9.98356   0.400E-04
      .15000     9.30113   0.400E-04
      .20000     8.67023   0.400E-04
      .25000     8.08537   0.400E-04
      .30000     7.54310   0.400E-04
      .35000     7.04096   0.400E-04
      .40000     6.57290   0.400E-04
      .45000     6.14078   0.400E-04
      .50000     5.74510   0.400E-04
      .55000     5.37655   0.400E-04
      .60000     5.03370   0.400E-04
      .65000     4.71166   0.400E-04
      .70000     4.40555   0.400E-04
      .75000     4.11297   0.400E-04
      .80000     3.82847   0.400E-04
      .85000     3.53871   0.400E-04
      .90000     3.23421   0.400E-04
      .92500     3.08158   0.400E-04
      .95000     2.94083   0.400E-04
      .97000     2.84376   0.400E-04
      .99000     2.76803   0.400E-04
      .99500     2.75933   0.400E-04
      .99900     2.74547   0.400E-04
      .99950     2.74310   0.400E-04
      .99990     2.74257   0.400E-04
      .99995     2.74243   0.400E-04
      .99999     2.74264   0.400E-04
     1.00000     2.74244   0.400E-04

      .00000    11.72063   0.500E-04
      .05000    10.90044   0.500E-04
      .10000    10.07917   0.500E-04
      .15000     9.33307   0.500E-04
      .20000     8.65056   0.500E-04
      .25000     8.02470   0.500E-04
      .30000     7.45017   0.500E-04
      .35000     6.92216   0.500E-04
      .40000     6.43575   0.500E-04
      .45000     5.99073   0.500E-04
      .50000     5.58696   0.500E-04
      .55000     5.21208   0.500E-04
      .60000     4.86243   0.500E-04
      .65000     4.53438   0.500E-04
      .70000     4.22066   0.500E-04
      .75000     3.91848   0.500E-04
      .80000     3.62205   0.500E-04
      .85000     3.31798   0.500E-04
      .90000     2.99682   0.500E-04
      .92500     2.83486   0.500E-04
      .95000     2.68409   0.500E-04
      .97000     2.57755   0.500E-04
      .99000     2.48860   0.500E-04
      .99500     2.47537   0.500E-04
      .99900     2.45899   0.500E-04
      .99950     2.45642   0.500E-04
      .99990     2.45551   0.500E-04
      .99995     2.45535   0.500E-04
      .99999     2.45543   0.500E-04
     1.00000     2.45526   0.500E-04

      .00000    11.91126   0.600E-04
      .05000    11.01830   0.600E-04
      .10000    10.13257   0.600E-04
      .15000     9.33578   0.600E-04
      .20000     8.61277   0.600E-04
      .25000     7.95548   0.600E-04
      .30000     7.35697   0.600E-04
      .35000     6.80954   0.600E-04
      .40000     6.30981   0.600E-04
      .45000     5.85709   0.600E-04
      .50000     5.44849   0.600E-04
      .55000     5.07020   0.600E-04
      .60000     4.71646   0.600E-04
      .65000     4.38489   0.600E-04
      .70000     4.06668   0.600E-04
      .75000     3.75846   0.600E-04
      .80000     3.45424   0.600E-04
      .85000     3.14077   0.600E-04
      .90000     2.80871   0.600E-04
      .92500     2.64059   0.600E-04
      .95000     2.48287   0.600E-04
      .97000     2.36915   0.600E-04
      .99000     2.26874   0.600E-04
      .99500     2.25113   0.600E-04
      .99900     2.23250   0.600E-04
      .99950     2.22979   0.600E-04
      .99990     2.22850   0.600E-04
      .99995     2.22831   0.600E-04
      .99999     2.22829   0.600E-04
     1.00000     2.22813   0.600E-04

      .00000    12.15498   0.800E-04
      .05000    11.14958   0.800E-04
      .10000    10.16768   0.800E-04
      .15000     9.29687   0.800E-04
      .20000     8.51586   0.800E-04
      .25000     7.81417   0.800E-04
      .30000     7.18294   0.800E-04
      .35000     6.61158   0.800E-04
      .40000     6.09654   0.800E-04
      .45000     5.63926   0.800E-04
      .50000     5.22857   0.800E-04
      .55000     4.84844   0.800E-04
      .60000     4.48795   0.800E-04
      .65000     4.14546   0.800E-04
      .70000     3.81409   0.800E-04
      .75000     3.49214   0.800E-04
      .80000     3.17690   0.800E-04
      .85000     2.85736   0.800E-04
      .90000     2.52410   0.800E-04
      .92500     2.35350   0.800E-04
      .95000     2.18523   0.800E-04
      .97000     2.05641   0.800E-04
      .99000     1.94056   0.800E-04
      .99500     1.91347   0.800E-04
      .99900     1.89184   0.800E-04
      .99950     1.88928   0.800E-04
      .99990     1.88713   0.800E-04
      .99995     1.88685   0.800E-04
      .99999     1.88664   0.800E-04
     1.00000     1.88655   0.800E-04

      .00000    12.37867   0.100E-03
      .05000    11.23762   0.100E-03
      .10000    10.15836   0.100E-03
      .15000     9.22272   0.100E-03
      .20000     8.40044   0.100E-03
      .25000     7.67313   0.100E-03
      .30000     7.02623   0.100E-03
      .35000     6.44614   0.100E-03
      .40000     5.92390   0.100E-03
      .45000     5.46160   0.100E-03
      .50000     5.04543   0.100E-03
      .55000     4.65945   0.100E-03
      .60000     4.29275   0.100E-03
      .65000     3.94472   0.100E-03
      .70000     3.61129   0.100E-03
      .75000     3.28784   0.100E-03
      .80000     2.97132   0.100E-03
      .85000     2.65007   0.100E-03
      .90000     2.31365   0.100E-03
      .92500     2.14014   0.100E-03
      .95000     1.96669   0.100E-03
      .97000     1.83028   0.100E-03
      .99000     1.70072   0.100E-03
      .99500     1.66943   0.100E-03
      .99900     1.64446   0.100E-03
      .99950     1.64147   0.100E-03
      .99990     1.63894   0.100E-03
      .99995     1.63863   0.100E-03
      .99999     1.63836   0.100E-03
     1.00000     1.63826   0.100E-03

      .00000    12.78384   0.150E-03
      .05000    11.36329   0.150E-03
      .10000    10.10151   0.150E-03
      .15000     9.04790   0.150E-03
      .20000     8.15379   0.150E-03
      .25000     7.38356   0.150E-03
      .30000     6.70924   0.150E-03
      .35000     6.11475   0.150E-03
      .40000     5.58771   0.150E-03
      .45000     5.11857   0.150E-03
      .50000     4.69438   0.150E-03
      .55000     4.30003   0.150E-03
      .60000     3.92496   0.150E-03
      .65000     3.56779   0.150E-03
      .70000     3.23316   0.150E-03
      .75000     2.91259   0.150E-03
      .80000     2.60116   0.150E-03
      .85000     2.28638   0.150E-03
      .90000     1.95578   0.150E-03
      .92500     1.78253   0.150E-03
      .95000     1.60345   0.150E-03
      .97000     1.45570   0.150E-03
      .99000     1.30702   0.150E-03
      .99500     1.26943   0.150E-03
      .99900     1.23925   0.150E-03
      .99950     1.23560   0.150E-03
      .99990     1.23252   0.150E-03
      .99995     1.23215   0.150E-03
      .99999     1.23181   0.150E-03
     1.00000     1.23174   0.150E-03

      .00000    13.10084   0.200E-03
      .05000    11.44961   0.200E-03
      .10000    10.05519   0.200E-03
      .15000     8.91868   0.200E-03
      .20000     7.97134   0.200E-03
      .25000     7.17044   0.200E-03
      .30000     6.48087   0.200E-03
      .35000     5.87760   0.200E-03
      .40000     5.34772   0.200E-03
      .45000     4.87572   0.200E-03
      .50000     4.44649   0.200E-03
      .55000     4.04723   0.200E-03
      .60000     3.66790   0.200E-03
      .65000     3.30626   0.200E-03
      .70000     2.96953   0.200E-03
      .75000     2.65420   0.200E-03
      .80000     2.35048   0.200E-03
      .85000     2.04573   0.200E-03
      .90000     1.72620   0.200E-03
      .92500     1.55691   0.200E-03
      .95000     1.37749   0.200E-03
      .97000     1.22518   0.200E-03
      .99000     1.06831   0.200E-03
      .99500     1.02769   0.200E-03
      .99900      .99495   0.200E-03
      .99950      .99099   0.200E-03
      .99990      .98766   0.200E-03
      .99995      .98724   0.200E-03
      .99999      .98688   0.200E-03
     1.00000      .98686   0.200E-03

      .00000    13.65273   0.300E-03
      .05000    11.61174   0.300E-03
      .10000    10.04162   0.300E-03
      .15000     8.80980   0.300E-03
      .20000     7.79874   0.300E-03
      .25000     6.94919   0.300E-03
      .30000     6.23369   0.300E-03
      .35000     5.61608   0.300E-03
      .40000     5.07342   0.300E-03
      .45000     4.59023   0.300E-03
      .50000     4.14925   0.300E-03
      .55000     3.73943   0.300E-03
      .60000     3.35496   0.300E-03
      .65000     2.99343   0.300E-03
      .70000     2.65677   0.300E-03
      .75000     2.34654   0.300E-03
      .80000     2.04916   0.300E-03
      .85000     1.75526   0.300E-03
      .90000     1.45341   0.300E-03
      .92500     1.29264   0.300E-03
      .95000     1.11968   0.300E-03
      .97000      .96893   0.300E-03
      .99000      .80476   0.300E-03
      .99500      .76141   0.300E-03
      .99900      .72658   0.300E-03
      .99950      .72199   0.300E-03
      .99990      .71862   0.300E-03
      .99995      .71821   0.300E-03
      .99999      .71785   0.300E-03
     1.00000      .71779   0.300E-03

      .00000    14.17338   0.400E-03
      .05000    11.81515   0.400E-03
      .10000    10.12231   0.400E-03
      .15000     8.81946   0.400E-03
      .20000     7.76530   0.400E-03
      .25000     6.87878   0.400E-03
      .30000     6.13909   0.400E-03
      .35000     5.50839   0.400E-03
      .40000     4.95422   0.400E-03
      .45000     4.45931   0.400E-03
      .50000     4.00888   0.400E-03
      .55000     3.59227   0.400E-03
      .60000     3.20328   0.400E-03
      .65000     2.83830   0.400E-03
      .70000     2.49705   0.400E-03
      .75000     2.18123   0.400E-03
      .80000     1.88692   0.400E-03
      .85000     1.59855   0.400E-03
      .90000     1.30596   0.400E-03
      .92500     1.15133   0.400E-03
      .95000      .98359   0.400E-03
      .97000      .83489   0.400E-03
      .99000      .66764   0.400E-03
      .99500      .62273   0.400E-03
      .99900      .58676   0.400E-03
      .99950      .58205   0.400E-03
      .99990      .57856   0.400E-03
      .99995      .57812   0.400E-03
      .99999      .57779   0.400E-03
     1.00000      .57765   0.400E-03

      .00000    14.65365   0.500E-03
      .05000    12.04039   0.500E-03
      .10000    10.25857   0.500E-03
      .15000     8.89527   0.500E-03
      .20000     7.80594   0.500E-03
      .25000     6.89286   0.500E-03
      .30000     6.13206   0.500E-03
      .35000     5.48664   0.500E-03
      .40000     4.92061   0.500E-03
      .45000     4.41399   0.500E-03
      .50000     3.95307   0.500E-03
      .55000     3.52807   0.500E-03
      .60000     3.13270   0.500E-03
      .65000     2.76279   0.500E-03
      .70000     2.41660   0.500E-03
      .75000     2.09400   0.500E-03
      .80000     1.79657   0.500E-03
      .85000     1.51045   0.500E-03
      .90000     1.22225   0.500E-03
      .92500     1.07034   0.500E-03
      .95000      .90445   0.500E-03
      .97000      .75580   0.500E-03
      .99000      .58583   0.500E-03
      .99500      .53981   0.500E-03
      .99900      .50289   0.500E-03
      .99950      .49806   0.500E-03
      .99990      .49447   0.500E-03
      .99995      .49402   0.500E-03
      .99999      .49369   0.500E-03
     1.00000      .49349   0.500E-03

      .00000    15.09148   0.600E-03
      .05000    12.26655   0.600E-03
      .10000    10.41616   0.600E-03
      .15000     9.00053   0.600E-03
      .20000     7.87991   0.600E-03
      .25000     6.94863   0.600E-03
      .30000     6.17161   0.600E-03
      .35000     5.51190   0.600E-03
      .40000     4.93375   0.600E-03
      .45000     4.41612   0.600E-03
      .50000     3.94526   0.600E-03
      .55000     3.51179   0.600E-03
      .60000     3.10960   0.600E-03
      .65000     2.73415   0.600E-03
      .70000     2.38258   0.600E-03
      .75000     2.05315   0.600E-03
      .80000     1.74844   0.600E-03
      .85000     1.46207   0.600E-03
      .90000     1.17491   0.600E-03
      .92500     1.02353   0.600E-03
      .95000      .85725   0.600E-03
      .97000      .70712   0.600E-03
      .99000      .53379   0.600E-03
      .99500      .48664   0.600E-03
      .99900      .44867   0.600E-03
      .99950      .44370   0.600E-03
      .99990      .44002   0.600E-03
      .99995      .43955   0.600E-03
      .99999      .43922   0.600E-03
     1.00000      .43898   0.600E-03

      .00000    15.79003   0.800E-03
      .05000    12.75245   0.800E-03
      .10000    10.79777   0.800E-03
      .15000     9.25117   0.800E-03
      .20000     8.03456   0.800E-03
      .25000     7.06898   0.800E-03
      .30000     6.28415   0.800E-03
      .35000     5.62178   0.800E-03
      .40000     5.03466   0.800E-03
      .45000     4.50328   0.800E-03
      .50000     4.01772   0.800E-03
      .55000     3.57015   0.800E-03
      .60000     3.15327   0.800E-03
      .65000     2.76195   0.800E-03
      .70000     2.39413   0.800E-03
      .75000     2.04907   0.800E-03
      .80000     1.72849   0.800E-03
      .85000     1.43399   0.800E-03
      .90000     1.14227   0.800E-03
      .92500      .98778   0.800E-03
      .95000      .81688   0.800E-03
      .97000      .66076   0.800E-03
      .99000      .47737   0.800E-03
      .99500      .42729   0.800E-03
      .99900      .38688   0.800E-03
      .99950      .38180   0.800E-03
      .99990      .37762   0.800E-03
      .99995      .37713   0.800E-03
      .99999      .37665   0.800E-03
     1.00000      .37654   0.800E-03

      .00000    16.38916   0.100E-02
      .05000    13.11898   0.100E-02
      .10000    11.09423   0.100E-02
      .15000     9.49220   0.100E-02
      .20000     8.24269   0.100E-02
      .25000     7.25889   0.100E-02
      .30000     6.45955   0.100E-02
      .35000     5.78158   0.100E-02
      .40000     5.17872   0.100E-02
      .45000     4.63288   0.100E-02
      .50000     4.13455   0.100E-02
      .55000     3.67551   0.100E-02
      .60000     3.24800   0.100E-02
      .65000     2.84623   0.100E-02
      .70000     2.46706   0.100E-02
      .75000     2.10784   0.100E-02
      .80000     1.76867   0.100E-02
      .85000     1.45481   0.100E-02
      .90000     1.15327   0.100E-02
      .92500      .99309   0.100E-02
      .95000      .81444   0.100E-02
      .97000      .64953   0.100E-02
      .99000      .45335   0.100E-02
      .99500      .39948   0.100E-02
      .99900      .35592   0.100E-02
      .99950      .35043   0.100E-02
      .99990      .34593   0.100E-02
      .99995      .34539   0.100E-02
      .99999      .34489   0.100E-02
     1.00000      .34484   0.100E-02

      .00000    17.46187   0.150E-02
      .05000    13.82465   0.150E-02
      .10000    11.70498   0.150E-02
      .15000    10.03678   0.150E-02
      .20000     8.76966   0.150E-02
      .25000     7.75671   0.150E-02
      .30000     6.92657   0.150E-02
      .35000     6.21629   0.150E-02
      .40000     5.58312   0.150E-02
      .45000     5.00971   0.150E-02
      .50000     4.48652   0.150E-02
      .55000     4.00461   0.150E-02
      .60000     3.55513   0.150E-02
      .65000     3.13087   0.150E-02
      .70000     2.72661   0.150E-02
      .75000     2.33644   0.150E-02
      .80000     1.95772   0.150E-02
      .85000     1.59497   0.150E-02
      .90000     1.25129   0.150E-02
      .92500     1.07100   0.150E-02
      .95000      .86616   0.150E-02
      .97000      .67358   0.150E-02
      .99000      .44112   0.150E-02
      .99500      .37704   0.150E-02
      .99900      .32515   0.150E-02
      .99950      .31859   0.150E-02
      .99990      .31335   0.150E-02
      .99995      .31268   0.150E-02
      .99999      .31210   0.150E-02
     1.00000      .31207   0.150E-02

      .00000    18.13602   0.200E-02
      .05000    14.31433   0.200E-02
      .10000    12.18211   0.200E-02
      .15000    10.51161   0.200E-02
      .20000     9.25376   0.200E-02
      .25000     8.22525   0.200E-02
      .30000     7.36971   0.200E-02
      .35000     6.63159   0.200E-02
      .40000     5.97378   0.200E-02
      .45000     5.37898   0.200E-02
      .50000     4.83659   0.200E-02
      .55000     4.33655   0.200E-02
      .60000     3.86858   0.200E-02
      .65000     3.42457   0.200E-02
      .70000     2.99948   0.200E-02
      .75000     2.58750   0.200E-02
      .80000     2.18348   0.200E-02
      .85000     1.78395   0.200E-02
      .90000     1.38534   0.200E-02
      .92500     1.17890   0.200E-02
      .95000      .94222   0.200E-02
      .97000      .71952   0.200E-02
      .99000      .45256   0.200E-02
      .99500      .37755   0.200E-02
      .99900      .31660   0.200E-02
      .99950      .30892   0.200E-02
      .99990      .30287   0.200E-02
      .99995      .30207   0.200E-02
      .99999      .30164   0.200E-02
     1.00000      .30118   0.200E-02

      .00000    18.99329   0.300E-02
      .05000    14.95482   0.300E-02
      .10000    12.86444   0.300E-02
      .15000    11.26228   0.300E-02
      .20000    10.02606   0.300E-02
      .25000     8.98967   0.300E-02
      .30000     8.10827   0.300E-02
      .35000     7.33699   0.300E-02
      .40000     6.64588   0.300E-02
      .45000     6.01933   0.300E-02
      .50000     5.44710   0.300E-02
      .55000     4.91937   0.300E-02
      .60000     4.42587   0.300E-02
      .65000     3.95780   0.300E-02
      .70000     3.50837   0.300E-02
      .75000     3.06874   0.300E-02
      .80000     2.62784   0.300E-02
      .85000     2.16999   0.300E-02
      .90000     1.67501   0.300E-02
      .92500     1.40505   0.300E-02
      .95000     1.10593   0.300E-02
      .97000      .82500   0.300E-02
      .99000      .49201   0.300E-02
      .99500      .39653   0.300E-02
      .99900      .31657   0.300E-02
      .99950      .30550   0.300E-02
      .99990      .29608   0.300E-02
      .99995      .29498   0.300E-02
      .99999      .29488   0.300E-02
     1.00000      .29313   0.300E-02

      .00000    19.50800   0.400E-02
      .05000    15.33353   0.400E-02
      .10000    13.32780   0.400E-02
      .15000    11.81979   0.400E-02
      .20000    10.61484   0.400E-02
      .25000     9.57912   0.400E-02
      .30000     8.67968   0.400E-02
      .35000     7.88551   0.400E-02
      .40000     7.17647   0.400E-02
      .45000     6.53602   0.400E-02
      .50000     5.94971   0.400E-02
      .55000     5.40562   0.400E-02
      .60000     4.89463   0.400E-02
      .65000     4.40852   0.400E-02
      .70000     3.94001   0.400E-02
      .75000     3.47929   0.400E-02
      .80000     3.01346   0.400E-02
      .85000     2.52266   0.400E-02
      .90000     1.96386   0.400E-02
      .92500     1.63567   0.400E-02
      .95000     1.26567   0.400E-02
      .97000      .92642   0.400E-02
      .99000      .53414   0.400E-02
      .99500      .42423   0.400E-02
      .99900      .32350   0.400E-02
      .99950      .30747   0.400E-02
      .99990      .29336   0.400E-02
      .99995      .29191   0.400E-02
      .99999      .29197   0.400E-02
     1.00000      .28930   0.400E-02

      .00000    19.72784   0.500E-02
      .05000    15.56973   0.500E-02
      .10000    13.70370   0.500E-02
      .15000    12.27685   0.500E-02
      .20000    11.09147   0.500E-02
      .25000    10.05255   0.500E-02
      .30000     9.13787   0.500E-02
      .35000     8.32349   0.500E-02
      .40000     7.59509   0.500E-02
      .45000     6.93937   0.500E-02
      .50000     6.34446   0.500E-02
      .55000     5.79819   0.500E-02
      .60000     5.28699   0.500E-02
      .65000     4.79921   0.500E-02
      .70000     4.32646   0.500E-02
      .75000     3.85704   0.500E-02
      .80000     3.37149   0.500E-02
      .85000     2.83375   0.500E-02
      .90000     2.19862   0.500E-02
      .92500     1.82817   0.500E-02
      .95000     1.41156   0.500E-02
      .97000     1.04030   0.500E-02
      .99000      .58563   0.500E-02
      .99500      .44896   0.500E-02
      .99900      .33090   0.500E-02
      .99950      .31160   0.500E-02
      .99990      .29166   0.500E-02
      .99995      .28929   0.500E-02
      .99999      .29050   0.500E-02
     1.00000      .28675   0.500E-02

      .00000    19.98576   0.600E-02
      .05000    15.73590   0.600E-02
      .10000    13.95488   0.600E-02
      .15000    12.58146   0.600E-02
      .20000    11.42669   0.600E-02
      .25000    10.40553   0.600E-02
      .30000     9.50031   0.600E-02
      .35000     8.68907   0.600E-02
      .40000     7.95927   0.600E-02
      .45000     7.29889   0.600E-02
      .50000     6.69728   0.600E-02
      .55000     6.14330   0.600E-02
      .60000     5.62453   0.600E-02
      .65000     5.12975   0.600E-02
      .70000     4.64989   0.600E-02
      .75000     4.17184   0.600E-02
      .80000     3.67322   0.600E-02
      .85000     3.11146   0.600E-02
      .90000     2.43078   0.600E-02
      .92500     2.02391   0.600E-02
      .95000     1.55674   0.600E-02
      .97000     1.13866   0.600E-02
      .99000      .63174   0.600E-02
      .99500      .47782   0.600E-02
      .99900      .33975   0.600E-02
      .99950      .31581   0.600E-02
      .99990      .29039   0.600E-02
      .99995      .28736   0.600E-02
      .99999      .28896   0.600E-02
     1.00000      .28484   0.600E-02

      .00000    20.32376   0.800E-02
      .05000    15.94472   0.800E-02
      .10000    14.31720   0.800E-02
      .15000    13.02390   0.800E-02
      .20000    11.92310   0.800E-02
      .25000    10.93673   0.800E-02
      .30000    10.05345   0.800E-02
      .35000     9.25439   0.800E-02
      .40000     8.52971   0.800E-02
      .45000     7.86927   0.800E-02
      .50000     7.26403   0.800E-02
      .55000     6.70436   0.800E-02
      .60000     6.17931   0.800E-02
      .65000     5.67829   0.800E-02
      .70000     5.19136   0.800E-02
      .75000     4.70347   0.800E-02
      .80000     4.18797   0.800E-02
      .85000     3.59233   0.800E-02
      .90000     2.84348   0.800E-02
      .92500     2.37989   0.800E-02
      .95000     1.83002   0.800E-02
      .97000     1.32328   0.800E-02
      .99000      .72156   0.800E-02
      .99500      .53481   0.800E-02
      .99900      .35769   0.800E-02
      .99950      .32484   0.800E-02
      .99990      .28894   0.800E-02
      .99995      .28452   0.800E-02
      .99999      .28653   0.800E-02
     1.00000      .28215   0.800E-02

      .00000    20.52936   0.100E-01
      .05000    16.07274   0.100E-01
      .10000    14.56219   0.100E-01
      .15000    13.33009   0.100E-01
      .20000    12.27348   0.100E-01
      .25000    11.31850   0.100E-01
      .30000    10.45747   0.100E-01
      .35000     9.67374   0.100E-01
      .40000     8.95922   0.100E-01
      .45000     8.30502   0.100E-01
      .50000     7.70321   0.100E-01
      .55000     7.14507   0.100E-01
      .60000     6.62055   0.100E-01
      .65000     6.11940   0.100E-01
      .70000     5.63120   0.100E-01
      .75000     5.13963   0.100E-01
      .80000     4.61512   0.100E-01
      .85000     3.99810   0.100E-01
      .90000     3.20187   0.100E-01
      .92500     2.69652   0.100E-01
      .95000     2.08267   0.100E-01
      .97000     1.49693   0.100E-01
      .99000      .80704   0.100E-01
      .99500      .58939   0.100E-01
      .99900      .37513   0.100E-01
      .99950      .33403   0.100E-01
      .99990      .28851   0.100E-01
      .99995      .28268   0.100E-01
      .99999      .28464   0.100E-01
     1.00000      .28033   0.100E-01

      .00000    20.79144   0.150E-01
      .05000    16.25334   0.150E-01
      .10000    14.91427   0.150E-01
      .15000    13.79173   0.150E-01
      .20000    12.81421   0.150E-01
      .25000    11.92188   0.150E-01
      .30000    11.10986   0.150E-01
      .35000    10.36522   0.150E-01
      .40000     9.68190   0.150E-01
      .45000     9.05283   0.150E-01
      .50000     8.47148   0.150E-01
      .55000     7.93027   0.150E-01
      .60000     7.41991   0.150E-01
      .65000     6.93044   0.150E-01
      .70000     6.45088   0.150E-01
      .75000     5.96335   0.150E-01
      .80000     5.43422   0.150E-01
      .85000     4.79352   0.150E-01
      .90000     3.93082   0.150E-01
      .92500     3.35960   0.150E-01
      .95000     2.63560   0.150E-01
      .97000     1.90528   0.150E-01
      .99000     1.00145   0.150E-01
      .99500      .71374   0.150E-01
      .99900      .41528   0.150E-01
      .99950      .35623   0.150E-01
      .99990      .28993   0.150E-01
      .99995      .28069   0.150E-01
      .99999      .28122   0.150E-01
     1.00000      .27758   0.150E-01

      .00000    20.91750   0.200E-01
      .05000    16.34102   0.200E-01
      .10000    15.09748   0.200E-01
      .15000    14.04559   0.200E-01
      .20000    13.12074   0.200E-01
      .25000    12.27349   0.200E-01
      .30000    11.50014   0.200E-01
      .35000    10.78949   0.200E-01
      .40000    10.13632   0.200E-01
      .45000     9.53438   0.200E-01
      .50000     8.97766   0.200E-01
      .55000     8.45886   0.200E-01
      .60000     7.96854   0.200E-01
      .65000     7.49653   0.200E-01
      .70000     7.03189   0.200E-01
      .75000     6.55622   0.200E-01
      .80000     6.03423   0.200E-01
      .85000     5.39081   0.200E-01
      .90000     4.50059   0.200E-01
      .92500     3.89395   0.200E-01
      .95000     3.10177   0.200E-01
      .97000     2.26858   0.200E-01
      .99000     1.17424   0.200E-01
      .99500      .82464   0.200E-01
      .99900      .45139   0.200E-01
      .99950      .37701   0.200E-01
      .99990      .29317   0.200E-01
      .99995      .28075   0.200E-01
      .99999      .27895   0.200E-01
     1.00000      .27603   0.200E-01

      .00000    21.04521   0.300E-01
      .05000    16.41216   0.300E-01
      .10000    15.28074   0.300E-01
      .15000    14.31222   0.300E-01
      .20000    13.45310   0.300E-01
      .25000    12.66598   0.300E-01
      .30000    11.94742   0.300E-01
      .35000    11.28858   0.300E-01
      .40000    10.68457   0.300E-01
      .45000    10.12979   0.300E-01
      .50000     9.61837   0.300E-01
      .55000     9.14270   0.300E-01
      .60000     8.69239   0.300E-01
      .65000     8.25658   0.300E-01
      .70000     7.82479   0.300E-01
      .75000     7.37890   0.300E-01
      .80000     6.88284   0.300E-01
      .85000     6.25759   0.300E-01
      .90000     5.36041   0.300E-01
      .92500     4.72397   0.300E-01
      .95000     3.85686   0.300E-01
      .97000     2.88850   0.300E-01
      .99000     1.47537   0.300E-01
      .99500     1.01985   0.300E-01
      .99900      .51552   0.300E-01
      .99950      .41506   0.300E-01
      .99990      .30184   0.300E-01
      .99995      .28373   0.300E-01
      .99999      .27624   0.300E-01
     1.00000      .27434   0.300E-01

      .00000    21.09019   0.400E-01
      .05000    16.43681   0.400E-01
      .10000    15.36986   0.400E-01
      .15000    14.44886   0.400E-01
      .20000    13.62898   0.400E-01
      .25000    12.87968   0.400E-01
      .30000    12.19770   0.400E-01
      .35000    11.57499   0.400E-01
      .40000    11.00705   0.400E-01
      .45000    10.48846   0.400E-01
      .50000    10.01328   0.400E-01
      .55000     9.57349   0.400E-01
      .60000     9.15769   0.400E-01
      .65000     8.75439   0.400E-01
      .70000     8.35367   0.400E-01
      .75000     7.93804   0.400E-01
      .80000     7.47184   0.400E-01
      .85000     6.87510   0.400E-01
      .90000     5.99600   0.400E-01
      .92500     5.35389   0.400E-01
      .95000     4.45189   0.400E-01
      .97000     3.40089   0.400E-01
      .99000     1.75143   0.400E-01
      .99500     1.19095   0.400E-01
      .99900      .57247   0.400E-01
      .99950      .44968   0.400E-01
      .99990      .31157   0.400E-01
      .99995      .28840   0.400E-01
      .99999      .27486   0.400E-01
     1.00000      .27345   0.400E-01

      .00000    21.08917   0.500E-01
      .05000    16.44753   0.500E-01
      .10000    15.42238   0.500E-01
      .15000    14.53210   0.500E-01
      .20000    13.73852   0.500E-01
      .25000    13.01531   0.500E-01
      .30000    12.35910   0.500E-01
      .35000    11.76271   0.500E-01
      .40000    11.22174   0.500E-01
      .45000    10.73091   0.500E-01
      .50000    10.28427   0.500E-01
      .55000     9.87347   0.500E-01
      .60000     9.48638   0.500E-01
      .65000     9.11101   0.500E-01
      .70000     8.73794   0.500E-01
      .75000     8.35033   0.500E-01
      .80000     7.91331   0.500E-01
      .85000     7.34713   0.500E-01
      .90000     6.49494   0.500E-01
      .92500     5.85771   0.500E-01
      .95000     4.94070   0.500E-01
      .97000     3.83652   0.500E-01
      .99000     2.00995   0.500E-01
      .99500     1.34542   0.500E-01
      .99900      .62457   0.500E-01
      .99950      .48176   0.500E-01
      .99990      .32146   0.500E-01
      .99995      .29368   0.500E-01
      .99999      .27422   0.500E-01
     1.00000      .27289   0.500E-01

      .00000    21.04420   0.600E-01
      .05000    16.45186   0.600E-01
      .10000    15.46609   0.600E-01
      .15000    14.60287   0.600E-01
      .20000    13.82902   0.600E-01
      .25000    13.12241   0.600E-01
      .30000    12.48032   0.600E-01
      .35000    11.89748   0.600E-01
      .40000    11.37067   0.600E-01
      .45000    10.89563   0.600E-01
      .50000    10.46743   0.600E-01
      .55000    10.07924   0.600E-01
      .60000     9.72075   0.600E-01
      .65000     9.38022   0.600E-01
      .70000     9.04421   0.600E-01
      .75000     8.68706   0.600E-01
      .80000     8.26867   0.600E-01
      .85000     7.71988   0.600E-01
      .90000     6.89348   0.600E-01
      .92500     6.26968   0.600E-01
      .95000     5.35697   0.600E-01
      .97000     4.22458   0.600E-01
      .99000     2.24897   0.600E-01
      .99500     1.48578   0.600E-01
      .99900      .67350   0.600E-01
      .99950      .51325   0.600E-01
      .99990      .33134   0.600E-01
      .99995      .29845   0.600E-01
      .99999      .27406   0.600E-01
     1.00000      .27252   0.600E-01

      .00000    20.98941   0.800E-01
      .05000    16.46982   0.800E-01
      .10000    15.51555   0.800E-01
      .15000    14.67754   0.800E-01
      .20000    13.92747   0.800E-01
      .25000    13.24679   0.800E-01
      .30000    12.63231   0.800E-01
      .35000    12.07860   0.800E-01
      .40000    11.58212   0.800E-01
      .45000    11.13863   0.800E-01
      .50000    10.74311   0.800E-01
      .55000    10.38826   0.800E-01
      .60000    10.06275   0.800E-01
      .65000     9.75542   0.800E-01
      .70000     9.45763   0.800E-01
      .75000     9.15260   0.800E-01
      .80000     8.80271   0.800E-01
      .85000     8.31675   0.800E-01
      .90000     7.52589   0.800E-01
      .92500     6.91387   0.800E-01
      .95000     6.01585   0.800E-01
      .97000     4.86254   0.800E-01
      .99000     2.67912   0.800E-01
      .99500     1.76165   0.800E-01
      .99900      .76256   0.800E-01
      .99950      .56899   0.800E-01
      .99990      .35002   0.800E-01
      .99995      .30938   0.800E-01
      .99999      .27476   0.800E-01
     1.00000      .27204   0.800E-01

      .00000    20.91885   0.100E+00
      .05000    16.47757   0.100E+00
      .10000    15.55094   0.100E+00
      .15000    14.73381   0.100E+00
      .20000    14.00120   0.100E+00
      .25000    13.33764   0.100E+00
      .30000    12.73985   0.100E+00
      .35000    12.20332   0.100E+00
      .40000    11.72492   0.100E+00
      .45000    11.30067   0.100E+00
      .50000    10.92609   0.100E+00
      .55000    10.59434   0.100E+00
      .60000    10.29458   0.100E+00
      .65000    10.01619   0.100E+00
      .70000     9.75133   0.100E+00
      .75000     9.48413   0.100E+00
      .80000     9.17758   0.100E+00
      .85000     8.73932   0.100E+00
      .90000     7.99837   0.100E+00
      .92500     7.41166   0.100E+00
      .95000     6.53564   0.100E+00
      .97000     5.37627   0.100E+00
      .99000     3.05660   0.100E+00
      .99500     2.02112   0.100E+00
      .99900      .84403   0.100E+00
      .99950      .62042   0.100E+00
      .99990      .36780   0.100E+00
      .99995      .32001   0.100E+00
      .99999      .27596   0.100E+00
     1.00000      .27175   0.100E+00

      .00000    20.76729   0.150E+00
      .05000    16.49532   0.150E+00
      .10000    15.61064   0.150E+00
      .15000    14.82488   0.150E+00
      .20000    14.11780   0.150E+00
      .25000    13.47865   0.150E+00
      .30000    12.90452   0.150E+00
      .35000    12.39209   0.150E+00
      .40000    11.93865   0.150E+00
      .45000    11.54135   0.150E+00
      .50000    11.19670   0.150E+00
      .55000    10.89917   0.150E+00
      .60000    10.63952   0.150E+00
      .65000    10.40895   0.150E+00
      .70000    10.20167   0.150E+00
      .75000    10.00418   0.150E+00
      .80000     9.78178   0.150E+00
      .85000     9.44152   0.150E+00
      .90000     8.81090   0.150E+00
      .92500     8.28443   0.150E+00
      .95000     7.46830   0.150E+00
      .97000     6.33113   0.150E+00
      .99000     3.83630   0.150E+00
      .99500     2.59569   0.150E+00
      .99900     1.02628   0.150E+00
      .99950      .73594   0.150E+00
      .99990      .40842   0.150E+00
      .99995      .34503   0.150E+00
      .99999      .28019   0.150E+00
     1.00000      .27135   0.150E+00

      .00000    20.52037   0.200E+00
      .05000    16.49844   0.200E+00
      .10000    15.64838   0.200E+00
      .15000    14.88431   0.200E+00
      .20000    14.19129   0.200E+00
      .25000    13.56332   0.200E+00
      .30000    12.99901   0.200E+00
      .35000    12.49654   0.200E+00
      .40000    12.05479   0.200E+00
      .45000    11.67132   0.200E+00
      .50000    11.34260   0.200E+00
      .55000    11.06470   0.200E+00
      .60000    10.83250   0.200E+00
      .65000    10.63951   0.200E+00
      .70000    10.47634   0.200E+00
      .75000    10.32010   0.200E+00
      .80000    10.13425   0.200E+00
      .85000     9.85484   0.200E+00
      .90000     9.33320   0.200E+00
      .92500     8.87002   0.200E+00
      .95000     8.10833   0.200E+00
      .97000     7.00928   0.200E+00
      .99000     4.46426   0.200E+00
      .99500     3.07271   0.200E+00
      .99900     1.18758   0.200E+00
      .99950      .83999   0.200E+00
      .99990      .44494   0.200E+00
      .99995      .36822   0.200E+00
      .99999      .28502   0.200E+00
     1.00000      .27115   0.200E+00

      .00000    19.95810   0.300E+00
      .05000    16.50310   0.300E+00
      .10000    15.67871   0.300E+00
      .15000    14.93477   0.300E+00
      .20000    14.25854   0.300E+00
      .25000    13.64533   0.300E+00
      .30000    13.09441   0.300E+00
      .35000    12.60451   0.300E+00
      .40000    12.17557   0.300E+00
      .45000    11.80683   0.300E+00
      .50000    11.49676   0.300E+00
      .55000    11.24280   0.300E+00
      .60000    11.03981   0.300E+00
      .65000    10.88201   0.300E+00
      .70000    10.76290   0.300E+00
      .75000    10.66411   0.300E+00
      .80000    10.55455   0.300E+00
      .85000    10.37589   0.300E+00
      .90000     9.99349   0.300E+00
      .92500     9.61971   0.300E+00
      .95000     8.95185   0.300E+00
      .97000     7.92916   0.300E+00
      .99000     5.39544   0.300E+00
      .99500     3.86430   0.300E+00
      .99900     1.47421   0.300E+00
      .99950     1.02396   0.300E+00
      .99990      .50960   0.300E+00
      .99995      .40889   0.300E+00
      .99999      .29618   0.300E+00
     1.00000      .27095   0.300E+00

      .00000    19.48192   0.400E+00
      .05000    16.50357   0.400E+00
      .10000    15.69087   0.400E+00
      .15000    14.95557   0.400E+00
      .20000    14.28727   0.400E+00
      .25000    13.68207   0.400E+00
      .30000    13.13937   0.400E+00
      .35000    12.65794   0.400E+00
      .40000    12.23785   0.400E+00
      .45000    11.87871   0.400E+00
      .50000    11.57949   0.400E+00
      .55000    11.33817   0.400E+00
      .60000    11.15046   0.400E+00
      .65000    11.01187   0.400E+00
      .70000    10.91769   0.400E+00
      .75000    10.85244   0.400E+00
      .80000    10.78956   0.400E+00
      .85000    10.67828   0.400E+00
      .90000    10.39569   0.400E+00
      .92500    10.08830   0.400E+00
      .95000     9.49947   0.400E+00
      .97000     8.55351   0.400E+00
      .99000     6.08402   0.400E+00
      .99500     4.48477   0.400E+00
      .99900     1.72657   0.400E+00
      .99950     1.18826   0.400E+00
      .99990      .56683   0.400E+00
      .99995      .44553   0.400E+00
      .99999      .30712   0.400E+00
     1.00000      .27085   0.400E+00

      .00000    19.13705   0.500E+00
      .05000    16.50491   0.500E+00
      .10000    15.69848   0.500E+00
      .15000    14.96685   0.500E+00
      .20000    14.30168   0.500E+00
      .25000    13.70068   0.500E+00
      .30000    13.16354   0.500E+00
      .35000    12.68866   0.500E+00
      .40000    12.27616   0.500E+00
      .45000    11.92506   0.500E+00
      .50000    11.63344   0.500E+00
      .55000    11.39913   0.500E+00
      .60000    11.21973   0.500E+00
      .65000    11.09249   0.500E+00
      .70000    11.01399   0.500E+00
      .75000    10.97060   0.500E+00
      .80000    10.93963   0.500E+00
      .85000    10.87896   0.500E+00
      .90000    10.66914   0.500E+00
      .92500    10.40685   0.500E+00
      .95000     9.88552   0.500E+00
      .97000     9.02368   0.500E+00
      .99000     6.63377   0.500E+00
      .99500     4.98032   0.500E+00
      .99900     1.95227   0.500E+00
      .99950     1.34089   0.500E+00
      .99990      .61974   0.500E+00
      .99995      .47800   0.500E+00
      .99999      .31819   0.500E+00
     1.00000      .27078   0.500E+00

      .00000    18.89798   0.600E+00
      .05000    16.50449   0.600E+00
      .10000    15.70328   0.600E+00
      .15000    14.97518   0.600E+00
      .20000    14.31334   0.600E+00
      .25000    13.71603   0.600E+00
      .30000    13.18240   0.600E+00
      .35000    12.71096   0.600E+00
      .40000    12.30176   0.600E+00
      .45000    11.95432   0.600E+00
      .50000    11.66765   0.600E+00
      .55000    11.44036   0.600E+00
      .60000    11.26892   0.600E+00
      .65000    11.15014   0.600E+00
      .70000    11.08178   0.600E+00
      .75000    11.05262   0.600E+00
      .80000    11.04335   0.600E+00
      .85000    11.01596   0.600E+00
      .90000    10.86535   0.600E+00
      .92500    10.65060   0.600E+00
      .95000    10.18620   0.600E+00
      .97000     9.37300   0.600E+00
      .99000     7.05631   0.600E+00
      .99500     5.42099   0.600E+00
      .99900     2.18357   0.600E+00
      .99950     1.47860   0.600E+00
      .99990      .66835   0.600E+00
      .99995      .50963   0.600E+00
      .99999      .32819   0.600E+00
     1.00000      .27074   0.600E+00

      .00000    18.59576   0.800E+00
      .05000    16.50417   0.800E+00
      .10000    15.70924   0.800E+00
      .15000    14.98608   0.800E+00
      .20000    14.32888   0.800E+00
      .25000    13.73606   0.800E+00
      .30000    13.20676   0.800E+00
      .35000    12.74037   0.800E+00
      .40000    12.33689   0.800E+00
      .45000    11.99564   0.800E+00
      .50000    11.71481   0.800E+00
      .55000    11.49328   0.800E+00
      .60000    11.32942   0.800E+00
      .65000    11.22201   0.800E+00
      .70000    11.16937   0.800E+00
      .75000    11.16094   0.800E+00
      .80000    11.18027   0.800E+00
      .85000    11.19951   0.800E+00
      .90000    11.12918   0.800E+00
      .92500    10.97585   0.800E+00
      .95000    10.60298   0.800E+00
      .97000     9.90369   0.800E+00
      .99000     7.74265   0.800E+00
      .99500     6.09909   0.800E+00
      .99900     2.63236   0.800E+00
      .99950     1.73460   0.800E+00
      .99990      .75860   0.800E+00
      .99995      .56550   0.800E+00
      .99999      .34861   0.800E+00
     1.00000      .27069   0.800E+00

      .00000    18.40260   0.100E+01
      .05000    16.50475   0.100E+01
      .10000    15.71471   0.100E+01
      .15000    14.99457   0.100E+01
      .20000    14.33980   0.100E+01
      .25000    13.74952   0.100E+01
      .30000    13.22274   0.100E+01
      .35000    12.75877   0.100E+01
      .40000    12.35755   0.100E+01
      .45000    12.01919   0.100E+01
      .50000    11.74250   0.100E+01
      .55000    11.52679   0.100E+01
      .60000    11.36947   0.100E+01
      .65000    11.26868   0.100E+01
      .70000    11.22392   0.100E+01
      .75000    11.22709   0.100E+01
      .80000    11.26486   0.100E+01
      .85000    11.31256   0.100E+01
      .90000    11.29595   0.100E+01
      .92500    11.19271   0.100E+01
      .95000    10.89620   0.100E+01
      .97000    10.27665   0.100E+01
      .99000     8.22805   0.100E+01
      .99500     6.64311   0.100E+01
      .99900     3.02749   0.100E+01
      .99950     1.96200   0.100E+01
      .99990      .84043   0.100E+01
      .99995      .61816   0.100E+01
      .99999      .36634   0.100E+01
     1.00000      .27066   0.100E+01

      .00000    18.11047   0.150E+01
      .05000    16.50554   0.150E+01
      .10000    15.72157   0.150E+01
      .15000    15.00560   0.150E+01
      .20000    14.35452   0.150E+01
      .25000    13.76764   0.150E+01
      .30000    13.24442   0.150E+01
      .35000    12.78441   0.150E+01
      .40000    12.38796   0.150E+01
      .45000    12.05448   0.150E+01
      .50000    11.78265   0.150E+01
      .55000    11.57164   0.150E+01
      .60000    11.42108   0.150E+01
      .65000    11.33046   0.150E+01
      .70000    11.29960   0.150E+01
      .75000    11.32033   0.150E+01
      .80000    11.38170   0.150E+01
      .85000    11.47040   0.150E+01
      .90000    11.53709   0.150E+01
      .92500    11.50749   0.150E+01
      .95000    11.32568   0.150E+01
      .97000    10.85851   0.150E+01
      .99000     9.09839   0.150E+01
      .99500     7.61393   0.150E+01
      .99900     3.82774   0.150E+01
      .99950     2.49236   0.150E+01
      .99990     1.02436   0.150E+01
      .99995      .73412   0.150E+01
      .99999      .40882   0.150E+01
     1.00000      .27062   0.150E+01

      .00000    17.97243   0.200E+01
      .05000    16.51472   0.200E+01
      .10000    15.72338   0.200E+01
      .15000    15.00498   0.200E+01
      .20000    14.35480   0.200E+01
      .25000    13.77074   0.200E+01
      .30000    13.25120   0.200E+01
      .35000    12.79528   0.200E+01
      .40000    12.40245   0.200E+01
      .45000    12.07214   0.200E+01
      .50000    11.80407   0.200E+01
      .55000    11.59671   0.200E+01
      .60000    11.44678   0.200E+01
      .65000    11.35287   0.200E+01
      .70000    11.32106   0.200E+01
      .75000    11.35717   0.200E+01
      .80000    11.45855   0.200E+01
      .85000    11.58739   0.200E+01
      .90000    11.67472   0.200E+01
      .92500    11.66570   0.200E+01
      .95000    11.55025   0.200E+01
      .97000    11.20695   0.200E+01
      .99000     9.67252   0.200E+01
      .99500     8.24725   0.200E+01
      .99900     4.46105   0.200E+01
      .99950     3.01249   0.200E+01
      .99990     1.18730   0.200E+01
      .99995      .83729   0.200E+01
      .99999      .44494   0.200E+01
     1.00000      .27060   0.200E+01

      .00000    17.79472   0.300E+01
      .05000    16.51402   0.300E+01
      .10000    15.72610   0.300E+01
      .15000    15.00998   0.300E+01
      .20000    14.36183   0.300E+01
      .25000    13.77962   0.300E+01
      .30000    13.26206   0.300E+01
      .35000    12.80812   0.300E+01
      .40000    12.41742   0.300E+01
      .45000    12.08952   0.300E+01
      .50000    11.82416   0.300E+01
      .55000    11.62020   0.300E+01
      .60000    11.47447   0.300E+01
      .65000    11.38600   0.300E+01
      .70000    11.36150   0.300E+01
      .75000    11.40769   0.300E+01
      .80000    11.52369   0.300E+01
      .85000    11.67472   0.300E+01
      .90000    11.80446   0.300E+01
      .92500    11.83900   0.300E+01
      .95000    11.80862   0.300E+01
      .97000    11.59949   0.300E+01
      .99000    10.37495   0.300E+01
      .99500     9.12092   0.300E+01
      .99900     5.41582   0.300E+01
      .99950     3.82865   0.300E+01
      .99990     1.47381   0.300E+01
      .99995     1.02120   0.300E+01
      .99999      .51027   0.300E+01
     1.00000      .27058   0.300E+01

      .00000    17.70097   0.400E+01
      .05000    16.51321   0.400E+01
      .10000    15.72704   0.400E+01
      .15000    15.01204   0.400E+01
      .20000    14.36498   0.400E+01
      .25000    13.78371   0.400E+01
      .30000    13.26705   0.400E+01
      .35000    12.81415   0.400E+01
      .40000    12.42450   0.400E+01
      .45000    12.09785   0.400E+01
      .50000    11.83409   0.400E+01
      .55000    11.63199   0.400E+01
      .60000    11.48843   0.400E+01
      .65000    11.40289   0.400E+01
      .70000    11.38229   0.400E+01
      .75000    11.43375   0.400E+01
      .80000    11.55731   0.400E+01
      .85000    11.71952   0.400E+01
      .90000    11.87080   0.400E+01
      .92500    11.92814   0.400E+01
      .95000    11.94441   0.400E+01
      .97000    11.81539   0.400E+01
      .99000    10.80920   0.400E+01
      .99500     9.69191   0.400E+01
      .99900     6.12215   0.400E+01
      .99950     4.47168   0.400E+01
      .99990     1.72520   0.400E+01
      .99995     1.18569   0.400E+01
      .99999      .56789   0.400E+01
     1.00000      .27057   0.400E+01

      .00000    17.61621   0.500E+01
      .05000    16.50436   0.500E+01
      .10000    15.72894   0.500E+01
      .15000    15.01886   0.500E+01
      .20000    14.37303   0.500E+01
      .25000    13.79146   0.500E+01
      .30000    13.27361   0.500E+01
      .35000    12.81919   0.500E+01
      .40000    12.42847   0.500E+01
      .45000    12.10151   0.500E+01
      .50000    11.83825   0.500E+01
      .55000    11.63853   0.500E+01
      .60000    11.50067   0.500E+01
      .65000    11.42424   0.500E+01
      .70000    11.41153   0.500E+01
      .75000    11.45885   0.500E+01
      .80000    11.56242   0.500E+01
      .85000    11.71827   0.500E+01
      .90000    11.90529   0.500E+01
      .92500    11.99034   0.500E+01
      .95000    12.03677   0.500E+01
      .97000    11.95205   0.500E+01
      .99000    11.10815   0.500E+01
      .99500    10.09856   0.500E+01
      .99900     6.66916   0.500E+01
      .99950     4.98680   0.500E+01
      .99990     1.98025   0.500E+01
      .99995     1.33659   0.500E+01
      .99999      .62058   0.500E+01
     1.00000      .27056   0.500E+01

      .00000    17.57587   0.600E+01
      .05000    16.50394   0.600E+01
      .10000    15.72869   0.600E+01
      .15000    15.01894   0.600E+01
      .20000    14.37365   0.600E+01
      .25000    13.79261   0.600E+01
      .30000    13.27530   0.600E+01
      .35000    12.82173   0.600E+01
      .40000    12.43226   0.600E+01
      .45000    12.10638   0.600E+01
      .50000    11.84338   0.600E+01
      .55000    11.64295   0.600E+01
      .60000    11.50493   0.600E+01
      .65000    11.43015   0.600E+01
      .70000    11.42045   0.600E+01
      .75000    11.47086   0.600E+01
      .80000    11.57647   0.600E+01
      .85000    11.73460   0.600E+01
      .90000    11.93335   0.600E+01
      .92500    12.03357   0.600E+01
      .95000    12.09789   0.600E+01
      .97000    12.03110   0.600E+01
      .99000    11.30892   0.600E+01
      .99500    10.45017   0.600E+01
      .99900     7.11049   0.600E+01
      .99950     5.39968   0.600E+01
      .99990     2.28337   0.600E+01
      .99995     1.48542   0.600E+01
      .99999      .66790   0.600E+01
     1.00000      .27056   0.600E+01

      .00000    17.52209   0.800E+01
      .05000    16.50414   0.800E+01
      .10000    15.72996   0.800E+01
      .15000    15.02087   0.800E+01
      .20000    14.37610   0.800E+01
      .25000    13.79545   0.800E+01
      .30000    13.27850   0.800E+01
      .35000    12.82540   0.800E+01
      .40000    12.43633   0.800E+01
      .45000    12.11108   0.800E+01
      .50000    11.84884   0.800E+01
      .55000    11.64927   0.800E+01
      .60000    11.51231   0.800E+01
      .65000    11.43884   0.800E+01
      .70000    11.43098   0.800E+01
      .75000    11.48406   0.800E+01
      .80000    11.59369   0.800E+01
      .85000    11.75868   0.800E+01
      .90000    11.97028   0.800E+01
      .92500    12.08213   0.800E+01
      .95000    12.17013   0.800E+01
      .97000    12.15217   0.800E+01
      .99000    11.60777   0.800E+01
      .99500    10.87730   0.800E+01
      .99900     7.79301   0.800E+01
      .99950     6.10302   0.800E+01
      .99990     2.79857   0.800E+01
      .99995     1.82310   0.800E+01
      .99999      .75662   0.800E+01
     1.00000      .27055   0.800E+01

      .00000    17.48959   0.100E+02
      .05000    16.50528   0.100E+02
      .10000    15.73246   0.100E+02
      .15000    15.02402   0.100E+02
      .20000    14.37945   0.100E+02
      .25000    13.79882   0.100E+02
      .30000    13.28177   0.100E+02
      .35000    12.82857   0.100E+02
      .40000    12.43951   0.100E+02
      .45000    12.11427   0.100E+02
      .50000    11.85219   0.100E+02
      .55000    11.65291   0.100E+02
      .60000    11.51646   0.100E+02
      .65000    11.44382   0.100E+02
      .70000    11.43715   0.100E+02
      .75000    11.49205   0.100E+02
      .80000    11.60421   0.100E+02
      .85000    11.77320   0.100E+02
      .90000    11.99280   0.100E+02
      .92500    12.11261   0.100E+02
      .95000    12.21560   0.100E+02
      .97000    12.22752   0.100E+02
      .99000    11.79859   0.100E+02
      .99500    11.16161   0.100E+02
      .99900     8.30101   0.100E+02
      .99950     6.65276   0.100E+02
      .99990     3.22024   0.100E+02
      .99995     2.14005   0.100E+02
      .99999      .83789   0.100E+02
     1.00000      .27055   0.100E+02

