  7.85327
  7.83328
  7.74599
  7.61411
  7.44648
  7.25292
  7.03983
  6.81482
  6.58628
  6.35593
  6.12420
  5.89276
  5.66431
  5.44261
  5.22956
  5.02806
  4.84142
  4.67199
  4.52130
  4.45442
  4.40017
  4.37233
  4.36154
  4.36352
  4.36397
  4.36376
  4.36476
  4.36555
  4.36623
  4.36018
 
  8.38529
  8.39187
  8.27239
  8.07164
  7.81859
  7.54226
  7.25267
  6.95767
  6.66559
  6.37667
  6.08974
  5.80585
  5.52694
  5.25608
  4.99307
  4.73698
  4.48638
  4.23887
  4.00420
  3.90445
  3.82824
  3.79020
  3.75410
  3.74301
  3.74069
  3.74125
  3.73944
  3.73793
  3.73665
  3.75587
 
  8.80528
  8.80075
  8.63765
  8.37704
  8.05882
  7.72174
  7.37749
  7.03399
  6.69913
  6.37253
  6.05210
  5.73860
  5.43147
  5.13207
  4.83927
  4.55066
  4.26311
  3.97230
  3.68231
  3.54818
  3.43720
  3.37442
  3.32562
  3.31227
  3.30778
  3.30809
  3.30606
  3.30449
  3.30320
  3.32040
 
  9.44642
  9.39057
  9.13992
  8.78090
  8.36532
  7.94143
  7.52170
  7.11342
  6.72301
  6.34907
  5.98809
  5.64072
  5.30179
  4.96954
  4.64206
  4.31596
  3.98685
  3.64834
  3.29150
  3.10925
  2.94438
  2.83802
  2.76388
  2.74751
  2.73747
  2.73670
  2.73498
  2.73407
  2.73342
  2.73968
 
  9.92979
  9.81696
  9.48791
  9.05010
  8.56198
  8.07642
  7.60536
  7.15446
  6.72841
  6.32441
  5.93852
  5.57117
  5.21388
  4.86271
  4.51537
  4.16819
  3.81616
  3.45146
  3.05658
  2.84577
  2.64672
  2.50927
  2.40890
  2.38760
  2.37152
  2.36967
  2.36798
  2.36753
  2.36730
  2.36695
 
 10.31651
 10.15055
  9.75274
  9.24941
  8.70338
  8.17030
  7.66113
  7.17936
  6.72780
  6.30223
  5.89892
  5.51753
  5.14787
  4.78416
  4.42392
  4.06325
  3.69669
  3.31538
  2.89659
  2.66790
  2.44621
  2.28613
  2.16150
  2.13454
  2.11267
  2.10989
  2.10799
  2.10778
  2.10776
  2.10417
 
 10.63768
 10.42400
  9.96565
  9.40625
  8.81204
  8.24059
  7.70162
  7.19621
  6.72507
  6.28299
  5.86644
  5.47405
  5.09523
  4.72252
  4.35324
  3.98327
  3.60676
  3.21401
  2.77933
  2.53906
  2.30166
  2.12438
  1.97783
  1.94509
  1.91795
  1.91438
  1.91213
  1.91201
  1.91206
  1.90727
 
 11.14991
 10.85602
 10.29567
  9.64392
  8.97229
  8.34139
  7.75783
  7.21810
  6.71838
  6.25196
  5.81568
  5.40617
  5.01426
  4.62938
  4.24845
  3.86677
  3.47771
  3.07040
  2.61730
  2.36447
  2.10745
  1.90541
  1.72107
  1.67740
  1.64123
  1.63642
  1.63332
  1.63313
  1.63311
  1.62900
 
 11.55073
 11.18994
 10.54520
  9.81903
  9.08677
  8.41120
  7.79509
  7.23094
  6.71118
  6.22636
  5.77566
  5.35307
  4.95213
  4.55943
  4.17153
  3.78303
  3.38660
  2.97075
  2.50858
  2.25027
  1.98179
  1.76244
  1.54766
  1.49466
  1.45120
  1.44545
  1.44153
  1.44117
  1.44100
  1.43872
 
 12.29079
 11.78779
 10.97502
 10.10980
  9.26918
  8.51677
  7.84625
  7.24114
  6.68847
  6.16939
  5.69531
  5.24968
  4.83535
  4.43235
  4.03605
  3.63949
  3.23420
  2.80880
  2.34021
  2.07873
  1.79537
  1.54855
  1.28189
  1.21231
  1.15595
  1.14858
  1.14311
  1.14237
  1.14187
  1.14276
 
 13.06510
 12.13155
 11.10834
 10.19703
  9.36966
  8.61214
  7.91526
  7.27162
  6.67443
  6.11665
  5.61692
  5.15458
  4.73425
  4.32892
  3.93286
  3.54035
  3.14124
  2.71550
  2.23943
  1.97444
  1.68362
  1.42449
  1.12865
  1.04464
  0.98097
  0.97364
  0.96670
  0.96568
  0.96479
  0.96670
 
 13.83092
 12.70853
 11.49943
 10.45149
  9.51904
  8.67719
  7.91473
  7.22469
  6.58019
  5.99878
  5.48748
  5.01611
  4.59200
  4.18824
  3.79203
  3.39849
  2.99905
  2.57710
  2.10901
  1.84578
  1.54922
  1.27600
  0.94702
  0.84875
  0.77610
  0.76780
  0.75968
  0.75848
  0.75736
  0.75856
 
 14.40859
 13.11946
 11.76323
 10.61131
  9.60026
  8.69773
  7.88742
  7.16059
  6.48788
  5.88807
  5.37302
  4.89803
  4.46954
  4.07056
  3.67769
  3.28673
  2.89039
  2.47464
  2.01634
  1.75717
  1.46066
  1.18207
  0.83688
  0.73180
  0.65460
  0.64571
  0.63710
  0.63591
  0.63478
  0.63488
 
 14.90026
 13.41782
 11.92174
 10.68494
  9.62016
  8.68659
  7.85752
  7.11100
  6.42614
  5.81540
  5.29513
  4.81166
  4.37024
  3.97017
  3.57475
  3.17836
  2.77700
  2.36995
  1.93962
  1.69464
  1.40109
  1.11246
  0.75437
  0.65417
  0.57239
  0.56197
  0.55364
  0.55265
  0.55175
  0.55079
 
 15.35082
 13.68326
 12.06199
 10.74995
  9.63605
  8.67348
  7.82683
  7.05764
  6.35576
  5.73676
  5.20765
  4.71492
  4.26168
  3.86279
  3.47453
  3.09009
  2.70378
  2.30686
  1.87668
  1.63000
  1.33739
  1.05345
  0.70046
  0.59640
  0.50947
  0.49914
  0.49273
  0.49200
  0.49043
  0.48896
 
 16.19688
 14.15639
 12.30348
 10.85188
  9.64741
  8.62750
  7.74516
  6.94383
  6.21365
  5.59476
  5.06022
  4.56222
  4.09769
  3.69812
  3.31846
  2.93816
  2.55313
  2.16640
  1.76286
  1.53304
  1.25404
  0.97190
  0.60884
  0.50823
  0.42480
  0.41392
  0.40568
  0.40486
  0.40420
  0.40215
 
 16.93994
 14.54746
 12.51018
 10.95374
  9.68561
  8.61574
  7.68902
  6.85892
  6.10705
  5.48147
  4.93742
  4.42741
  3.95051
  3.54457
  3.17904
  2.81232
  2.43771
  2.05965
  1.66956
  1.45024
  1.17971
  0.90312
  0.54756
  0.44837
  0.36484
  0.35362
  0.34590
  0.34523
  0.34458
  0.34276
 
 18.73528
 15.40073
 12.95641
 11.18537
  9.79845
  8.62800
  7.59189
  6.68532
  5.91765
  5.27548
  4.71613
  4.19262
  3.69869
  3.26130
  2.90125
  2.55315
  2.20083
  1.84924
  1.49031
  1.28883
  1.03867
  0.78035
  0.44445
  0.34997
  0.27040
  0.25974
  0.25217
  0.25134
  0.25037
  0.25056
 
 20.30812
 16.24655
 13.46393
 11.44636
  9.87265
  8.59427
  7.50890
  6.57378
  5.80803
  5.16658
  4.59548
  4.05972
  3.54913
  3.08097
  2.69354
  2.35514
  2.02247
  1.69651
  1.36181
  1.17128
  0.93752
  0.69742
  0.38029
  0.28903
  0.21510
  0.20557
  0.19788
  0.19662
  0.19574
  0.19736
 
 23.25490
 17.49451
 14.20286
 11.95736
 10.20457
  8.74324
  7.55480
  6.56122
  5.74637
  5.07201
  4.47291
  3.91521
  3.38858
  2.89818
  2.46792
  2.12401
  1.80810
  1.50088
  1.19416
  1.02371
  0.81248
  0.59325
  0.30563
  0.22444
  0.15659
  0.14751
  0.14062
  0.13965
  0.13840
  0.14057
 
 25.73999
 18.65190
 14.96648
 12.45346
 10.52676
  8.91933
  7.65840
  6.65026
  5.81635
  5.10944
  4.48261
  3.90504
  3.36210
  2.85178
  2.38848
  2.00381
  1.69553
  1.39277
  1.09616
  0.94182
  0.74576
  0.53805
  0.26675
  0.19040
  0.12737
  0.11900
  0.11240
  0.11144
  0.11064
  0.11164
 
 27.89619
 19.67752
 15.68138
 12.91435
 10.84461
  9.14726
  7.83063
  6.79875
  5.94536
  5.20942
  4.55527
  3.95813
  3.39965
  2.87286
  2.38574
  1.96227
  1.63388
  1.33553
  1.04524
  0.89566
  0.70623
  0.50542
  0.24420
  0.17165
  0.11057
  0.10236
  0.09614
  0.09539
  0.09474
  0.09447
 
 29.80029
 20.59290
 16.33705
 13.33606
 11.13591
  9.39107
  8.04152
  6.98293
  6.10459
  5.34166
  4.66250
  4.04611
  3.47232
  2.93068
  2.42441
  1.96998
  1.60535
  1.30772
  1.01954
  0.87154
  0.68462
  0.48684
  0.23085
  0.16021
  0.09989
  0.09175
  0.08578
  0.08518
  0.08465
  0.08346
 
 32.99527
 22.15825
 17.47101
 14.09663
 11.67971
  9.88116
  8.49911
  7.39585
  6.46656
  5.65523
  4.93383
  4.28220
  3.67859
  3.10903
  2.57051
  2.06955
  1.63370
  1.30432
  1.01235
  0.86259
  0.67412
  0.47545
  0.21913
  0.14830
  0.08758
  0.07944
  0.07362
  0.07316
  0.07277
  0.07106
 
 35.56744
 23.45410
 18.40639
 14.76335
 12.21226
 10.36761
  8.96008
  7.82075
  6.84914
  5.99783
  5.24143
  4.55847
  3.92651
  3.33016
  2.76279
  2.22429
  1.73213
  1.33973
  1.03784
  0.88284
  0.68809
  0.48310
  0.21775
  0.14378
  0.08129
  0.07302
  0.06707
  0.06658
  0.06621
  0.06494
 
 40.25667
 25.88895
 20.16734
 16.11061
 13.49273
 11.54986
 10.05522
  8.82601
  7.77255
  6.84719
  6.02094
  5.27030
  4.57487
  3.91872
  3.28973
  2.67767
  2.08530
  1.54736
  1.15454
  0.98002
  0.76033
  0.52957
  0.23020
  0.14592
  0.07648
  0.06743
  0.06039
  0.05956
  0.05892
  0.05899
 
 43.42175
 27.55630
 21.44513
 17.21954
 14.61232
 12.60693
 11.03273
  9.72429
  8.60526
  7.62343
  6.74383
  5.94048
  5.19452
  4.48945
  3.80939
  3.13809
  2.47190
  1.83722
  1.30579
  1.09742
  0.84623
  0.58720
  0.25009
  0.15595
  0.07837
  0.06793
  0.05907
  0.05779
  0.05640
  0.05726
 
 47.38277
 29.69830
 23.28105
 19.06989
 16.37830
 14.28566
 12.62539
 11.23433
 10.03020
  8.96246
  8.00033
  7.11840
  6.29465
  5.51005
  4.74790
  3.99052
  3.22514
  2.45271
  1.69363
  1.34656
  1.02416
  0.70299
  0.29812
  0.18437
  0.08723
  0.07389
  0.06126
  0.05855
  0.05605
  0.05579
 
 49.85606
 30.87401
 24.48538
 20.48300
 17.77687
 15.63906
 13.91354
 12.45251
 11.17929
 10.04591
  9.02231
  8.08278
  7.20426
  6.36676
  5.55297
  4.74400
  3.91790
  3.04821
  2.11498
  1.63400
  1.18978
  0.81530
  0.34864
  0.21560
  0.09954
  0.08228
  0.06492
  0.06137
  0.05645
  0.05485
 
 51.30644
 31.58098
 25.49998
 21.70885
 18.99536
 16.78514
 14.96173
 13.40592
 12.06142
 10.88062
  9.82781
  8.87048
  7.97681
  7.12012
  6.28055
  5.43532
  4.55462
  3.59563
  2.51474
  1.92775
  1.34576
  0.92727
  0.40154
  0.24765
  0.11227
  0.09140
  0.06910
  0.06422
  0.05738
  0.05424
 
 52.54506
 32.03690
 26.23207
 22.56586
 19.88246
 17.66672
 15.82393
 14.24097
 12.86573
 11.65269
 10.56772
  9.57924
  8.65608
  7.77118
  6.90295
  6.02553
  5.10371
  4.08368
  2.90038
  2.23157
  1.53470
  1.03380
  0.45249
  0.27999
  0.12548
  0.10081
  0.07333
  0.06707
  0.05827
  0.05382
 
 54.20055
 32.57617
 27.34602
 23.85966
 21.25040
 19.04692
 17.18927
 15.57602
 14.16337
 12.90956
 11.78294
 10.75335
  9.79073
  8.86753
  7.95971
  7.03709
  6.05640
  4.94737
  3.61085
  2.81673
  1.93098
  1.23594
  0.55212
  0.34435
  0.15212
  0.11965
  0.08154
  0.07256
  0.05994
  0.05329
 
 55.23288
 32.90854
 28.13725
 24.79907
 22.26366
 20.08841
 18.23386
 16.60938
 15.17811
 13.90189
 12.75129
 11.69752
 10.71123
  9.76466
  8.83214
  7.88056
  6.86111
  5.69170
  4.24688
  3.36122
  2.33165
  1.44283
  0.64765
  0.40715
  0.17838
  0.13805
  0.08926
  0.07764
  0.06143
  0.05297
 
 56.59717
 33.44591
 29.34048
 26.31750
 23.94151
 21.85629
 20.04164
 18.42796
 16.98950
 15.69609
 14.52344
 13.44566
 12.43488
 11.46299
 10.50227
  9.51547
  8.44520
  7.19076
  5.58062
  4.54636
  3.26893
  2.04801
  0.86644
  0.55403
  0.24026
  0.18080
  0.10635
  0.08862
  0.06449
  0.05254
 
 57.28667
 33.74335
 30.02148
 27.23167
 24.98212
 22.98299
 21.22021
 19.63779
 18.21573
 16.92958
 15.75884
 14.68028
 13.66785
 12.69407
 11.73065
 10.73790
  9.65246
  8.35935
  6.65321
  5.52372
  4.08081
  2.62456
  1.06249
  0.69257
  0.29732
  0.21925
  0.12086
  0.09768
  0.06676
  0.05232
 
 58.04907
 34.01364
 30.77324
 28.27583
 26.20395
 24.34190
 22.67947
 21.17416
 19.81056
 18.56888
 17.43202
 16.37946
 15.38658
 14.42722
 13.47439
 12.48783
 11.40030
 10.08466
  8.30017
  7.07887
  5.45575
  3.69734
  1.39844
  0.92716
  0.39448
  0.28464
  0.14540
  0.11314
  0.07125
  0.05210
 
 58.33458
 34.11751
 31.17714
 28.85959
 26.90665
 25.14401
 23.56207
 22.12527
 20.81979
 19.62790
 18.53383
 17.51823
 16.55711
 15.62497
 14.69620
 13.73101
 12.66083
 11.35255
  9.54526
  8.28171
  6.56120
  4.61666
  1.77992
  1.12564
  0.47553
  0.33873
  0.16559
  0.12599
  0.07538
  0.05199
 
 58.35318
 34.17593
 31.43628
 29.23988
 27.36916
 25.67786
 24.15616
 22.77318
 21.51595
 20.36845
 19.31535
 18.33842
 17.41402
 16.51697
 15.62189
 14.68819
 13.64421
 12.34736
 10.52625
  9.24542
  7.49286
  5.44694
  2.19893
  1.29066
  0.54160
  0.38343
  0.18374
  0.13820
  0.07929
  0.05192
 
 58.16777
 34.18411
 31.59810
 29.49982
 27.69815
 26.06653
 24.59547
 23.25774
 22.04124
 20.93132
 19.91396
 18.97293
 18.08728
 17.23119
 16.37155
 15.46081
 14.42712
 13.14255
 11.34367
 10.06587
  8.28231
  6.14301
  2.60414
  1.46794
  0.60140
  0.42402
  0.19964
  0.14836
  0.08307
  0.05187
 
 57.72517
 34.22028
 31.82518
 29.84866
 28.13231
 26.57756
 25.17564
 23.90450
 22.75354
 21.70914
 20.75758
 19.88190
 19.05864
 18.26237
 17.46735
 16.63220
 15.68130
 14.45747
 12.66386
 11.36650
  9.55105
  7.32795
  3.35735
  1.86065
  0.70502
  0.49289
  0.22755
  0.16694
  0.09026
  0.05181
 
 57.29999
 34.23114
 31.96207
 30.06836
 28.41154
 26.91077
 25.55788
 24.33440
 23.23079
 22.23457
 21.33315
 20.51007
 19.74203
 19.00388
 18.26953
 17.49715
 16.60915
 15.44178
 13.68767
 12.39874
 10.57349
  8.29436
  4.02904
  2.28102
  0.79416
  0.55215
  0.25193
  0.18353
  0.09705
  0.05178
 
 56.36497
 34.24174
 32.15471
 30.38057
 28.81133
 27.39099
 26.11267
 24.96291
 23.93430
 23.01688
 22.20015
 21.46971
 20.80415
 20.17987
 19.57156
 18.93640
 18.19319
 17.16623
 15.53043
 14.28423
 12.47212
 10.13600
  5.44035
  3.27351
  0.98283
  0.67674
  0.30369
  0.21964
  0.11233
  0.05173
 
 55.00314
 34.23216
 32.25624
 30.55406
 29.03616
 27.66081
 26.42238
 25.31160
 24.32324
 23.45021
 22.68407
 22.01373
 21.42223
 20.88736
 20.37968
 19.84465
 19.19563
 18.28166
 16.79440
 15.61748
 13.83292
 11.47762
  6.57858
  4.13235
  1.14507
  0.78428
  0.34777
  0.25050
  0.12560
  0.05171
 
 51.63249
 34.23053
 32.36130
 30.72900
 29.26424
 27.94012
 26.75044
 25.68893
 24.75133
 23.93246
 23.22667
 22.62531
 22.11482
 21.67735
 21.28847
 20.89986
 20.43091
 19.73311
 18.48740
 17.42624
 15.72999
 13.40457
  8.31845
  5.55428
  1.43650
  0.97519
  0.42275
  0.30314
  0.14769
  0.05168
 
 48.77057
 34.22855
 32.41925
 30.82349
 29.38573
 28.08788
 26.92427
 25.88976
 24.98137
 24.19441
 23.52403
 22.96255
 22.49931
 22.11942
 21.80278
 21.50737
 21.16147
 20.62843
 19.58855
 18.63455
 17.03867
 14.77357
  9.63203
  6.68947
  1.69480
  1.14644
  0.48774
  0.34768
  0.16630
  0.05167
 
 46.69637
 34.22485
 32.45363
 30.88148
 29.46185
 28.18111
 27.03407
 26.01698
 25.12730
 24.36076
 23.71236
 23.17590
 22.74295
 22.40189
 22.13564
 21.90648
 21.64978
 21.24088
 20.36609
 19.50638
 18.01341
 15.83267
 10.69648
  7.61731
  1.92679
  1.30450
  0.54619
  0.38644
  0.18323
  0.05166
 
 45.26547
 34.22159
 32.47687
 30.92085
 29.51436
 28.24532
 27.10957
 26.10442
 25.22743
 24.47499
 23.84259
 23.32471
 22.91406
 22.60091
 22.37029
 22.18822
 21.99632
 21.68098
 20.94594
 20.17708
 18.78357
 16.67441
 11.56540
  8.41652
  2.27724
  1.44754
  0.59956
  0.42257
  0.19852
  0.05166
 
 43.44806
 34.21634
 32.50523
 30.97049
 29.58144
 28.32770
 27.20708
 26.21764
 25.35756
 24.62350
 24.01228
 23.51930
 23.13873
 22.86287
 22.68027
 22.56180
 22.45842
 22.27568
 21.75429
 21.13809
 19.92796
 17.96545
 12.94739
  9.72741
  3.14080
  1.70525
  0.69602
  0.48776
  0.22608
  0.05165
 
 42.29637
 34.21248
 32.52179
 30.99998
 29.62209
 28.37820
 27.26720
 26.28775
 25.43828
 24.71614
 24.11839
 23.64120
 23.27992
 23.02805
 22.87636
 22.79912
 22.75363
 22.66026
 22.29260
 21.79578
 20.74336
 18.92307
 14.01616
 10.76949
  3.86979
  1.93408
  0.78283
  0.54640
  0.25067
  0.05165
 
 40.54385
 34.20581
 32.54314
 31.03979
 29.67651
 28.44693
 27.35011
 26.38519
 25.55031
 24.84444
 24.26559
 23.81078
 23.47696
 23.25975
 23.15286
 23.13493
 23.17325
 23.21297
 23.08815
 22.79489
 22.03224
 20.51541
 15.94843
 12.73875
  5.36966
  2.70205
  0.97495
  0.67818
  0.30385
  0.05164
 
 39.54947
 34.20168
 32.55397
 31.06010
 29.70422
 28.48216
 27.39304
 26.43573
 25.60854
 24.91138
 24.34242
 23.89948
 23.58015
 23.38133
 23.29852
 23.31380
 23.39995
 23.51427
 23.52628
 23.35544
 22.78870
 21.51370
 17.27647
 14.14412
  6.54000
  3.72020
  1.14232
  0.79305
  0.34867
  0.05164
 
 38.48796
 34.19731
 32.56569
 31.08153
 29.73312
 28.51869
 27.43698
 26.48697
 25.66748
 24.97920
 24.42145
 23.99309
 23.68944
 23.50810
 23.44817
 23.49904
 23.64238
 23.84338
 23.99226
 23.94449
 23.62932
 22.75015
 19.07617
 15.99422
  8.36108
  5.35448
  1.43126
  0.97855
  0.42550
  0.05164
 
 37.92909
 34.19489
 32.57170
 31.09209
 29.74760
 28.53699
 27.45908
 26.51297
 25.69827
 25.01498
 24.46262
 24.04085
 23.74489
 23.57343
 23.52658
 23.59593
 23.76659
 24.01219
 24.24400
 24.27130
 24.09012
 23.43474
 20.26799
 17.35123
  9.72223
  6.61994
  1.68446
  1.15120
  0.49128
  0.05164
 
 37.57637
 34.19319
 32.57539
 31.09863
 29.75655
 28.54802
 27.47243
 26.52901
 25.71732
 25.03723
 24.48824
 24.07027
 23.77910
 23.61385
 23.57539
 23.65584
 23.84277
 24.11639
 24.40245
 24.47861
 24.38400
 23.88087
 21.11858
 18.36079
 10.77621
  7.60184
  1.91195
  1.30895
  0.54992
  0.05164
 
 37.32846
 34.19212
 32.57782
 31.10303
 29.76256
 28.55576
 27.48174
 26.53995
 25.73036
 25.05235
 24.50578
 24.09050
 23.80263
 23.64156
 23.60889
 23.69702
 23.89507
 24.18768
 24.51196
 24.62308
 24.58969
 24.19562
 21.75807
 19.15221
 11.65465
  8.44425
  2.60220
  1.45514
  0.60352
  0.05164
 
 37.00685
 34.19043
 32.58044
 31.10847
 29.77040
 28.56567
 27.49367
 26.55379
 25.74638
 25.07098
 24.52740
 24.11542
 23.83183
 23.67656
 23.65149
 23.74953
 23.96214
 24.27847
 24.65137
 24.81023
 24.85995
 24.61082
 22.65410
 20.32286
 13.04413
  9.80037
  3.74580
  1.79592
  0.70018
  0.05164
 
 36.81818
 34.18954
 32.58064
 31.11049
 29.77469
 28.57158
 27.50078
 26.56229
 25.75638
 25.08269
 24.54010
 24.12822
 23.84654
 23.69566
 23.67749
 23.78223
 24.00125
 24.32928
 24.73828
 24.93436
 25.02962
 24.83568
 23.24554
 21.28584
 14.07366
 10.75739
  4.57677
  2.48366
  0.78238
  0.05164
 
