  0.40837
  0.43094
  0.45453
  0.47918
  0.50486
  0.53146
  0.55883
  0.58675
  0.61489
  0.64289
  0.67033
  0.69673
  0.72155
  0.74472
  0.76762
  0.79437
  0.82875
  0.86790
  0.90310
  0.91566
  0.92673
  0.93679
  0.95719
  0.96440
  0.96927
  0.96978
  0.97028
  0.97036
  0.97034
  0.97155
 
  0.61346
  0.64286
  0.67318
  0.70453
  0.73686
  0.77011
  0.80416
  0.83891
  0.87421
  0.90992
  0.94588
  0.98203
  1.01849
  1.05532
  1.09229
  1.12933
  1.16710
  1.20900
  1.25880
  1.28563
  1.31001
  1.32641
  1.34574
  1.35138
  1.35438
  1.35463
  1.35541
  1.35571
  1.35580
  1.33673
 
  0.80740
  0.84316
  0.87989
  0.91777
  0.95676
  0.99676
  1.03766
  1.07933
  1.12160
  1.16431
  1.20727
  1.25039
  1.29376
  1.33742
  1.38109
  1.42464
  1.46886
  1.51776
  1.57611
  1.60826
  1.63917
  1.66134
  1.68274
  1.68698
  1.69018
  1.69065
  1.69139
  1.69166
  1.69175
  1.67157
 
  1.16051
  1.20951
  1.25924
  1.31001
  1.36165
  1.41395
  1.46665
  1.51949
  1.57215
  1.62441
  1.67601
  1.72692
  1.77759
  1.82836
  1.87897
  1.92941
  1.98078
  2.03811
  2.10733
  2.14559
  2.18199
  2.20777
  2.23377
  2.23963
  2.24424
  2.24488
  2.24556
  2.24567
  2.24572
  2.24124
 
  1.47579
  1.53692
  1.59829
  1.66024
  1.72246
  1.78456
  1.84615
  1.90674
  1.96590
  2.02326
  2.07864
  2.13218
  2.18489
  2.23770
  2.29049
  2.34339
  2.39778
  2.45914
  2.53354
  2.57413
  2.61100
  2.63580
  2.66532
  2.67433
  2.68034
  2.68092
  2.68157
  2.68153
  2.68157
  2.69396
 
  1.76105
  1.83254
  1.90359
  1.97460
  2.04512
  2.11458
  2.18242
  2.24798
  2.31072
  2.37017
  2.42627
  2.47940
  2.53123
  2.58334
  2.63577
  2.68882
  2.74406
  2.80694
  2.88304
  2.92381
  2.95897
  2.98118
  3.01290
  3.02488
  3.03188
  3.03233
  3.03295
  3.03283
  3.03286
  3.05730
 
  2.01424
  2.10314
  2.18765
  2.26805
  2.34375
  2.41447
  2.48046
  2.54280
  2.60323
  2.66196
  2.71885
  2.77382
  2.82745
  2.88041
  2.93313
  2.98711
  3.04422
  3.10591
  3.17317
  3.20812
  3.24214
  3.26814
  3.29979
  3.31143
  3.32021
  3.32109
  3.32123
  3.32070
  3.32094
  3.35145
 
  2.46891
  2.57797
  2.67799
  2.76919
  2.85079
  2.92278
  2.98617
  3.04361
  3.09894
  3.15294
  3.20564
  3.25689
  3.30713
  3.35685
  3.40636
  3.45681
  3.50960
  3.56579
  3.62593
  3.65672
  3.68657
  3.70968
  3.74006
  3.75205
  3.76093
  3.76168
  3.76175
  3.76132
  3.76151
  3.78720
 
  2.86386
  2.98666
  3.09592
  3.19184
  3.27370
  3.34180
  3.39808
  3.44672
  3.49357
  3.53999
  3.58611
  3.63177
  3.67716
  3.72247
  3.76780
  3.81370
  3.86085
  3.91003
  3.96164
  3.98794
  4.01410
  4.03517
  4.06230
  4.07255
  4.08016
  4.08071
  4.08086
  4.08078
  4.08083
  4.08968
 
  3.67255
  3.81139
  3.92687
  4.01978
  4.08975
  4.13829
  4.16938
  4.19055
  4.21158
  4.23498
  4.26122
  4.29038
  4.32229
  4.35650
  4.39158
  4.42412
  4.45186
  4.47987
  4.51435
  4.53384
  4.55289
  4.56785
  4.58661
  4.59096
  4.59469
  4.59503
  4.59531
  4.59562
  4.59576
  4.56348
 
  4.31599
  4.45104
  4.55667
  4.63470
  4.68537
  4.71111
  4.71723
  4.71296
  4.70990
  4.71118
  4.71744
  4.72902
  4.74574
  4.76692
  4.79009
  4.80919
  4.82003
  4.83061
  4.85111
  4.86521
  4.87912
  4.89009
  4.90272
  4.90214
  4.90394
  4.90444
  4.90458
  4.90491
  4.90511
  4.85722
 
  5.30451
  5.40740
  5.47547
  5.51286
  5.52095
  5.50325
  5.46627
  5.42035
  5.37780
  5.34223
  5.31428
  5.29422
  5.28193
  5.27628
  5.27421
  5.26803
  5.25260
  5.23836
  5.23872
  5.24476
  5.25069
  5.25504
  5.26044
  5.25750
  5.25765
  5.25813
  5.25820
  5.25833
  5.25851
  5.22636
 
  6.04815
  6.11063
  6.13682
  6.13286
  6.10088
  6.04504
  5.97218
  5.89279
  5.81892
  5.75413
  5.69895
  5.65320
  5.61659
  5.58746
  5.56285
  5.53527
  5.49997
  5.46759
  5.45195
  5.45097
  5.45008
  5.44896
  5.44936
  5.44662
  5.44604
  5.44636
  5.44641
  5.44637
  5.44648
  5.43813
 
  6.63846
  6.66248
  6.64987
  6.60842
  6.54077
  6.45154
  6.34782
  6.24000
  6.14008
  6.05132
  5.97411
  5.90767
  5.85119
  5.80246
  5.75877
  5.71331
  5.66193
  5.61464
  5.58454
  5.57674
  5.56949
  5.56364
  5.55959
  5.55697
  5.55577
  5.55596
  5.55598
  5.55581
  5.55587
  5.56289
 
  7.24861
  7.14524
  7.03580
  6.92778
  6.82111
  6.71593
  6.61236
  6.51048
  6.41064
  6.31345
  6.21946
  6.12874
  6.04236
  5.96097
  5.88554
  5.81746
  5.75810
  5.70744
  5.66840
  5.65709
  5.65450
  5.65605
  5.62903
  5.61212
  5.61869
  5.62249
  5.62138
  5.62010
  5.62216
  5.63408
 
  7.88077
  7.81005
  7.70278
  7.57020
  7.41602
  7.24596
  7.06793
  6.89263
  6.73232
  6.59000
  6.46467
  6.35410
  6.25481
  6.16349
  6.07780
  5.99317
  5.90689
  5.82570
  5.75925
  5.73304
  5.70920
  5.69197
  5.67576
  5.67093
  5.66773
  5.66757
  5.66736
  5.66719
  5.66715
  5.68017
 
  8.41778
  8.36040
  8.20718
  7.99428
  7.75748
  7.53078
  7.32020
  7.12648
  6.95030
  6.79039
  6.64278
  6.50468
  6.37655
  6.25915
  6.15114
  6.04945
  5.95140
  5.85758
  5.77205
  5.73536
  5.70295
  5.68077
  5.65750
  5.65064
  5.64594
  5.64567
  5.64536
  5.64511
  5.64521
  5.65326
 
  9.37571
  9.20301
  8.93482
  8.61208
  8.27355
  7.95472
  7.66276
  7.40060
  7.17031
  6.96507
  6.77223
  6.58564
  6.41260
  6.25913
  6.12304
  5.99625
  5.87209
  5.75175
  5.64100
  5.59226
  5.54602
  5.51145
  5.47627
  5.46392
  5.45636
  5.45596
  5.45533
  5.45509
  5.45515
  5.45444
 
  9.98077
  9.69731
  9.32811
  8.91611
  8.50132
  8.11903
  7.77328
  7.46271
  7.18583
  6.93713
  6.70837
  6.49493
  6.29905
  6.12260
  5.96463
  5.81927
  5.68150
  5.55060
  5.42787
  5.37094
  5.31616
  5.27477
  5.23114
  5.21539
  5.20575
  5.20524
  5.20444
  5.20414
  5.20422
  5.20170
 
 10.79827
 10.19980
  9.64006
  9.12191
  8.64178
  8.19810
  7.78999
  7.41568
  7.07402
  6.76344
  6.48182
  6.22686
  5.99526
  5.78515
  5.59779
  5.43399
  5.28981
  5.14979
  4.99968
  4.92420
  4.85645
  4.81001
  4.75655
  4.74089
  4.72980
  4.72884
  4.72780
  4.72753
  4.72766
  4.72443
 
 11.16591
 10.45779
  9.80743
  9.21086
  8.66325
  8.16160
  7.70447
  7.28902
  6.91255
  6.57241
  6.26569
  5.98887
  5.73723
  5.50768
  5.30098
  5.11775
  4.95456
  4.79626
  4.62958
  4.54593
  4.46862
  4.41362
  4.35596
  4.34186
  4.33175
  4.33050
  4.32912
  4.32901
  4.32887
  4.32652
 
 11.37578
 10.59007
  9.87858
  9.22941
  8.63749
  8.09853
  7.61008
  7.16851
  6.77004
  6.41113
  6.08809
  5.79649
  5.53044
  5.28585
  5.06311
  4.86240
  4.68118
  4.50560
  4.32393
  4.23292
  4.14644
  4.08294
  4.02244
  4.01066
  4.00121
  3.99958
  3.99797
  3.99800
  3.99763
  3.99747
 
 11.50195
 10.65861
  9.90352
  9.21700
  8.59414
  8.02975
  7.52005
  7.06070
  6.64727
  6.27555
  5.94121
  5.63916
  5.36250
  5.10649
  4.87118
  4.65644
  4.45991
  4.26935
  4.07393
  3.97604
  3.88158
  3.81096
  3.74645
  3.73531
  3.72531
  3.72336
  3.72164
  3.72172
  3.72122
  3.72283
 
 11.63671
 10.69369
  9.87212
  9.13644
  8.47907
  7.89150
  7.36509
  6.89150
  6.46301
  6.07485
  5.72298
  5.40285
  5.10849
  4.83525
  4.58148
  4.34413
  4.12015
  3.90656
  3.69909
  3.59607
  3.48898
  3.40146
  3.32387
  3.30835
  3.29412
  3.29185
  3.28988
  3.28968
  3.28937
  3.29136
 
 11.67741
 10.68612
  9.83121
  9.06692
  8.38569
  7.77820
  7.23483
  6.74681
  6.30636
  5.90843
  5.54856
  5.22169
  4.92134
  4.64228
  4.38189
  4.13564
  3.89899
  3.66842
  3.43984
  3.32538
  3.20887
  3.11491
  3.02226
  2.99792
  2.97730
  2.97487
  2.97311
  2.97286
  2.97261
  2.97279
 
 11.63280
 10.59351
  9.70969
  8.91940
  8.21629
  7.58768
  7.02499
  6.52011
  6.06614
  5.65780
  5.29012
  4.95758
  4.65331
  4.37121
  4.10685
  3.85250
  3.60028
  3.34385
  3.07733
  2.93903
  2.79734
  2.68151
  2.56017
  2.52638
  2.49942
  2.49660
  2.49450
  2.49415
  2.49395
  2.49245
 
 11.53832
 10.49028
  9.60720
  8.81671
  8.11280
  7.48110
  6.91462
  6.40652
  5.95104
  5.54257
  5.17544
  4.84320
  4.53784
  4.25314
  3.98668
  3.73446
  3.48744
  3.22325
  2.92027
  2.75446
  2.58469
  2.44675
  2.30694
  2.27573
  2.25070
  2.24730
  2.24426
  2.24401
  2.24358
  2.24741
 
 11.29687
 10.26871
  9.42072
  8.66446
  7.98902
  7.38081
  6.83345
  6.34065
  5.89701
  5.49712
  5.13535
  4.80521
  4.49839
  4.20847
  3.93299
  3.66808
  3.40545
  3.12531
  2.80320
  2.61872
  2.41141
  2.22608
  2.04205
  2.00816
  1.99965
  1.99905
  1.99163
  1.98945
  1.99121
  2.01951
 
 11.09484
 10.10430
  9.30088
  8.58366
  7.93831
  7.35383
  6.82473
  6.34567
  5.91195
  5.51889
  5.16159
  4.83430
  4.52976
  4.24202
  3.96818
  3.70338
  3.43733
  3.14573
  2.79725
  2.59076
  2.35299
  2.13608
  1.91608
  1.87566
  1.87801
  1.87988
  1.86948
  1.86590
  1.86946
  1.91692
 
 10.93747
  9.98153
  9.21882
  8.53606
  7.91790
  7.35524
  6.84342
  6.37774
  5.95415
  5.56855
  5.21659
  4.89319
  4.59183
  4.30696
  4.03539
  3.77157
  3.50372
  3.20414
  2.83593
  2.61223
  2.34907
  2.10513
  1.85004
  1.80111
  1.81076
  1.81470
  1.80200
  1.79743
  1.80244
  1.85635
 
 10.81385
  9.88773
  9.16066
  8.50710
  7.91269
  7.36932
  6.87307
  6.41975
  6.00581
  5.62760
  5.28126
  4.96219
  4.66445
  4.38284
  4.11392
  3.85167
  3.58313
  3.27792
  2.89438
  2.65660
  2.37190
  2.10364
  1.81465
  1.75623
  1.77016
  1.77575
  1.76126
  1.75597
  1.76213
  1.81603
 
 10.62979
  9.75317
  9.08504
  8.47881
  7.92370
  7.41270
  6.94290
  6.51097
  6.11411
  5.74942
  5.41379
  5.10347
  4.81350
  4.53920
  4.27678
  4.01920
  3.75121
  3.43691
  3.02633
  2.76484
  2.44646
  2.14202
  1.80389
  1.72388
  1.71000
  1.72011
  1.72548
  1.72125
  1.71387
  1.76619
 
 10.51065
  9.66949
  9.04350
  8.47147
  7.94531
  7.45874
  7.00944
  6.59464
  6.21202
  5.85918
  5.53350
  5.23177
  4.94969
  4.68299
  4.42767
  4.17619
  3.91194
  3.59535
  3.16929
  2.89052
  2.54296
  2.20240
  1.81071
  1.71139
  1.68637
  1.69748
  1.70551
  1.70090
  1.68960
  1.73673
 
 10.39657
  9.62754
  9.04552
  8.48968
  7.97446
  7.51090
  7.09696
  6.72704
  6.39494
  6.09054
  5.80017
  5.51526
  5.23646
  4.96523
  4.70370
  4.45543
  4.21598
  3.95413
  3.56977
  3.25950
  2.81571
  2.34564
  1.82647
  1.72768
  1.68619
  1.68115
  1.67034
  1.66800
  1.67261
  1.69742
 
 10.33219
  9.58814
  9.04681
  8.52976
  8.04303
  7.59331
  7.18643
  6.82866
  6.52372
  6.25278
  5.98419
  5.70468
  5.43432
  5.18628
  4.95249
  4.71487
  4.46311
  4.21279
  3.85806
  3.53536
  3.07312
  2.54968
  1.87696
  1.76290
  1.68846
  1.67226
  1.65913
  1.66007
  1.65505
  1.67776
 
 10.29819
  9.58101
  9.07469
  8.58908
  8.13158
  7.70992
  7.32847
  6.99150
  6.70174
  6.44583
  6.20104
  5.95615
  5.72152
  5.50380
  5.29719
  5.08822
  4.86494
  4.62393
  4.27585
  3.96988
  3.49321
  2.90444
  2.04610
  1.83557
  1.68773
  1.66718
  1.65079
  1.64975
  1.64605
  1.65835
 
 10.31400
  9.59534
  9.10062
  8.63070
  8.19096
  7.78695
  7.42124
  7.09628
  6.81362
  6.56445
  6.33376
  6.11301
  5.90613
  5.71493
  5.53416
  5.35159
  5.15295
  4.92286
  4.58069
  4.28817
  3.81858
  3.20636
  2.21192
  1.91664
  1.69325
  1.66606
  1.64610
  1.64359
  1.64081
  1.64855
 
 10.33836
  9.61241
  9.12131
  8.66042
  8.23253
  7.84059
  7.48567
  7.16874
  6.89035
  6.64505
  6.42377
  6.22046
  6.03482
  5.86539
  5.70687
  5.54708
  5.36959
  5.15138
  4.81575
  4.53391
  4.07900
  3.46354
  2.36794
  1.99847
  1.70196
  1.66692
  1.64285
  1.63924
  1.63697
  1.64264
 
 10.35923
  9.62786
  9.13750
  8.68170
  8.26174
  7.87898
  7.53284
  7.22239
  6.94667
  6.70330
  6.48887
  6.29961
  6.13116
  5.97869
  5.83695
  5.69387
  5.53305
  5.33161
  5.01682
  4.74612
  4.28979
  3.65707
  2.50913
  2.09476
  1.71392
  1.66592
  1.64057
  1.63815
  1.62844
  1.63872
 
 10.38267
  9.64592
  9.15838
  8.71173
  8.30319
  7.93076
  7.59344
  7.29057
  7.02146
  6.78522
  6.58066
  6.40591
  6.25742
  6.13076
  6.01996
  5.91017
  5.77988
  5.59676
  5.28985
  5.03612
  4.62899
  4.04032
  2.77244
  2.23552
  1.73818
  1.67634
  1.63842
  1.63145
  1.62979
  1.63383
 
 10.37774
  9.65374
  9.17374
  8.73261
  8.32826
  7.95946
  7.62605
  7.32832
  7.06653
  6.83975
  6.64631
  6.48352
  6.34637
  6.22978
  6.12928
  6.03344
  5.92540
  5.77885
  5.52384
  5.29206
  4.88387
  4.27132
  2.96996
  2.40255
  1.78076
  1.68809
  1.63269
  1.62927
  1.61686
  1.63088
 
 10.36827
  9.65561
  9.18214
  8.74912
  8.35422
  7.99581
  7.67306
  7.38537
  7.13226
  6.91342
  6.72852
  6.57678
  6.45620
  6.36410
  6.29620
  6.23943
  6.17314
  6.06264
  5.83869
  5.63810
  5.30435
  4.79155
  3.45718
  2.71672
  1.84226
  1.71572
  1.63781
  1.62746
  1.62284
  1.62693
 
 10.35881
  9.65724
  9.18456
  8.75378
  8.36255
  8.00918
  7.69260
  7.41189
  7.16639
  6.95547
  6.77838
  6.63351
  6.51758
  6.42836
  6.36655
  6.32975
  6.30407
  6.23950
  6.05298
  5.87687
  5.58977
  5.12094
  3.78591
  3.01064
  1.92338
  1.74940
  1.63918
  1.63040
  1.61965
  1.62498
 
 10.32095
  9.65780
  9.19064
  8.76483
  8.37826
  8.02950
  7.71754
  7.44160
  7.20115
  6.99576
  6.82493
  6.68736
  6.58024
  6.50204
  6.45476
  6.43819
  6.44244
  6.42499
  6.31174
  6.18254
  5.94710
  5.54038
  4.30350
  3.46556
  2.07524
  1.82945
  1.64965
  1.63502
  1.61664
  1.62299
 
 10.29526
  9.66174
  9.19634
  8.77223
  8.38742
  8.04055
  7.73066
  7.45705
  7.21922
  7.01680
  6.84936
  6.71574
  6.61329
  6.54083
  6.50118
  6.49565
  6.51736
  6.53012
  6.46740
  6.37097
  6.17043
  5.80890
  4.67435
  3.81571
  2.21934
  1.91316
  1.66309
  1.64042
  1.61525
  1.62199
 
 10.27785
  9.66511
  9.20043
  8.77709
  8.39318
  8.04735
  7.73869
  7.46652
  7.23037
  7.02990
  6.86469
  6.73369
  6.63425
  6.56541
  6.53054
  6.53200
  6.56503
  6.59810
  6.57080
  6.49841
  6.32509
  5.99995
  4.95391
  4.09409
  2.35622
  1.99750
  1.67803
  1.64584
  1.61471
  1.62140
 
 10.24756
  9.65966
  9.20261
  8.78404
  8.40260
  8.05749
  7.74838
  7.47527
  7.23848
  7.03802
  6.87386
  6.74553
  6.65131
  6.59010
  6.56232
  6.56368
  6.58772
  6.62412
  6.63833
  6.59844
  6.44935
  6.13991
  5.16341
  4.32940
  2.48995
  2.07787
  1.69166
  1.65374
  1.61504
  1.62100
 
 10.23009
  9.66098
  9.20501
  8.78755
  8.40727
  8.06343
  7.75569
  7.48403
  7.24876
  7.05003
  6.88788
  6.76207
  6.67118
  6.61441
  6.59223
  6.60034
  6.63314
  6.68444
  6.72870
  6.71621
  6.61129
  6.35377
  5.46887
  4.68116
  2.74144
  2.23897
  1.72278
  1.66604
  1.61527
  1.62049
 
 10.21786
  9.66267
  9.20756
  8.78983
  8.40910
  8.06538
  7.75837
  7.48802
  7.25455
  7.05786
  6.89771
  6.77366
  6.68464
  6.63014
  6.61100
  6.62339
  6.66247
  6.72307
  6.78331
  6.78744
  6.71833
  6.50573
  5.68237
  4.94386
  2.96406
  2.39227
  1.75899
  1.67414
  1.61714
  1.62019
 
 10.19952
  9.66090
  9.20701
  8.79148
  8.41317
  8.07137
  7.76571
  7.49623
  7.26328
  7.06712
  6.90806
  6.78617
  6.70057
  6.65093
  6.63788
  6.65704
  6.70345
  6.77432
  6.85800
  6.88899
  6.87054
  6.73019
  6.04736
  5.39408
  3.43613
  2.72301
  1.83757
  1.71239
  1.62248
  1.61981
 
 10.18907
  9.66085
  9.20761
  8.79264
  8.41483
  8.07354
  7.76840
  7.49949
  7.26721
  7.07182
  6.91366
  6.79279
  6.70833
  6.66003
  6.64896
  6.67150
  6.72342
  6.80155
  6.89704
  6.94105
  6.95118
  6.85913
  6.28167
  5.69440
  3.80311
  3.00481
  1.91972
  1.74800
  1.63054
  1.61962
 
 10.17787
  9.66318
  9.21049
  8.79456
  8.41558
  8.07388
  7.76918
  7.50135
  7.27056
  7.07684
  6.92019
  6.80043
  6.71647
  6.66818
  6.65745
  6.68255
  6.74121
  6.83073
  6.93953
  6.99293
  7.03250
  6.99968
  6.56416
  6.09276
  4.34573
  3.44750
  2.07860
  1.82101
  1.65157
  1.61945
 
 10.17339
  9.66371
  9.21104
  8.79541
  8.41673
  8.07522
  7.77063
  7.50296
  7.27249
  7.07923
  6.92307
  6.80372
  6.72018
  6.67238
  6.66247
  6.68919
  6.75086
  6.84492
  6.96122
  7.02120
  7.07291
  7.06840
  6.73667
  6.33452
  4.72778
  3.78962
  2.22671
  1.90223
  1.66931
  1.61937
 
 10.17077
  9.66425
  9.21150
  8.79595
  8.41748
  8.07619
  7.77180
  7.50428
  7.27390
  7.08072
  6.92477
  6.80583
  6.72285
  6.67577
  6.66673
  6.69446
  6.75736
  6.85353
  6.97451
  7.03881
  7.09745
  7.10874
  6.84745
  6.49877
  5.00887
  4.06303
  2.37118
  1.98430
  1.68624
  1.61933
 
 10.18590
  9.67009
  9.21072
  8.79229
  8.41338
  8.07289
  7.77000
  7.50418
  7.27519
  7.08294
  6.92734
  6.80780
  6.72233
  6.67098
  6.65900
  6.69200
  6.77139
  6.87800
  6.98837
  7.04620
  7.10808
  7.13525
  6.92558
  6.61722
  5.22316
  4.29020
  2.50712
  2.07026
  1.70121
  1.61929
 
 10.16497
  9.66412
  9.21150
  8.79613
  8.41793
  8.07702
  7.77314
  7.50624
  7.27655
  7.08387
  6.92786
  6.80842
  6.72572
  6.68043
  6.67395
  6.70302
  6.76489
  6.86142
  6.99379
  7.07089
  7.14075
  7.15747
  7.00752
  6.83887
  5.53772
  4.59051
  2.74987
  2.26664
  1.72538
  1.61923
 
 10.15964
  9.66297
  9.21141
  8.79623
  8.41784
  8.07681
  7.77288
  7.50594
  7.27618
  7.08360
  6.92809
  6.80952
  6.72726
  6.68145
  6.67379
  6.70184
  6.76413
  6.86420
  6.99847
  7.07326
  7.15144
  7.20361
  7.10145
  6.87405
  5.75349
  4.90604
  2.97594
  2.39944
  1.76217
  1.61918
 
