  4.03792
  4.11472
  4.18063
  4.23669
  4.28266
  4.31871
  4.34572
  4.36556
  4.38088
  4.39233
  4.40034
  4.40549
  4.40945
  4.41349
  4.41704
  4.41875
  4.41782
  4.41667
  4.41817
  4.41967
  4.42026
  4.41924
  4.41649
  4.41548
  4.41459
  4.41447
  4.41437
  4.41437
  4.41436
  4.41437
 
  4.73328
  4.82112
  4.88853
  4.93853
  4.97312
  4.99498
  5.00564
  5.00739
  5.00335
  4.99451
  4.98172
  4.96564
  4.94694
  4.92633
  4.90404
  4.88075
  4.85718
  4.83375
  4.81138
  4.80108
  4.79138
  4.78402
  4.77561
  4.77327
  4.77151
  4.77129
  4.77113
  4.77110
  4.77109
  4.77106
 
  5.24409
  5.33239
  5.39864
  5.44532
  5.47247
  5.48113
  5.47373
  5.45474
  5.42990
  5.40074
  5.36793
  5.33249
  5.29613
  5.26027
  5.22433
  5.18662
  5.14618
  5.10570
  5.06893
  5.05237
  5.03611
  5.02331
  5.01067
  5.00757
  5.00503
  5.00472
  5.00447
  5.00445
  5.00441
  5.00438
 
  5.97062
  6.07699
  6.13578
  6.15668
  6.14902
  6.12354
  6.08402
  6.03426
  5.97894
  5.91964
  5.85736
  5.79361
  5.72959
  5.66677
  5.60544
  5.54569
  5.48750
  5.43035
  5.37525
  5.34969
  5.32508
  5.30624
  5.28732
  5.28282
  5.27923
  5.27875
  5.27840
  5.27835
  5.27832
  5.27830
 
  6.50175
  6.58410
  6.62739
  6.63752
  6.61574
  6.56525
  6.49174
  6.40433
  6.31395
  6.22365
  6.13440
  6.04799
  5.96556
  5.88831
  5.81513
  5.74260
  5.66835
  5.59622
  5.53154
  5.50241
  5.47310
  5.44938
  5.42663
  5.42115
  5.41671
  5.41617
  5.41572
  5.41567
  5.41565
  5.41562
 
  6.90730
  6.97974
  7.00665
  6.99576
  6.94905
  6.87076
  6.76799
  6.65172
  6.53480
  6.42076
  6.31063
  6.20614
  6.10796
  6.01684
  5.93144
  5.84776
  5.76303
  5.68164
  5.60974
  5.57769
  5.54519
  5.51856
  5.49290
  5.48669
  5.48167
  5.48105
  5.48053
  5.48046
  5.48044
  5.48043
 
  7.23667
  7.29685
  7.30604
  7.27382
  7.20292
  7.09851
  6.96899
  6.82686
  6.68658
  6.55198
  6.42410
  6.30439
  6.19302
  6.09024
  5.99452
  5.90140
  5.80792
  5.71900
  5.64146
  5.60729
  5.57247
  5.54369
  5.51592
  5.50918
  5.50368
  5.50302
  5.50245
  5.50238
  5.50235
  5.50235
 
  7.72944
  7.81050
  7.78734
  7.68940
  7.54476
  7.38249
  7.21155
  7.03840
  6.87025
  6.70901
  6.55540
  6.41030
  6.27366
  6.14564
  6.02652
  5.91563
  5.81228
  5.71611
  5.62846
  5.58894
  5.55054
  5.52042
  5.48936
  5.48179
  5.47577
  5.47499
  5.47441
  5.47432
  5.47425
  5.47425
 
  8.11796
  8.17604
  8.11639
  7.97494
  7.78459
  7.57887
  7.36817
  7.15997
  6.96235
  6.77611
  6.60029
  6.43434
  6.27904
  6.13473
  6.00141
  5.87758
  5.76215
  5.65602
  5.56119
  5.51856
  5.47746
  5.44558
  5.41284
  5.40484
  5.39845
  5.39761
  5.39701
  5.39693
  5.39685
  5.39683
 
  8.80418
  8.79901
  8.65286
  8.41600
  8.13071
  7.83838
  7.55125
  7.27769
  7.02622
  6.79433
  6.57783
  6.37274
  6.18212
  6.00659
  5.84546
  5.69559
  5.55516
  5.42789
  5.31669
  5.26630
  5.21863
  5.18323
  5.14861
  5.14015
  5.13345
  5.13259
  5.13194
  5.13184
  5.13178
  5.13176
 
  9.54654
  9.21622
  8.87164
  8.53849
  8.21640
  7.90516
  7.60468
  7.31498
  7.03616
  6.76842
  6.51444
  6.27360
  6.04800
  5.83687
  5.64167
  5.46418
  5.30573
  5.16426
  5.04310
  4.99673
  4.96555
  4.94637
  4.87446
  4.83942
  4.84951
  4.85589
  4.85317
  4.85121
  4.85481
  4.85246
 
  9.96043
  9.65659
  9.28540
  8.88912
  8.47549
  8.05408
  7.63731
  7.24055
  6.87705
  6.55017
  6.25785
  5.99356
  5.75214
  5.52652
  5.31479
  5.11461
  4.92459
  4.74678
  4.58651
  4.51555
  4.45046
  4.40503
  4.36806
  4.36122
  4.35439
  4.35334
  4.35275
  4.35273
  4.35262
  4.35270
 
 10.31635
 10.02533
  9.56322
  9.02753
  8.48096
  7.97626
  7.51930
  7.10785
  6.73689
  6.40055
  6.08885
  5.79233
  5.51610
  5.26152
  5.02482
  4.80102
  4.58759
  4.39035
  4.21092
  4.12588
  4.04900
  3.99870
  3.96029
  3.95180
  3.94542
  3.94466
  3.94406
  3.94397
  3.94396
  3.94396
 
 10.79935
 10.18177
  9.56055
  8.98290
  8.44463
  7.94288
  7.47535
  7.03994
  6.63452
  6.25951
  5.91552
  5.59649
  5.30127
  5.02875
  4.77590
  4.54226
  4.32513
  4.11443
  3.90423
  3.80499
  3.71976
  3.66728
  3.62453
  3.61798
  3.61042
  3.60932
  3.60888
  3.60873
  3.60894
  3.60879
 
 11.01715
 10.32755
  9.64105
  9.00912
  8.42558
  7.88670
  7.38906
  6.92872
  6.50406
  6.11491
  5.75992
  5.43167
  5.12705
  4.84497
  4.58129
  4.33498
  4.10296
  3.87539
  3.64714
  3.53933
  3.44784
  3.39249
  3.34633
  3.33864
  3.33095
  3.32992
  3.32942
  3.32929
  3.32942
  3.32928
 
 11.32410
 10.51739
  9.72793
  9.01202
  8.35970
  7.76525
  7.22335
  6.72763
  6.27562
  5.86797
  5.49850
  5.15835
  4.84124
  4.54574
  4.26723
  4.00315
  3.75001
  3.49833
  3.24406
  3.12348
  3.02159
  2.95991
  2.90636
  2.89645
  2.88794
  2.88691
  2.88628
  2.88615
  2.88617
  2.88605
 
 11.53357
 10.63247
  9.76339
  8.98383
  8.28086
  7.64579
  7.07159
  6.55171
  6.08183
  5.66224
  5.28397
  4.93664
  4.61191
  4.30738
  4.01969
  3.74444
  3.47793
  3.21110
  2.94046
  2.81132
  2.70098
  2.63229
  2.57118
  2.55942
  2.54961
  2.54843
  2.54767
  2.54753
  2.54748
  2.54738
 
 11.89099
 10.76212
  9.72827
  8.83268
  8.05104
  7.36330
  6.75295
  6.20979
  5.72544
  5.29224
  4.90025
  4.53782
  4.19461
  3.86687
  3.55757
  3.26315
  2.98154
  2.70453
  2.42675
  2.29050
  2.16242
  2.07132
  1.99664
  1.98036
  1.96756
  1.96609
  1.96487
  1.96470
  1.96458
  1.96454
 
 12.15003
 10.83049
  9.67345
  8.69601
  7.86029
  7.13951
  6.51046
  5.95537
  5.46312
  5.02211
  4.62101
  4.24925
  3.89674
  3.55948
  3.24230
  2.94521
  2.66326
  2.38538
  2.10271
  1.96092
  1.82315
  1.72082
  1.63595
  1.61670
  1.60120
  1.59940
  1.59792
  1.59769
  1.59759
  1.59756
 
 12.54731
 10.94956
  9.63201
  8.54914
  7.64085
  6.87245
  6.21934
  5.65128
  5.14655
  4.69317
  4.27962
  3.89628
  3.53420
  3.18909
  2.86441
  2.56511
  2.28402
  2.00695
  1.72376
  1.58014
  1.43767
  1.32749
  1.22867
  1.20510
  1.18615
  1.18391
  1.18204
  1.18177
  1.18162
  1.18161
 
 12.88683
 11.06951
  9.65777
  8.52101
  7.57893
  6.77957
  6.10206
  5.51645
  4.99667
  4.52893
  4.10164
  3.70617
  3.33704
  2.99078
  2.66645
  2.36403
  2.07949
  1.80053
  1.51955
  1.37689
  1.23413
  1.12092
  1.01222
  0.98594
  0.96490
  0.96206
  0.96003
  0.95982
  0.95955
  0.95953
 
 13.20728
 11.22247
  9.74296
  8.56008
  7.58881
  6.76588
  6.06849
  5.46740
  4.93488
  4.45543
  4.01778
  3.61362
  3.23762
  2.88603
  2.55696
  2.24912
  1.96128
  1.68187
  1.40117
  1.25841
  1.11405
  0.99738
  0.88157
  0.85291
  0.83007
  0.82701
  0.82480
  0.82455
  0.82427
  0.82420
 
 13.48108
 11.41681
  9.88434
  8.63705
  7.61748
  6.77249
  6.06690
  5.46231
  4.92411
  4.43682
  3.99182
  3.58153
  3.19824
  2.83724
  2.49850
  2.18355
  1.89270
  1.61369
  1.33118
  1.18701
  1.03985
  0.91926
  0.79739
  0.76654
  0.74189
  0.73891
  0.73640
  0.73610
  0.73580
  0.73572
 
 13.97322
 11.72336
 10.12378
  8.81777
  7.75682
  6.88810
  6.16286
  5.53933
  4.98307
  4.47919
  4.01917
  3.59543
  3.20029
  2.82868
  2.47963
  2.15312
  1.84834
  1.55961
  1.27035
  1.12179
  0.96762
  0.83834
  0.70337
  0.66848
  0.64052
  0.63711
  0.63426
  0.63393
  0.63358
  0.63350
 
 14.37861
 11.99247
 10.34855
  9.00619
  7.92142
  7.03735
  6.29927
  5.66270
  5.09365
  4.57789
  4.10711
  3.67342
  3.26880
  2.88776
  2.52858
  2.19008
  1.87041
  1.56601
  1.26578
  1.11066
  0.94766
  0.80857
  0.65947
  0.62032
  0.58894
  0.58509
  0.58187
  0.58149
  0.58111
  0.58106
 
 15.12229
 12.52537
 10.82573
  9.44268
  8.34286
  7.43715
  6.67670
  6.01720
  5.42650
  4.89068
  4.40116
  3.94946
  3.52660
  3.12604
  2.74476
  2.37950
  2.02670
  1.68239
  1.34339
  1.16734
  0.97716
  0.80984
  0.62443
  0.57492
  0.53528
  0.53040
  0.52629
  0.52579
  0.52536
  0.52536
 
 15.61939
 12.91248
 11.20426
  9.81994
  8.72511
  7.81070
  7.03598
  6.36062
  5.75529
  5.20607
  4.70389
  4.23958
  3.80330
  3.38761
  2.98889
  2.60286
  2.22447
  1.84731
  1.46435
  1.26467
  1.04358
  0.84526
  0.62442
  0.56530
  0.51745
  0.51150
  0.50667
  0.50609
  0.50547
  0.50539
 
 16.08197
 13.41191
 11.81380
 10.50196
  9.41717
  8.47404
  7.65163
  6.92849
  6.28979
  5.72140
  5.21002
  4.74169
  4.30043
  3.87443
  3.45895
  3.04813
  2.63263
  2.19627
  1.72219
  1.46696
  1.19297
  0.94587
  0.65409
  0.56834
  0.50539
  0.49864
  0.49244
  0.49127
  0.49058
  0.48919
 
 16.45905
 13.71848
 12.17263
 10.92060
  9.86495
  8.93827
  8.12235
  7.39867
  6.75432
  6.17683
  5.65425
  5.17368
  4.72011
  4.28179
  3.85287
  3.42550
  2.98664
  2.51247
  1.97500
  1.67322
  1.34299
  1.04497
  0.68907
  0.58338
  0.50280
  0.49367
  0.48607
  0.48473
  0.48304
  0.48096
 
 16.69810
 13.91187
 12.42638
 11.22659
 10.20047
  9.29279
  8.48801
  7.76951
  7.12584
  6.54579
  6.01845
  5.53184
  5.07168
  4.62634
  4.18916
  3.75076
  3.29522
  2.79262
  2.20528
  1.86562
  1.48377
  1.14069
  0.72643
  0.60187
  0.50279
  0.49087
  0.48160
  0.48013
  0.47763
  0.47525
 
 16.85800
 14.03890
 12.61504
 11.45803
 10.46037
  9.57217
  8.78050
  8.07005
  7.43060
  6.85187
  6.32380
  5.83507
  5.37199
  4.92300
  4.48087
  4.03506
  3.56731
  3.04276
  2.41539
  2.04425
  1.61872
  1.23240
  0.76432
  0.62179
  0.50414
  0.48925
  0.47805
  0.47646
  0.47335
  0.47090
 
 17.04825
 14.18855
 12.87517
 11.78532
 10.83783
  9.98647
  9.22191
  8.53077
  7.90456
  7.33439
  6.81131
  6.32500
  5.86250
  5.41238
  4.96664
  4.51306
  4.02997
  3.47492
  2.78784
  2.36751
  1.87028
  1.40497
  0.83924
  0.66308
  0.50935
  0.48835
  0.47269
  0.47080
  0.46699
  0.46464
 
 17.14667
 14.26934
 13.04129
 12.00412
 11.09781
 10.27874
  9.53957
  8.86831
  8.25760
  7.69940
  7.18553
  6.70627
  6.24910
  5.80263
  5.35835
  4.90302
  4.41254
  3.83890
  3.11065
  2.65390
  2.10069
  1.56650
  0.91182
  0.70454
  0.51650
  0.48944
  0.46878
  0.46650
  0.46249
  0.46034
 
 17.23248
 14.35495
 13.25967
 12.31695
 11.48477
 10.72778
 10.04053
  9.41332
  8.84019
  8.31429
  7.82846
  7.37364
  6.93771
  6.50919
  6.07907
  5.63265
  5.14226
  4.55091
  3.76620
  3.25173
  2.60131
  1.93872
  1.08201
  0.80518
  0.53827
  0.49666
  0.46248
  0.45896
  0.45559
  0.45389
 
 17.24527
 14.37582
 13.35830
 12.47694
 11.69400
 10.98023
 10.33121
  9.73849
  9.19677
  8.69986
  8.24099
  7.81145
  7.39903
  6.99205
  6.58134
  6.15162
  5.67338
  5.08450
  4.27833
  3.73286
  3.02165
  2.26730
  1.23796
  0.90015
  0.56196
  0.50692
  0.45922
  0.45421
  0.45171
  0.45030
 
 17.23317
 14.36690
 13.44117
 12.63267
 11.91035
 11.25200
 10.65392
 10.10933
  9.61367
  9.16146
  8.74644
  8.36009
  7.98992
  7.62392
  7.25303
  6.86162
  6.41870
  5.85666
  5.05115
  4.48037
  3.70189
  2.82596
  1.51686
  1.07486
  0.60981
  0.53067
  0.45766
  0.44932
  0.44749
  0.44642
 
 17.21814
 14.35991
 13.48560
 12.71644
 12.02682
 11.39857
 10.82860
 10.31120
  9.84254
  9.41802
  9.03218
  8.67749
  8.34253
  8.01600
  7.68882
  7.34441
  6.94800
  6.42066
  5.62246
  5.04059
  4.23379
  3.29154
  1.77378
  1.23344
  0.65580
  0.55461
  0.45952
  0.44900
  0.44492
  0.44434
 
 17.18088
 14.34333
 13.50403
 12.76236
 12.09609
 11.49001
 10.94100
 10.44428
  9.99644
  9.59338
  9.23019
  8.89988
  8.59163
  8.29463
  8.00015
  7.69161
  7.33298
  6.83999
  6.06434
  5.48631
  4.67216
  3.69022
  2.01240
  1.37907
  0.70031
  0.57974
  0.46310
  0.44882
  0.44379
  0.44306
 
 17.14262
 14.33265
 13.51707
 12.79410
 12.14402
 11.55335
 11.01940
 10.53763
 10.10511
  9.71814
  9.37228
  9.06100
  8.77403
  8.50112
  8.23400
  7.95646
  7.63195
  7.17273
  6.42455
  5.85557
  5.04242
  4.03543
  2.23263
  1.51692
  0.74300
  0.60432
  0.46758
  0.44968
  0.44307
  0.44219
 
 17.07797
 14.32439
 13.53886
 12.83993
 12.21043
 11.63978
 11.12527
 10.66341
 10.25152
  9.88657
  9.56484
  9.28064
  9.02472
  8.78788
  8.56307
  8.33522
  8.06822
  7.67111
  6.98261
  6.43893
  5.64005
  4.60847
  2.62702
  1.77696
  0.82367
  0.65158
  0.47789
  0.45316
  0.44221
  0.44108
 
 17.01453
 14.31827
 13.55862
 12.87898
 12.26446
 11.70656
 11.20306
 10.75141
 10.34989
  9.99639
  9.68843
  9.42209
  9.19067
  8.98603
  8.79783
  8.60297
  8.36303
  8.00795
  7.39340
  6.88889
  6.10823
  5.06616
  2.97914
  2.01555
  0.89897
  0.69662
  0.48896
  0.45802
  0.44168
  0.44041
 
 16.93564
 14.33647
 13.60379
 12.94373
 12.34538
 11.80270
 11.31391
 10.87774
 10.49317
 10.15885
  9.87297
  9.63257
  9.43215
  9.26531
  9.12457
  8.99087
  8.83089
  8.57975
  8.09567
  7.66157
  6.94054
  5.91836
  3.69208
  2.54442
  1.07113
  0.80092
  0.51747
  0.47190
  0.44159
  0.43949
 
 16.82162
 14.35021
 13.63224
 12.98243
 12.39237
 11.85705
 11.37547
 10.94690
 10.57095
 10.24669
  9.97267
  9.74656
  9.56358
  9.41851
  9.30568
  9.20875
  9.09888
  8.91886
  8.53583
  8.16342
  7.50436
  6.52252
  4.25183
  2.98916
  1.22667
  0.89652
  0.54529
  0.48677
  0.44246
  0.43903
 
 16.51961
 14.35916
 13.65575
 13.01694
 12.43607
 11.90964
 11.43682
 11.01751
 10.65176
 10.33890
 10.07809
  9.86771
  9.70409
  9.58337
  9.50191
  9.44646
  9.39434
  9.30167
  9.05673
  8.77979
  8.23400
  7.34793
  5.09198
  3.70359
  1.50484
  1.07051
  0.59785
  0.51647
  0.44568
  0.43856
 
 16.26001
 14.36127
 13.66433
 13.02985
 12.45271
 11.93080
 11.46345
 11.05073
 10.69278
 10.38817
 10.13538
  9.93274
  9.77831
  9.66998
  9.60527
  9.57255
  9.55344
  9.51540
  9.35747
  9.14123
  8.68653
  7.90703
  5.72627
  4.25359
  1.74637
  1.22732
  0.64737
  0.54492
  0.45140
  0.43833
 
 16.06987
 14.35828
 13.66601
 13.03652
 12.46420
 11.94662
 11.48313
 11.07346
 10.71774
 10.41557
 10.16674
  9.97046
  9.82403
  9.72499
  9.67160
  9.65344
  9.65432
  9.64641
  9.55008
  9.39084
  9.01041
  8.29665
  6.18803
  4.72080
  1.97465
  1.37319
  0.69270
  0.57209
  0.45531
  0.43819
 
 15.93907
 14.35747
 13.66807
 13.04110
 12.47106
 11.95593
 11.49494
 11.08793
 10.73486
 10.43556
 10.18998
  9.99753
  9.85569
  9.76244
  9.71653
  9.70861
  9.72430
  9.74011
  9.68694
  9.56495
  9.24303
  8.59930
  6.57630
  5.10456
  2.19113
  1.50895
  0.73641
  0.59804
  0.46091
  0.43809
 
 15.77270
 14.35691
 13.67179
 13.04794
 12.48090
 11.96890
 11.51094
 11.10704
 10.75734
 10.46170
 10.22029
 10.03283
  9.89694
  9.81111
  9.77499
  9.78068
  9.81631
  9.86337
  9.86705
  9.79641
  9.56103
  9.03073
  7.17380
  5.72078
  2.60144
  1.75788
  0.81849
  0.64702
  0.47274
  0.43797
 
 15.66593
 14.35962
 13.67748
 13.05370
 12.48616
 11.97483
 11.51893
 11.11774
 10.77097
 10.47863
 10.24058
 10.05654
  9.92395
  9.84165
  9.81032
  9.82400
  9.87335
  9.94216
  9.98080
  9.94133
  9.76882
  9.32807
  7.61059
  6.20736
  2.95898
  1.98032
  0.89520
  0.69252
  0.48527
  0.43790
 
 15.50783
 14.35974
 13.68113
 13.06068
 12.49622
 11.98711
 11.53300
 11.13391
 10.79025
 10.50165
 10.26735
 10.08683
  9.95876
  9.88293
  9.86051
  9.88566
  9.95096
 10.04753
 10.14315
 10.15505
 10.06539
  9.75527
  8.36638
  7.09126
  3.68409
  2.47633
  1.06886
  0.79948
  0.51637
  0.43781
 
 15.41746
 14.36025
 13.68364
 13.06449
 12.50117
 11.99316
 11.54015
 11.14228
 10.79995
 10.51295
 10.28054
 10.10209
  9.97666
  9.90416
  9.88627
  9.91759
  9.99194
 10.10331
 10.22760
 10.26694
 10.22752
  9.99955
  8.83429
  7.68404
  4.25695
  2.92891
  1.22476
  0.89688
  0.54511
  0.43776
 
 15.32119
 14.36089
 13.68595
 13.06761
 12.50505
 11.99825
 11.54674
 11.15059
 10.80996
 10.52456
 10.29355
 10.11653
  9.99345
  9.92492
  9.91262
  9.95122
 10.03504
 10.16101
 10.31371
 10.38165
 10.39851
 10.26811
  9.39884
  8.44730
  5.11980
  3.65333
  1.50168
  1.07316
  0.59847
  0.43771
 
 15.26999
 14.36089
 13.68690
 13.06902
 12.50685
 12.00051
 11.54966
 11.15407
 10.81372
 10.52874
 10.29917
 10.12473
 10.00403
  9.93684
  9.92546
  9.96654
 10.05642
 10.19276
 10.35895
 10.43713
 10.48350
 10.42407
  9.74824
  8.87698
  5.75462
  4.24758
  1.74796
  1.22553
  0.64843
  0.43769
 
 15.23844
 14.36043
 13.68659
 13.06907
 12.50731
 12.00158
 11.55122
 11.15622
 10.81637
 10.53193
 10.30301
 10.12943
 10.00975
  9.94375
  9.93380
  9.97691
 10.06981
 10.21093
 10.38670
 10.47456
 10.53887
 10.51259
  9.96746
  9.20463
  6.23749
  4.71168
  1.99745
  1.37175
  0.69468
  0.43768
 
 15.21694
 14.35995
 13.68595
 13.06875
 12.50746
 12.00210
 11.55222
 11.15778
 10.81895
 10.53540
 10.30653
 10.13208
 10.01207
  9.94737
  9.93982
  9.98514
 10.07905
 10.22160
 10.40568
 10.50350
 10.57909
 10.56262
 10.10820
  9.47994
  6.62876
  5.08100
  2.25544
  1.51684
  0.73649
  0.43767
 
 15.18671
 14.36012
 13.68733
 13.07066
 12.50968
 12.00440
 11.55460
 11.15995
 10.82074
 10.53717
 10.30923
 10.13672
 10.01832
  9.95399
  9.94626
  9.99255
 10.09021
 10.23861
 10.42917
 10.53227
 10.62487
 10.65050
 10.32529
  9.77325
  7.22295
  5.73408
  2.70555
  1.82289
  0.81977
  0.43766
 
 15.16895
 14.36128
 13.68947
 13.07318
 12.51216
 12.00683
 11.55677
 11.16226
 10.82365
 10.54060
 10.31235
 10.13863
 10.01949
  9.95594
  9.95017
  9.99828
 10.09681
 10.24670
 10.44375
 10.55376
 10.65497
 10.69184
 10.44400
 10.00358
  7.67357
  6.21412
  3.07993
  2.10679
  0.89334
  0.43765
 
