  3.83244
  3.90573
  3.96927
  4.02404
  4.06981
  4.10680
  4.13577
  4.15852
  4.17748
  4.19332
  4.20651
  4.21772
  4.22865
  4.24053
  4.25260
  4.26283
  4.26972
  4.27538
  4.28215
  4.28549
  4.28757
  4.28775
  4.28751
  4.28727
  4.28696
  4.28691
  4.28688
  4.28687
  4.28688
  4.28689
 
  4.52590
  4.60123
  4.66291
  4.71252
  4.74990
  4.77539
  4.79017
  4.79661
  4.79790
  4.79490
  4.78819
  4.77857
  4.76791
  4.75765
  4.74725
  4.73521
  4.72052
  4.70524
  4.69197
  4.68617
  4.68013
  4.67476
  4.66854
  4.66695
  4.66564
  4.66546
  4.66533
  4.66534
  4.66532
  4.66526
 
  5.03736
  5.11742
  5.17862
  5.22325
  5.25130
  5.26355
  5.26199
  5.25029
  5.23318
  5.21199
  5.18738
  5.16037
  5.13275
  5.10604
  5.07973
  5.05226
  5.02261
  4.99292
  4.96607
  4.95393
  4.94168
  4.93160
  4.92117
  4.91861
  4.91654
  4.91628
  4.91607
  4.91605
  4.91604
  4.91598
 
  5.76964
  5.87223
  5.93057
  5.95371
  5.95059
  5.93142
  5.89948
  5.85782
  5.81041
  5.75903
  5.70550
  5.65152
  5.59744
  5.54403
  5.49175
  5.44132
  5.39324
  5.34696
  5.30203
  5.28031
  5.25922
  5.24309
  5.22668
  5.22259
  5.21942
  5.21902
  5.21873
  5.21868
  5.21866
  5.21863
 
  6.29725
  6.40594
  6.45590
  6.45989
  6.43070
  6.38270
  6.32077
  6.24929
  6.17371
  6.09621
  6.01863
  5.94281
  5.86864
  5.79671
  5.72757
  5.66188
  5.60004
  5.54130
  5.48481
  5.45752
  5.43091
  5.41048
  5.38992
  5.38481
  5.38082
  5.38031
  5.37995
  5.37990
  5.37988
  5.37986
 
  6.70633
  6.81560
  6.85375
  6.83712
  6.78211
  6.70684
  6.61754
  6.51962
  6.41959
  6.31986
  6.22221
  6.12842
  6.03801
  5.95134
  5.86897
  5.79135
  5.71875
  5.65043
  5.58548
  5.55429
  5.52382
  5.50037
  5.47672
  5.47085
  5.46625
  5.46566
  5.46523
  5.46516
  5.46513
  5.46514
 
  7.03891
  7.14471
  7.16870
  7.13072
  7.05058
  6.94978
  6.83562
  6.71425
  6.59286
  6.47395
  6.35919
  6.25010
  6.14604
  6.04708
  5.95374
  5.86624
  5.78466
  5.70846
  5.63685
  5.60269
  5.56937
  5.54368
  5.51767
  5.51117
  5.50609
  5.50544
  5.50498
  5.50492
  5.50489
  5.50488
 
  7.55667
  7.64831
  7.64096
  7.56080
  7.43312
  7.28488
  7.12562
  6.96336
  6.80704
  6.65833
  6.51685
  6.38264
  6.25572
  6.13640
  6.02516
  5.92180
  5.82596
  5.73685
  5.65451
  5.61648
  5.57937
  5.55040
  5.52085
  5.51365
  5.50789
  5.50713
  5.50657
  5.50651
  5.50644
  5.50644
 
  7.95250
  8.02296
  7.98086
  7.85880
  7.68748
  7.49862
  7.30275
  7.10810
  6.92351
  6.74997
  6.58631
  6.43183
  6.28697
  6.15194
  6.02687
  5.91062
  5.80234
  5.70252
  5.61225
  5.57098
  5.53094
  5.49984
  5.46807
  5.46030
  5.45407
  5.45326
  5.45266
  5.45259
  5.45252
  5.45251
 
  8.65129
  8.66021
  8.53310
  8.31707
  8.05343
  7.78275
  7.51624
  7.26103
  7.02450
  6.80514
  6.60049
  6.40767
  6.22884
  6.06410
  5.91267
  5.77122
  5.63782
  5.51615
  5.40942
  5.36088
  5.31449
  5.27943
  5.24468
  5.23616
  5.22940
  5.22850
  5.22786
  5.22776
  5.22770
  5.22768
 
  9.39216
  9.08507
  8.76509
  8.45511
  8.15477
  7.86393
  7.58258
  7.31076
  7.04866
  6.79648
  6.55679
  6.32907
  6.11538
  5.91508
  5.72966
  5.56095
  5.41027
  5.27564
  5.16017
  5.11590
  5.08593
  5.06690
  4.99510
  4.96005
  4.96959
  4.97584
  4.97312
  4.97118
  4.97472
  4.97241
 
  9.99439
  9.57959
  9.15217
  8.74313
  8.35148
  7.97637
  7.61769
  7.27556
  6.94849
  6.63878
  6.34803
  6.07506
  5.82226
  5.58910
  5.37626
  5.18520
  5.01623
  4.86412
  4.72812
  4.67149
  4.62695
  4.59471
  4.51350
  4.47979
  4.49432
  4.50114
  4.49757
  4.49538
  4.49879
  4.49681
 
 10.18615
  9.91411
  9.47696
  8.96571
  8.44217
  7.95869
  7.52095
  7.12645
  6.77004
  6.44609
  6.14514
  5.85892
  5.59380
  5.35196
  5.12875
  4.91683
  4.71222
  4.52335
  4.35451
  4.27514
  4.20248
  4.15354
  4.11454
  4.10562
  4.09881
  4.09800
  4.09735
  4.09724
  4.09722
  4.09729
 
 10.49131
 10.12686
  9.60361
  9.02075
  8.44027
  7.91329
  7.44204
  7.01993
  6.63964
  6.29410
  5.97405
  5.67003
  5.38716
  5.12826
  4.88778
  4.65930
  4.43902
  4.23267
  4.04399
  3.95585
  3.87625
  3.82359
  3.78213
  3.77305
  3.76620
  3.76539
  3.76475
  3.76464
  3.76460
  3.76464
 
 10.89376
 10.22954
  9.57108
  8.96330
  8.40069
  7.88005
  7.39835
  6.95207
  6.53985
  6.16161
  5.81621
  5.49698
  5.20119
  4.92797
  4.67369
  4.43755
  4.21673
  4.00126
  3.78575
  3.68429
  3.59846
  3.54668
  3.50192
  3.49364
  3.48602
  3.48506
  3.48450
  3.48435
  3.48447
  3.48434
 
 11.20946
 10.42874
  9.66800
  8.97591
  8.34360
  7.76595
  7.23822
  6.75464
  6.31297
  5.91387
  5.55171
  5.21838
  4.90814
  4.61970
  4.34897
  4.09376
  3.85092
  3.61124
  3.37077
  3.25753
  3.16246
  3.10549
  3.05495
  3.04501
  3.03694
  3.03601
  3.03536
  3.03522
  3.03525
  3.03509
 
 11.42497
 10.55047
  9.71051
  8.95442
  8.27058
  7.65122
  7.08992
  6.58068
  6.11956
  5.70680
  5.33416
  4.99205
  4.67272
  4.37396
  4.09274
  3.82518
  3.56795
  3.31242
  3.05541
  2.93377
  2.83070
  2.76748
  2.71069
  2.69941
  2.69037
  2.68932
  2.68858
  2.68845
  2.68840
  2.68825
 
 11.77036
 10.68826
  9.69394
  8.82388
  8.05797
  7.37948
  6.77462
  6.23545
  5.75541
  5.32710
  4.94052
  4.58389
  4.24638
  3.92366
  3.61879
  3.32927
  3.05381
  2.78481
  2.51768
  2.38794
  2.26702
  2.18223
  2.11381
  2.09912
  2.08762
  2.08631
  2.08522
  2.08506
  2.08496
  2.08491
 
 12.02790
 10.75895
  9.64263
  8.69047
  7.86974
  7.15714
  6.53236
  5.97997
  5.49044
  5.05275
  4.65573
  4.28882
  3.94165
  3.60973
  3.29720
  3.00370
  2.72479
  2.45143
  2.17675
  2.04046
  1.90911
  1.81294
  1.73548
  1.71828
  1.70441
  1.70281
  1.70150
  1.70129
  1.70121
  1.70123
 
 12.41943
 10.87469
  9.59746
  8.53903
  7.64560
  6.88568
  6.23680
  5.67117
  5.16875
  4.71797
  4.30757
  3.92796
  3.56993
  3.22886
  2.90762
  2.61043
  2.33067
  2.05591
  1.77764
  1.63784
  1.50057
  1.39617
  1.30532
  1.28407
  1.26698
  1.26497
  1.26330
  1.26305
  1.26293
  1.26297
 
 12.75651
 10.98838
  9.61286
  8.49922
  7.57244
  6.78325
  6.11188
  5.53033
  5.01417
  4.54986
  4.12583
  3.73335
  3.36686
  3.02281
  2.70038
  2.39960
  2.11673
  1.84003
  1.56249
  1.42261
  1.28420
  1.17632
  1.07538
  1.05146
  1.03229
  1.02968
  1.02784
  1.02765
  1.02739
  1.02740
 
 13.07244
 11.13324
  9.68570
  8.52472
  7.56957
  6.75939
  6.07138
  5.47694
  4.94909
  4.47302
  4.03810
  3.63633
  3.26242
  2.91265
  2.58529
  2.27922
  1.99311
  1.71556
  1.43739
  1.29681
  1.15622
  1.04445
  0.93607
  0.90970
  0.88867
  0.88584
  0.88381
  0.88359
  0.88332
  0.88321
 
 13.34452
 11.31917
  9.81466
  8.58952
  7.58785
  6.75756
  6.06341
  5.46732
  4.93500
  4.45170
  4.00939
  3.60097
  3.21926
  2.85989
  2.52293
  2.21001
  1.92116
  1.64373
  1.36296
  1.22046
  1.07670
  0.96078
  0.84607
  0.81741
  0.79453
  0.79177
  0.78946
  0.78918
  0.78891
  0.78874
 
 13.82345
 11.61514
 10.04161
  8.75851
  7.71690
  6.86405
  6.15171
  5.53805
  4.98850
  4.48889
  4.03147
  3.60941
  3.21578
  2.84598
  2.49905
  2.17494
  1.87243
  1.58495
  1.29662
  1.14927
  0.99803
  0.87304
  0.74508
  0.71236
  0.68617
  0.68300
  0.68034
  0.68002
  0.67970
  0.67960
 
 14.20711
 11.87800
 10.26467
  8.94750
  7.88205
  7.01244
  6.28549
  5.65735
  5.09424
  4.58256
  4.11456
  3.68294
  3.28026
  2.90136
  2.54457
  2.20866
  1.89147
  1.58845
  1.28878
  1.13466
  0.97435
  0.83940
  0.69747
  0.66057
  0.63101
  0.62741
  0.62438
  0.62402
  0.62367
  0.62371
 
 14.88861
 12.39249
 10.74063
  9.39009
  8.30881
  7.41384
  6.65945
  6.00398
  5.41694
  4.88476
  4.39884
  3.95056
  3.53078
  3.13290
  2.75423
  2.39190
  2.04228
  1.70027
  1.36202
  1.18679
  0.99907
  0.83587
  0.65817
  0.61109
  0.57343
  0.56880
  0.56490
  0.56443
  0.56401
  0.56408
 
 15.33054
 12.75515
 11.10716
  9.76152
  8.68656
  7.78251
  7.01250
  6.33975
  5.73747
  5.19211
  4.69424
  4.23433
  3.80196
  3.38950
  2.99375
  2.61103
  2.23633
  1.86213
  1.48074
  1.28188
  1.06325
  0.86908
  0.65620
  0.59961
  0.55386
  0.54820
  0.54358
  0.54303
  0.54246
  0.54204
 
 15.74442
 13.20686
 11.66553
 10.39410
  9.33668
  8.41420
  7.60712
  6.89540
  6.26511
  5.70289
  5.19606
  4.73127
  4.29318
  3.87036
  3.45819
  3.05083
  2.63899
  2.20629
  1.73592
  1.48267
  1.21116
  0.96757
  0.68263
  0.59963
  0.53940
  0.53308
  0.52724
  0.52619
  0.52575
  0.52284
 
 16.06537
 13.47419
 11.98892
 10.77949
  9.75502
  8.85308
  8.05650
  7.34804
  6.71562
  6.14745
  5.63221
  5.15755
  4.70905
  4.27533
  3.85063
  3.42717
  2.99194
  2.52108
  1.98685
  1.68707
  1.35936
  1.06464
  0.71522
  0.61212
  0.53472
  0.52627
  0.51939
  0.51829
  0.51710
  0.51260
 
 16.26518
 13.64007
 12.21606
 11.05987
 10.06733
  9.18706
  8.40444
  7.70394
  7.07484
  6.50657
  5.98880
  5.51005
  5.05655
  4.61701
  4.18489
  3.75088
  3.29907
  2.79953
  2.21510
  1.87741
  1.49848
  1.15856
  0.75050
  0.62843
  0.53297
  0.52199
  0.51389
  0.51278
  0.51094
  0.50575
 
 16.39760
 13.74816
 12.38537
 11.27224
 10.30936
  9.45021
  8.68252
  7.99199
  7.36901
  6.80390
  6.28707
  5.80769
  5.35252
  4.91033
  4.47398
  4.03302
  3.56920
  3.04768
  2.42305
  2.05393
  1.63162
  1.24864
  0.78654
  0.64645
  0.53287
  0.51916
  0.50959
  0.50846
  0.50611
  0.50074
 
 16.55582
 13.87675
 12.62093
 11.57460
 10.66230
  9.84127
  9.10248
  8.43338
  7.82592
  7.27165
  6.76204
  6.28713
  5.83437
  5.39254
  4.95375
  4.50589
  4.02725
  3.47542
  2.79114
  2.37299
  1.87959
  1.41835
  0.85833
  0.68463
  0.53575
  0.51637
  0.50320
  0.50195
  0.49897
  0.49385
 
 16.64154
 13.94999
 12.77558
 11.78002
 10.90791
 10.11887
  9.40573
  8.75714
  8.16610
  7.62492
  7.12575
  6.65912
  6.21284
  5.77566
  5.33923
  4.89032
  4.40485
  3.83486
  3.10974
  2.65542
  2.10654
  1.57731
  0.92837
  0.72365
  0.54114
  0.51605
  0.49863
  0.49713
  0.49391
  0.48928
 
 16.73637
 14.04589
 12.99403
 12.08599
 11.28305
 10.55227
  9.88846
  9.28241
  8.72829
  8.21950
  7.74899
  7.30785
  6.88403
  6.46609
  6.04511
  5.60641
  5.12235
  4.53604
  3.75592
  3.24471
  2.59976
  1.94366
  1.09416
  0.82020
  0.55991
  0.52091
  0.49136
  0.48888
  0.48602
  0.48255
 
 16.77463
 14.08921
 13.10667
 12.25332
 11.49415
 10.80218
 10.17302
  9.59868
  9.07393
  8.59270
  8.14831
  7.73205
  7.33173
  6.93562
  6.53460
  6.11340
  5.64257
  5.06011
  4.26024
  3.71896
  3.01422
  2.26749
  1.24728
  0.91258
  0.58165
  0.52964
  0.48753
  0.48373
  0.48148
  0.47884
 
 16.80859
 14.12156
 13.21927
 12.42925
 11.72292
 11.07945
 10.49541
  9.96414
  9.48118
  9.04117
  8.63787
  8.26277
  7.90336
  7.54757
  7.18639
  6.80428
  6.37033
  5.81705
  5.02090
  4.45600
  3.68561
  2.81891
  1.52268
  1.08404
  0.62697
  0.55139
  0.48510
  0.47823
  0.47650
  0.47487
 
 16.82246
 14.14173
 13.28524
 12.52978
 11.85199
 11.23468
 10.67474
 10.16691
  9.70740
  9.29171
  8.91458
  8.56862
  8.24264
  7.92553
  7.60823
  7.27416
  6.88833
  6.37090
  5.58223
  5.00673
  4.21013
  3.27983
  1.77758
  1.24081
  0.67100
  0.57378
  0.48623
  0.47740
  0.47373
  0.47278
 
 16.80649
 14.14366
 13.31821
 12.58702
 11.92977
 11.33201
 10.79081
 10.30145
  9.86064
  9.46442
  9.10805
  8.78472
  8.48382
  8.19480
  7.90908
  7.61024
  7.26232
  6.78076
  6.01761
  5.44730
  4.64359
  3.67349
  2.01361
  1.38537
  0.71425
  0.59776
  0.48909
  0.47678
  0.47238
  0.47150
 
 16.78235
 14.14455
 13.34054
 12.62634
 11.98371
 11.39981
 10.87213
 10.39631
  9.96941
  9.58789
  9.24741
  8.94170
  8.66073
  8.39449
  8.13505
  7.86644
  7.55249
  7.10568
  6.37229
  5.81215
  5.00969
  4.01451
  2.23155
  1.52231
  0.75594
  0.62140
  0.49292
  0.47719
  0.47153
  0.47063
 
 16.73125
 14.14647
 13.37065
 12.67912
 12.05585
 11.49075
 10.98128
 10.52393
 10.11619
  9.75509
  9.43705
  9.15654
  8.90465
  8.67253
  8.45348
  8.23299
  7.97569
  7.59171
  6.92081
  6.38763
  5.60024
  4.58078
  2.62196
  1.78033
  0.83508
  0.66720
  0.50206
  0.47981
  0.47057
  0.46954
 
 16.66441
 14.13982
 13.39267
 12.72158
 12.11291
 11.55926
 11.05909
 10.61039
 10.21220
  9.86250
  9.55855
  9.29620
  9.06829
  8.86659
  8.68162
  8.49201
  8.26113
  7.91961
  7.32375
  6.83046
  6.06191
  5.03269
  2.97071
  2.01674
  0.90930
  0.71101
  0.51204
  0.48397
  0.47004
  0.46887
 
 16.57951
 14.14725
 13.42825
 12.77853
 12.18806
 11.65148
 11.16766
 10.73559
 10.35477
 10.02391
  9.74121
  9.50362
  9.30555
  9.14068
  9.00191
  8.87089
  8.71569
  8.47424
  8.00843
  7.58735
  6.88154
  5.87467
  3.67576
  2.54019
  1.07956
  0.81327
  0.53848
  0.49613
  0.46995
  0.46797
 
 16.46852
 14.15344
 13.44899
 12.81027
 12.22937
 11.70197
 11.22707
 10.80391
 10.43245
 10.11175
  9.84048
  9.61649
  9.43528
  9.29185
  9.18056
  9.08498
  8.97712
  8.80325
  8.43585
  8.07647
  7.43459
  6.47067
  4.22908
  2.98005
  1.23383
  0.90744
  0.56473
  0.50962
  0.47065
  0.46751
 
 16.19289
 14.16219
 13.47093
 12.84259
 12.27090
 11.75268
 11.28707
 10.87364
 10.51275
 10.20356
  9.94546
  9.73699
  9.57482
  9.45533
  9.37475
  9.31947
  9.26707
  9.17638
  8.94091
  8.67454
  8.14656
  7.28203
  5.05913
  3.68617
  1.51034
  1.07954
  0.61504
  0.53721
  0.47319
  0.46705
 
 15.96036
 14.16762
 13.48207
 12.85822
 12.29077
 11.77710
 11.31632
 10.90821
 10.55320
 10.25059
 10.00001
  9.80036
  9.64878
  9.54234
  9.47843
  9.44543
  9.42465
  9.38309
  9.23097
  9.02963
  8.59227
  7.82078
  5.66737
  4.23924
  1.75585
  1.23568
  0.66231
  0.56412
  0.47685
  0.46682
 
 15.79171
 14.17099
 13.48851
 12.86739
 12.30244
 11.79157
 11.33383
 10.92903
 10.57777
 10.27935
 10.03358
  9.83962
  9.69475
  9.59653
  9.54315
  9.52444
  9.52435
  9.51535
  9.42035
  9.26626
  8.90001
  8.20917
  6.14088
  4.69135
  1.97822
  1.37993
  0.70706
  0.59004
  0.48127
  0.46668
 
 15.67323
 14.17569
 13.49575
 12.87429
 12.30861
 11.79856
 11.34321
 10.94186
 10.59432
 10.29986
 10.05819
  9.86845
  9.72781
  9.63407
  9.58663
  9.57756
  9.59359
  9.60936
  9.55437
  9.43426
  9.12607
  8.50590
  6.51917
  5.07387
  2.19327
  1.51412
  0.75009
  0.61475
  0.48641
  0.46659
 
 15.52402
 14.17697
 13.50016
 12.88145
 12.31853
 11.81128
 11.35902
 10.96107
 10.61739
 10.32710
 10.08913
  9.90296
  9.76734
  9.68165
  9.64534
  9.65000
  9.68385
  9.73099
  9.73597
  9.66378
  9.42811
  8.91357
  7.12991
  5.69826
  2.58567
  1.75366
  0.83167
  0.66362
  0.49906
  0.46647
 
 15.42759
 14.17716
 13.50294
 12.88626
 12.32531
 11.81991
 11.36949
 10.97316
 10.63075
 10.34210
 10.10703
  9.92525
  9.79415
  9.71246
  9.68093
  9.69382
  9.74201
  9.80908
  9.84523
  9.80522
  9.63653
  9.20991
  7.54017
  6.16093
  2.95246
  1.98378
  0.90593
  0.70691
  0.50830
  0.46640
 
 15.30467
 14.18401
 13.50428
 12.88687
 12.32817
 11.82615
 11.37961
 10.98765
 10.64971
 10.36550
 10.13459
  9.95592
  9.82592
  9.74377
  9.71547
  9.74633
  9.83393
  9.94354
 10.01470
 10.00708
  9.91529
  9.63207
  8.28802
  7.00183
  3.67327
  2.48748
  1.07768
  0.81024
  0.53624
  0.46631
 
 15.21995
 14.18308
 13.50558
 12.88984
 12.33257
 11.83184
 11.38667
 10.99601
 10.65957
 10.37694
 10.14786
  9.97117
  9.84371
  9.76492
  9.74118
  9.77836
  9.87517
  9.99927
 10.09793
 10.11700
 10.07561
  9.87526
  8.74589
  7.57348
  4.23953
  2.93839
  1.23244
  0.90503
  0.56374
  0.46626
 
 15.10650
 14.17380
 13.50749
 12.89752
 12.34268
 11.84275
 11.39718
 11.00602
 10.66977
 10.38794
 10.15985
  9.98503
  9.86346
  9.79571
  9.78336
  9.82116
  9.90330
 10.02700
 10.17726
 10.24361
 10.25800
 10.12677
  9.28054
  8.35902
  5.08745
  3.63634
  1.50710
  1.08274
  0.61555
  0.46621
 
 15.05882
 14.17383
 13.50894
 12.89952
 12.34505
 11.84538
 11.40026
 11.00945
 10.67340
 10.39208
 10.16549
  9.99330
  9.87408
  9.80763
  9.79616
  9.83643
  9.92476
 10.05870
 10.22202
 10.29872
 10.34350
 10.28263
  9.61852
  8.77444
  5.71392
  4.22404
  1.75215
  1.23344
  0.66400
  0.46618
 
 15.02974
 14.17420
 13.50973
 12.90046
 12.34600
 11.84662
 11.40190
 11.01159
 10.67604
 10.39529
 10.16935
  9.99792
  9.87965
  9.81433
  9.80434
  9.84670
  9.93815
 10.07697
 10.24985
 10.33611
 10.39867
 10.37057
  9.83210
  9.09248
  6.19005
  4.68246
  2.00202
  1.37874
  0.70912
  0.46617
 
 15.01022
 14.17454
 13.50989
 12.90063
 12.34624
 11.84712
 11.40287
 11.01332
 10.67869
 10.39874
 10.17274
 10.00046
  9.88186
  9.81786
  9.81027
  9.85481
  9.94727
 10.08760
 10.26906
 10.36537
 10.43874
 10.41941
  9.96925
  9.36232
  6.57519
  5.04605
  2.25459
  1.52326
  0.75002
  0.46616
 
 14.98333
 14.17513
 13.51116
 12.90223
 12.34814
 11.84921
 11.40513
 11.01546
 10.68063
 10.40061
 10.17546
 10.00504
  9.88802
  9.82438
  9.81665
  9.86223
  9.95852
 10.10480
 10.29244
 10.39366
 10.48429
 10.50814
 10.18307
  9.64545
  7.16047
  5.69159
  2.69608
  1.82588
  0.83188
  0.46615
 
 14.96833
 14.17500
 13.51120
 12.90284
 12.34941
 11.85103
 11.40718
 11.01796
 10.68369
 10.40414
 10.17866
 10.00705
  9.88937
  9.82659
  9.82084
  9.86820
  9.96509
 10.11256
 10.30671
 10.41525
 10.51490
 10.54937
 10.29921
  9.87288
  7.60345
  6.16460
  3.06391
  2.10360
  0.90422
  0.46615
 
