  3.64394
  3.71445
  3.77614
  3.82995
  3.87567
  3.91350
  3.94420
  3.96944
  3.99149
  4.01106
  4.02860
  4.04484
  4.06148
  4.07974
  4.09879
  4.11635
  4.13042
  4.14241
  4.15372
  4.15866
  4.16256
  4.16465
  4.16673
  4.16714
  4.16736
  4.16738
  4.16741
  4.16741
  4.16743
  4.16743
 
  4.33153
  4.40312
  4.46213
  4.51010
  4.54695
  4.57305
  4.58965
  4.59908
  4.60448
  4.60673
  4.60639
  4.60413
  4.60155
  4.59987
  4.59846
  4.59559
  4.59000
  4.58354
  4.57855
  4.57656
  4.57413
  4.57122
  4.56631
  4.56499
  4.56394
  4.56380
  4.56369
  4.56369
  4.56367
  4.56364
 
  4.84334
  4.91940
  4.97808
  5.02155
  5.04982
  5.06375
  5.06523
  5.05778
  5.04595
  5.03103
  5.01364
  4.99468
  4.97571
  4.95805
  4.94113
  4.92324
  4.90322
  4.88315
  4.86576
  4.85811
  4.84998
  4.84247
  4.83323
  4.83087
  4.82899
  4.82874
  4.82853
  4.82853
  4.82850
  4.82847
 
  5.58191
  5.67981
  5.73746
  5.76290
  5.76382
  5.74917
  5.72226
  5.68650
  5.64620
  5.60286
  5.55758
  5.51161
  5.46570
  5.42091
  5.37771
  5.33666
  5.29803
  5.26083
  5.22482
  5.20787
  5.19089
  5.17701
  5.16199
  5.15829
  5.15530
  5.15491
  5.15462
  5.15458
  5.15454
  5.15452
 
  6.11598
  6.22235
  6.27442
  6.28350
  6.26091
  6.21955
  6.16447
  6.10075
  6.03448
  5.96699
  5.89825
  5.82934
  5.76196
  5.69808
  5.63802
  5.58139
  5.52777
  5.47684
  5.42845
  5.40524
  5.38212
  5.36374
  5.34488
  5.34023
  5.33650
  5.33601
  5.33565
  5.33560
  5.33556
  5.33555
 
  6.53113
  6.64062
  6.68359
  6.67466
  6.62855
  6.56176
  6.48081
  6.39206
  6.30290
  6.21452
  6.12617
  6.03867
  5.95418
  5.87514
  5.80166
  5.73265
  5.66721
  5.60555
  5.54767
  5.51984
  5.49227
  5.47060
  5.44882
  5.44345
  5.43915
  5.43860
  5.43819
  5.43812
  5.43808
  5.43809
 
  6.86905
  6.97749
  7.00880
  6.98085
  6.91156
  6.82077
  6.71618
  6.60502
  6.49556
  6.38892
  6.28385
  6.18089
  6.08240
  5.99082
  5.90614
  5.82682
  5.75160
  5.68111
  5.61558
  5.58422
  5.55326
  5.52910
  5.50498
  5.49902
  5.49426
  5.49364
  5.49319
  5.49312
  5.49309
  5.49308
 
  7.39672
  7.49420
  7.49708
  7.42962
  7.31576
  7.18113
  7.03506
  6.88561
  6.74168
  6.60436
  6.47215
  6.34499
  6.22483
  6.11345
  6.01068
  5.91461
  5.82377
  5.73923
  5.66181
  5.62542
  5.58979
  5.56211
  5.53427
  5.52742
  5.52197
  5.52127
  5.52074
  5.52066
  5.52061
  5.52059
 
  7.79895
  7.87847
  7.84965
  7.74299
  7.58768
  7.41429
  7.23300
  7.05193
  6.87984
  6.71762
  6.56393
  6.41817
  6.28153
  6.15472
  6.03754
  5.92801
  5.82472
  5.72904
  5.64243
  5.60238
  5.56345
  5.53330
  5.50272
  5.49521
  5.48923
  5.48844
  5.48786
  5.48778
  5.48773
  5.48771
 
  8.50795
  8.53145
  8.42285
  8.22650
  7.98224
  7.72952
  7.47919
  7.23806
  7.01339
  6.80481
  6.61147
  6.43106
  6.26371
  6.10814
  5.96390
  5.82872
  5.70128
  5.58407
  5.47978
  5.43232
  5.38678
  5.35205
  5.31723
  5.30871
  5.30193
  5.30105
  5.30039
  5.30030
  5.30023
  5.30021
 
  9.25355
  8.96705
  8.66824
  8.37826
  8.09677
  7.82367
  7.55897
  7.30277
  7.05527
  6.81672
  6.58953
  6.37329
  6.16999
  5.97910
  5.80212
  5.64083
  5.49654
  5.36729
  5.25586
  5.21275
  5.18294
  5.16325
  5.09146
  5.05671
  5.06569
  5.07174
  5.06902
  5.06711
  5.07057
  5.06832
 
  9.63373
  9.48648
  9.17843
  8.78367
  8.35892
  7.95489
  7.58046
  7.23724
  6.92468
  6.64044
  6.37838
  6.13266
  5.90607
  5.69769
  5.50500
  5.32279
  5.14843
  4.98887
  4.84790
  4.78191
  4.71972
  4.67528
  4.63655
  4.62715
  4.61979
  4.61888
  4.61818
  4.61806
  4.61801
  4.61804
 
 10.05822
  9.81076
  9.40061
  8.91409
  8.41198
  7.94631
  7.52326
  7.14093
  6.79507
  6.48133
  6.19211
  5.91965
  5.66763
  5.43650
  5.22244
  5.01960
  4.82482
  4.64491
  4.48357
  4.40790
  4.33770
  4.28906
  4.24860
  4.23907
  4.23170
  4.23081
  4.23010
  4.22998
  4.22994
  4.22998
 
 10.36616
 10.02899
  9.53412
  8.97600
  8.41618
  7.90593
  7.44834
  7.03768
  6.66763
  6.33206
  6.02292
  5.73121
  5.46018
  5.21144
  4.98019
  4.76104
  4.55076
  4.35403
  4.17442
  4.09095
  4.01482
  3.96324
  3.92090
  3.91132
  3.90400
  3.90310
  3.90241
  3.90231
  3.90226
  3.90227
 
 10.77537
 10.13726
  9.50499
  8.91996
  8.37715
  7.87377
  7.40711
  6.97409
  6.57355
  6.20555
  5.86919
  5.55846
  5.27103
  5.00631
  4.76104
  4.53466
  4.32436
  4.11976
  3.91473
  3.81808
  3.73624
  3.68661
  3.64205
  3.63301
  3.62520
  3.62427
  3.62362
  3.62346
  3.62359
  3.62347
 
 11.09770
 10.34408
  9.61030
  8.94088
  8.32772
  7.76629
  7.25230
  6.78051
  6.34895
  5.95827
  5.60338
  5.27684
  4.97341
  4.69200
  4.42890
  4.18224
  3.94905
  3.72004
  3.49107
  3.38371
  3.29405
  3.24072
  3.19187
  3.18149
  3.17360
  3.17276
  3.17206
  3.17191
  3.17194
  3.17182
 
 11.31866
 10.47188
  9.65920
  8.92549
  8.26011
  7.65603
  7.10741
  6.60875
  6.15646
  5.75073
  5.38399
  5.04734
  4.73357
  4.44061
  4.16575
  3.90554
  3.65690
  3.41137
  3.16592
  3.05057
  2.95367
  2.89506
  2.84119
  2.82982
  2.82128
  2.82037
  2.81961
  2.81947
  2.81942
  2.81933
 
 11.67068
 10.62069
  9.65500
  8.80658
  8.05704
  7.39106
  6.79602
  6.26459
  5.79065
  5.36720
  4.98472
  4.63200
  4.29853
  3.98002
  3.67946
  3.39490
  3.12542
  2.86396
  2.60663
  2.48284
  2.36852
  2.28937
  2.22553
  2.21189
  2.20131
  2.20011
  2.19910
  2.19896
  2.19887
  2.19882
 
 11.93686
 10.69732
  9.60709
  8.67484
  7.86960
  7.16918
  6.55413
  6.00933
  5.52522
  5.09128
  4.69706
  4.33254
  3.98788
  3.65872
  3.34909
  3.05899
  2.78454
  2.51702
  2.25008
  2.11876
  1.99343
  1.90302
  1.83125
  1.81549
  1.80283
  1.80138
  1.80019
  1.79999
  1.79992
  1.79991
 
 12.32988
 10.81571
  9.56270
  8.52252
  7.64359
  6.89530
  6.25531
  5.69639
  5.19851
  4.75062
  4.34211
  3.96396
  3.60743
  3.26811
  2.94877
  2.65353
  2.37630
  2.10496
  1.83151
  1.69521
  1.56296
  1.46412
  1.37969
  1.36020
  1.34458
  1.34275
  1.34123
  1.34100
  1.34089
  1.34090
 
 12.64988
 10.92817
  9.57960
  8.48226
  7.56679
  6.78723
  6.12362
  5.54816
  5.03654
  4.57543
  4.15349
  3.76240
  3.39734
  3.05513
  2.73477
  2.43583
  2.15449
  1.87968
  1.60535
  1.46830
  1.33418
  1.23129
  1.13694
  1.11493
  1.09729
  1.09488
  1.09320
  1.09303
  1.09278
  1.09279
 
 12.95132
 11.06670
  9.64676
  8.50194
  7.55818
  6.75896
  6.07991
  5.49093
  4.96428
  4.48796
  4.05512
  3.65846
  3.28912
  2.94142
  2.61468
  2.30939
  2.02510
  1.75018
  1.47436
  1.33502
  1.19783
  1.09114
  0.98955
  0.96494
  0.94538
  0.94286
  0.94099
  0.94073
  0.94057
  0.94046
 
 13.21960
 11.20932
  9.74000
  8.55917
  7.59243
  6.77757
  6.08437
  5.48217
  4.94317
  4.45562
  4.01375
  3.61047
  3.23573
  2.88292
  2.55103
  2.24016
  1.95041
  1.67324
  1.39518
  1.25404
  1.11340
  1.00202
  0.89368
  0.86708
  0.84583
  0.84309
  0.84106
  0.84078
  0.84059
  0.84044
 
 13.66897
 11.48609
  9.95377
  8.72150
  7.71857
  6.88090
  6.16741
  5.54551
  4.98827
  4.48447
  4.02819
  3.61219
  3.22635
  2.86364
  2.52207
  2.20014
  1.89685
  1.60949
  1.32345
  1.17712
  1.02848
  0.90755
  0.78596
  0.75542
  0.73087
  0.72768
  0.72532
  0.72500
  0.72478
  0.72464
 
 14.02776
 11.73809
 10.16984
  8.90506
  7.87843
  7.02387
  6.29607
  5.66087
  5.09213
  4.57801
  4.11104
  3.68355
  3.28691
  2.91468
  2.56370
  2.23058
  1.91292
  1.61000
  1.31227
  1.15919
  1.00135
  0.87022
  0.73474
  0.70013
  0.67222
  0.66858
  0.66588
  0.66551
  0.66526
  0.66519
 
 14.66539
 12.26681
 10.65894
  9.33956
  8.27707
  7.39385
  6.64665
  5.99602
  5.41287
  4.88405
  4.40105
  3.95529
  3.53763
  3.14159
  2.76477
  2.40476
  2.05790
  1.71809
  1.38095
  1.20673
  1.02155
  0.86219
  0.69127
  0.64631
  0.61035
  0.60594
  0.60221
  0.60176
  0.60136
  0.60140
 
 15.10389
 12.62456
 11.01601
  9.69946
  8.64281
  7.75215
  6.99176
  6.32621
  5.72937
  5.18812
  4.69332
  4.23570
  3.80504
  3.39402
  2.99985
  2.61947
  2.24796
  1.87662
  1.49706
  1.29929
  1.08333
  0.89314
  0.68712
  0.63268
  0.58872
  0.58331
  0.57888
  0.57833
  0.57780
  0.57759
 
 15.52147
 13.08085
 11.57070
 10.32062
  9.27716
  8.36608
  7.56825
  6.86438
  6.24078
  5.68437
  5.18262
  4.72222
  4.28786
  3.86814
  3.45857
  3.05356
  2.64409
  2.21437
  1.74798
  1.49719
  1.22876
  0.98889
  0.71025
  0.62970
  0.57192
  0.56603
  0.56045
  0.55941
  0.55905
  0.55703
 
 15.85330
 13.35728
 11.89439
 10.69817
  9.68293
  8.78962
  8.00110
  7.30044
  6.67555
  6.11466
  5.60634
  5.13811
  4.69520
  4.26609
  3.84519
  3.42494
  2.99267
  2.52519
  1.99553
  1.69873
  1.37459
  1.08372
  0.74058
  0.63989
  0.56562
  0.55786
  0.55152
  0.55042
  0.54939
  0.54616
 
 16.06155
 13.53095
 12.12214
 10.97307
  9.98598
  9.11198
  8.33620
  7.64321
  7.02205
  6.46201
  5.95249
  5.48166
  5.03523
  4.60157
  4.17431
  3.74434
  3.29612
  2.80038
  2.22087
  1.88649
  1.51172
  1.17575
  0.77394
  0.65428
  0.56258
  0.55256
  0.54535
  0.54428
  0.54260
  0.53875
 
 16.19971
 13.64516
 12.29170
 11.18147
 10.22107
  9.36627
  8.60434
  7.92091
  7.30603
  6.74972
  6.24205
  5.77169
  5.32470
  4.88940
  4.45881
  4.02267
  3.56306
  3.04573
  2.42627
  2.06067
  1.64294
  1.26417
  0.80831
  0.67068
  0.56140
  0.54890
  0.54059
  0.53955
  0.53734
  0.53321
 
 16.36256
 13.78084
 12.52643
 11.47773
 10.56415
  9.74475
  9.01003
  8.34720
  7.74776
  7.20282
  6.70337
  6.23882
  5.79571
  5.36224
  4.93061
  4.48888
  4.01560
  3.46875
  2.79003
  2.37564
  1.88737
  1.43103
  0.87732
  0.70622
  0.56255
  0.54480
  0.53360
  0.53254
  0.52962
  0.52542
 
 16.44629
 13.85559
 12.67832
 11.67822
 10.80294
 10.01398
  9.30380
  8.66080
  8.07747
  7.54565
  7.05697
  6.60130
  6.16544
  5.73754
  5.30927
  4.86755
  4.38842
  3.82416
  3.10500
  2.65458
  2.11117
  1.58756
  0.94513
  0.74320
  0.56658
  0.54344
  0.52862
  0.52743
  0.52418
  0.52018
 
 16.52126
 13.94173
 12.88605
 11.97323
 11.16685
 10.43561
  9.77396
  9.17255
  8.62521
  8.12501
  7.66444
  7.23405
  6.82093
  6.41305
  6.00146
  5.57156
  5.09568
  4.51679
  3.74381
  3.23694
  2.59805
  1.94862
  1.10703
  0.83623
  0.58283
  0.54631
  0.52063
  0.51873
  0.51562
  0.51239
 
 16.53545
 13.97078
 12.98730
 12.13187
 11.37123
 10.67990
 10.05322
  9.48326
  8.96455
  8.49089
  8.05529
  7.64870
  7.25830
  6.87197
  6.48059
  6.06893
  5.60745
  5.03376
  4.24229
  3.70588
  3.00768
  2.26833
  1.25758
  0.92629
  0.60276
  0.55357
  0.51623
  0.51325
  0.51062
  0.50810
 
 16.53197
 13.98076
 13.08373
 12.29677
 11.59302
 10.95277
 10.37252
  9.84578
  9.36801
  8.93393
  8.53725
  8.16943
  7.81785
  7.47042
  7.11823
  6.74580
  6.32215
  5.77934
  4.99375
  4.43480
  3.67191
  2.81354
  1.52970
  1.09467
  0.64553
  0.57320
  0.51283
  0.50713
  0.50507
  0.50349
 
 16.52324
 13.98795
 13.14124
 12.39269
 11.72029
 11.10799
 10.55278
 10.04940
  9.59425
  9.18298
  8.81054
  8.46976
  8.14981
  7.83991
  7.53119
  7.20711
  6.83239
  6.32597
  5.54756
  4.97807
  4.19007
  3.26988
  1.78246
  1.24966
  0.68754
  0.59393
  0.51312
  0.50571
  0.50216
  0.50104
 
 16.49670
 13.98301
 13.16943
 12.44701
 11.79684
 11.20522
 10.66936
 10.18478
  9.74828
  9.35606
  9.00357
  8.68430
  8.38809
  8.10479
  7.82609
  7.53580
  7.19806
  6.72787
  5.97715
  5.41406
  4.61935
  3.65935
  2.01605
  1.39297
  0.72940
  0.61663
  0.51520
  0.50458
  0.50055
  0.49954
 
 16.46791
 13.98045
 13.18926
 12.48483
 11.85002
 11.27312
 10.75119
 10.28038
  9.85780
  9.48001
  9.14297
  8.84058
  8.56331
  8.30163
  8.04784
  7.78638
  7.48153
  7.04606
  6.32668
  5.77480
  4.98182
  3.99685
  2.23180
  1.52882
  0.76996
  0.63924
  0.51832
  0.50451
  0.49953
  0.49852
 
 16.39453
 13.97156
 13.21771
 12.54175
 11.92914
 11.37114
 10.86594
 10.41110
 10.00506
  9.64542
  9.32927
  9.05219
  8.80677
  8.58431
  8.37434
  8.15417
  7.88619
  7.50172
  6.86043
  6.34704
  5.56824
  4.55518
  2.62352
  1.78267
  0.84732
  0.68324
  0.52602
  0.50659
  0.49829
  0.49723
 
 16.35840
 13.97704
 13.24062
 12.57854
 11.97795
 11.43156
 10.93784
 10.49480
 10.10113
  9.75490
  9.45357
  9.19320
  8.96702
  8.76717
  8.58457
  8.39849
  8.17332
  7.84159
  7.26171
  6.77884
  6.02173
  5.00420
  2.96398
  2.01879
  0.92035
  0.72592
  0.53511
  0.50965
  0.49766
  0.49644
 
 16.29102
 13.99265
 13.28068
 12.63732
 12.05293
 11.52250
 11.04447
 10.61758
 10.24113
  9.91380
  9.63379
  9.39816
  9.20149
  9.03763
  8.89971
  8.76995
  8.61755
  8.38278
  7.93110
  7.52102
  6.82923
  5.83691
  3.66187
  2.53700
  1.08845
  0.82599
  0.55945
  0.52009
  0.49730
  0.49537
 
 16.19418
 14.00323
 13.30417
 12.67043
 12.09443
 11.57229
 11.10236
 10.68393
 10.31661
  9.99944
  9.73108
  9.50931
  9.32960
  9.18699
  9.07600
  8.98071
  8.87406
  8.70439
  8.34811
  7.99894
  7.37228
  6.42528
  4.20952
  2.97239
  1.24128
  0.91867
  0.58415
  0.53222
  0.49774
  0.49484
 
 15.93790
 14.01110
 13.32552
 12.70223
 12.13551
 11.62231
 11.16146
 10.75240
 10.39545
 10.08970
  9.83449
  9.62828
  9.46766
  9.34898
  9.26855
  9.21302
  9.16054
  9.07109
  8.84137
  8.58242
  8.06882
  7.22344
  5.03083
  3.67125
  1.51592
  1.08876
  0.63224
  0.55774
  0.49968
  0.49429
 
 15.71748
 14.01267
 13.33398
 12.71652
 12.15489
 11.64664
 11.19076
 10.78699
 10.43587
 10.13656
  9.88866
  9.69111
  9.54099
  9.43541
  9.37179
  9.33860
  9.31736
  9.27552
  9.12550
  8.92896
  8.50372
  7.75145
  5.63225
  4.21869
  1.76024
  1.24355
  0.67793
  0.58314
  0.50273
  0.49402
 
 15.55732
 14.01481
 13.34012
 12.72468
 12.16450
 11.65859
 11.20600
 10.80650
 10.46064
 10.16705
  9.92440
  9.73149
  9.58675
  9.48868
  9.43545
  9.41653
  9.41618
  9.40889
  9.31410
  9.15737
  8.79726
  8.13488
  6.12090
  4.66269
  1.97373
  1.38427
  0.72248
  0.60791
  0.50855
  0.49385
 
 15.44550
 14.01568
 13.34440
 12.73085
 12.17230
 11.66825
 11.21792
 10.82076
 10.47704
 10.18587
  9.94674
  9.75874
  9.61939
  9.52667
  9.47982
  9.47065
  9.48566
  9.50016
  9.44433
  9.32530
  9.02442
  8.42096
  6.47327
  5.04498
  2.19523
  1.52007
  0.76353
  0.63161
  0.51108
  0.49374
 
 15.30725
 14.01394
 13.34633
 12.73764
 12.18399
 11.68378
 11.23637
 10.84152
 10.49976
 10.21094
  9.97504
  9.79178
  9.65882
  9.57450
  9.53855
  9.54334
  9.57714
  9.62065
  9.62002
  9.55048
  9.32658
  8.82679
  7.05664
  5.64466
  2.59651
  1.76720
  0.84233
  0.67790
  0.52029
  0.49361
 
 15.21909
 14.01480
 13.34948
 12.74246
 12.19053
 11.69192
 11.24632
 10.85338
 10.51355
 10.22696
  9.99359
  9.81334
  9.68402
  9.60419
  9.57424
  9.58757
  9.63405
  9.69729
  9.73203
  9.69431
  9.52521
  9.10480
  7.48540
  6.11345
  2.94569
  1.98963
  0.91652
  0.72147
  0.53036
  0.49352
 
 15.08323
 14.01843
 13.35645
 12.74994
 12.19799
 11.70073
 11.25745
 10.86793
 10.53193
 10.24947
 10.02046
  9.84455
  9.71979
  9.64530
  9.62249
  9.64675
  9.71110
  9.80521
  9.89186
  9.89759
  9.81441
  9.52896
  8.19429
  6.95617
  3.66545
  2.48454
  1.08615
  0.82250
  0.55703
  0.49341
 
 15.00657
 14.01824
 13.35802
 12.75314
 12.20259
 11.70650
 11.26436
 10.87598
 10.54131
 10.26044
 10.03332
  9.85958
  9.73747
  9.66631
  9.64790
  9.67827
  9.75159
  9.86065
  9.97586
 10.00776
  9.97211
  9.76671
  8.64498
  7.51584
  4.22585
  2.93002
  1.23951
  0.91584
  0.58309
  0.49336
 
 14.92443
 14.01751
 13.35920
 12.75585
 12.20681
 11.71199
 11.27103
 10.88379
 10.55054
 10.27131
 10.04616
  9.87465
  9.75528
  9.68766
  9.67388
  9.71048
  9.79301
  9.91741
 10.06286
 10.12331
 10.13946
 10.02633
  9.18889
  8.23476
  5.06577
  3.64312
  1.51332
  1.08611
  0.63287
  0.49330
 
 14.88153
 14.01728
 13.35963
 12.75701
 12.20864
 11.71435
 11.27402
 10.88752
 10.55510
 10.27683
 10.05268
  9.88226
  9.76428
  9.69849
  9.68713
  9.72696
  9.81425
  9.94647
 10.10768
 10.18335
 10.22741
 10.16573
  9.50784
  8.68490
  5.67870
  4.20341
  1.75629
  1.24131
  0.67947
  0.49328
 
 14.85500
 14.01735
 13.36002
 12.75763
 12.20935
 11.71555
 11.27571
 10.88973
 10.55790
 10.28026
 10.05672
  9.88699
  9.76982
  9.70514
  9.69525
  9.73711
  9.82746
  9.96455
 10.13538
 10.22053
 10.28221
 10.25321
  9.71783
  8.99541
  6.14898
  4.65676
  2.00528
  1.38566
  0.72346
  0.49326
 
 14.83636
 14.01760
 13.36047
 12.75809
 12.20997
 11.71643
 11.27685
 10.89128
 10.55986
 10.28263
 10.05949
  9.89021
  9.77357
  9.70963
  9.70074
  9.74401
  9.83644
  9.97684
 10.15419
 10.24579
 10.31956
 10.31315
  9.86682
  9.22361
  6.52739
  5.03896
  2.25484
  1.52095
  0.76529
  0.49325
 
 14.81154
 14.01781
 13.36113
 12.75907
 12.21124
 11.71799
 11.27878
 10.89355
 10.56244
 10.28553
 10.06283
  9.89414
  9.77827
  9.71523
  9.70753
  9.75250
  9.84759
  9.99218
 10.17775
 10.27765
 10.36699
 10.39002
 10.06523
  9.53714
  7.10621
  5.65413
  2.68688
  1.82770
  0.84386
  0.49324
 
 14.79618
 14.01749
 13.36147
 12.75997
 12.21259
 11.71958
 11.28051
 10.89551
 10.56491
 10.28842
 10.06545
  9.89578
  9.77946
  9.71740
  9.71173
  9.75851
  9.85417
  9.99975
 10.19158
 10.29911
 10.39782
 10.43090
 10.17926
  9.76355
  7.54215
  6.12031
  3.04897
  2.10021
  0.91502
  0.49323
 
