  3.31702
  3.38293
  3.44157
  3.49374
  3.53933
  3.57849
  3.61192
  3.64107
  3.66798
  3.69331
  3.71755
  3.74144
  3.76666
  3.79438
  3.82371
  3.85205
  3.87688
  3.89862
  3.91746
  3.92541
  3.93280
  3.93844
  3.94463
  3.94618
  3.94734
  3.94748
  3.94761
  3.94762
  3.94764
  3.94766
 
  3.98728
  4.05260
  4.10738
  4.15304
  4.18960
  4.21752
  4.23797
  4.25320
  4.26613
  4.27756
  4.28790
  4.29749
  4.30729
  4.31806
  4.32944
  4.34044
  4.35013
  4.35899
  4.36745
  4.37132
  4.37473
  4.37638
  4.37524
  4.37487
  4.37464
  4.37459
  4.37454
  4.37457
  4.37455
  4.37454
 
  4.49463
  4.56465
  4.61979
  4.66198
  4.69139
  4.70879
  4.71601
  4.71628
  4.71379
  4.70967
  4.70444
  4.69861
  4.69320
  4.68909
  4.68607
  4.68328
  4.68004
  4.67712
  4.67538
  4.67471
  4.67315
  4.67039
  4.66512
  4.66370
  4.66261
  4.66245
  4.66231
  4.66231
  4.66230
  4.66228
 
  5.23830
  5.33149
  5.38859
  5.41693
  5.42380
  5.41749
  5.40074
  5.37620
  5.34726
  5.31551
  5.28258
  5.24991
  5.21795
  5.18749
  5.15905
  5.13334
  5.11078
  5.09049
  5.07090
  5.06086
  5.05022
  5.04099
  5.03048
  5.02770
  5.02554
  5.02526
  5.02505
  5.02502
  5.02501
  5.02499
 
  5.78258
  5.88634
  5.94156
  5.95833
  5.94685
  5.91870
  5.87782
  5.82798
  5.77389
  5.71758
  5.66100
  5.60603
  5.55323
  5.50350
  5.45729
  5.41480
  5.37605
  5.34051
  5.30672
  5.28977
  5.27236
  5.25820
  5.24392
  5.24037
  5.23747
  5.23709
  5.23682
  5.23677
  5.23675
  5.23675
 
  6.20836
  6.31768
  6.36754
  6.37076
  6.34033
  6.29085
  6.22742
  6.15471
  6.07855
  6.00131
  5.92508
  5.85195
  5.78235
  5.71716
  5.65669
  5.60062
  5.54861
  5.50048
  5.45510
  5.43268
  5.41006
  5.39217
  5.37487
  5.37066
  5.36718
  5.36671
  5.36639
  5.36635
  5.36630
  5.36633
 
  6.55528
  6.66634
  6.70886
  6.69789
  6.64843
  6.57741
  6.49150
  6.39725
  6.30237
  6.20879
  6.11689
  6.02800
  5.94373
  5.86578
  5.79405
  5.72691
  5.66317
  5.60431
  5.54994
  5.52289
  5.49599
  5.47525
  5.45547
  5.45054
  5.44661
  5.44611
  5.44573
  5.44567
  5.44565
  5.44566
 
  7.09853
  7.20379
  7.22412
  7.18007
  7.09182
  6.98153
  6.85760
  6.72774
  6.60076
  6.47856
  6.36109
  6.24902
  6.14347
  6.04548
  5.95479
  5.86950
  5.78823
  5.71260
  5.64308
  5.60964
  5.57691
  5.55186
  5.52754
  5.52156
  5.51680
  5.51619
  5.51573
  5.51565
  5.51562
  5.51563
 
  7.51220
  7.60433
  7.59798
  7.51930
  7.39344
  7.24731
  7.09046
  6.93108
  6.77826
  6.63357
  6.49662
  6.36722
  6.24575
  6.13236
  6.02682
  5.92738
  5.83276
  5.74426
  5.66312
  5.62514
  5.58832
  5.56012
  5.53204
  5.52517
  5.51971
  5.51900
  5.51848
  5.51840
  5.51834
  5.51835
 
  8.23941
  8.28538
  8.20814
  8.04676
  7.83705
  7.61524
  7.39235
  7.17614
  6.97504
  6.78885
  6.61627
  6.45472
  6.30390
  6.16250
  6.03022
  5.90531
  5.78653
  5.67510
  5.57357
  5.52731
  5.48282
  5.44867
  5.41399
  5.40555
  5.39882
  5.39794
  5.39728
  5.39719
  5.39713
  5.39712
 
  8.73212
  8.72610
  8.58074
  8.34642
  8.06691
  7.78483
  7.51150
  7.25351
  7.01741
  6.80158
  6.60250
  6.41577
  6.24236
  6.08077
  5.93020
  5.78782
  5.65177
  5.52463
  5.40959
  5.35673
  5.30575
  5.26683
  5.22843
  5.21898
  5.21147
  5.21050
  5.20977
  5.20967
  5.20961
  5.20960
 
  9.38771
  9.27921
  9.01440
  8.66140
  8.27433
  7.90268
  7.55671
  7.24008
  6.95438
  6.69638
  6.45789
  6.23241
  6.02396
  5.83290
  5.65679
  5.48999
  5.32905
  5.17963
  5.04528
  4.98175
  4.92037
  4.87452
  4.83250
  4.82205
  4.81377
  4.81272
  4.81193
  4.81179
  4.81175
  4.81176
 
  9.82182
  9.61901
  9.25523
  8.81106
  8.34591
  7.91175
  7.51632
  7.15974
  6.83979
  6.55121
  6.28432
  6.03110
  5.79694
  5.58378
  5.38784
  5.20235
  5.02310
  4.85622
  4.70531
  4.63376
  4.56550
  4.51579
  4.47184
  4.46110
  4.45263
  4.45158
  4.45076
  4.45063
  4.45057
  4.45059
 
 10.13951
  9.85118
  9.40416
  8.88786
  8.36365
  7.88374
  7.45275
  7.06675
  6.72086
  6.40838
  6.11964
  5.84584
  5.59194
  5.36082
  5.14781
  4.94655
  4.75282
  4.57111
  4.40501
  4.32738
  4.25477
  4.20318
  4.15792
  4.14721
  4.13884
  4.13778
  4.13699
  4.13688
  4.13682
  4.13681
 
 10.56207
  9.97143
  9.38494
  8.84021
  8.33296
  7.86093
  7.42204
  7.01378
  6.63532
  6.28696
  5.96809
  5.67376
  5.40220
  5.15318
  4.92413
  4.71474
  4.52231
  4.33560
  4.14693
  4.05710
  3.97992
  3.93163
  3.88555
  3.87513
  3.86659
  3.86562
  3.86484
  3.86464
  3.86478
  3.86464
 
 10.90449
 10.19943
  9.51136
  8.88103
  8.30145
  7.76882
  7.27964
  6.82948
  6.41677
  6.04220
  5.70145
  5.38820
  5.09798
  4.82995
  4.58112
  4.35011
  4.13419
  3.92376
  3.71386
  3.61557
  3.53325
  3.48371
  3.43564
  3.42427
  3.41620
  3.41541
  3.41459
  3.41443
  3.41445
  3.41435
 
 11.14043
 10.34326
  9.57599
  8.88021
  8.24657
  7.66911
  7.14291
  6.66324
  6.22705
  5.83455
  5.47919
  5.15325
  4.85037
  4.56879
  4.30630
  4.06012
  3.82754
  3.60013
  3.37452
  3.26928
  3.18126
  3.12825
  3.07725
  3.06543
  3.05723
  3.05643
  3.05562
  3.05546
  3.05542
  3.05534
 
 11.50286
 10.51605
  9.60073
  8.78985
  8.06785
  7.42215
  6.84238
  6.32274
  5.85835
  5.44291
  5.06775
  4.72266
  4.39779
  4.08887
  3.79838
  3.52441
  3.26634
  3.01867
  2.77910
  2.66562
  2.56149
  2.49003
  2.43249
  2.42024
  2.41080
  2.40973
  2.40883
  2.40870
  2.40861
  2.40858
 
 11.76847
 10.60148
  9.56419
  8.66916
  7.88959
  7.20659
  6.60350
  6.06731
  5.58965
  5.16104
  4.77188
  4.41298
  4.07503
  3.75365
  3.45203
  3.16978
  2.90353
  2.64648
  2.39423
  2.27194
  2.15621
  2.07401
  2.01088
  1.99731
  1.98639
  1.98515
  1.98415
  1.98397
  1.98392
  1.98390
 
 12.15334
 10.72049
  9.52054
  8.51608
  7.66122
  6.92878
  6.29860
  5.74610
  5.25294
  4.80887
  4.40407
  4.03005
  3.67841
  3.34467
  3.03093
  2.74041
  2.46771
  2.20261
  1.93889
  1.80925
  1.68529
  1.59492
  1.52089
  1.50429
  1.49098
  1.48944
  1.48817
  1.48798
  1.48789
  1.48789
 
 12.46455
 10.82782
  9.52849
  8.46419
  7.57128
  6.80779
  6.15469
  5.58631
  5.08003
  4.62333
  4.20557
  3.81879
  3.45800
  3.11991
  2.80340
  2.50778
  2.22953
  1.95898
  1.69143
  1.55950
  1.43259
  1.33787
  1.25438
  1.23553
  1.22041
  1.21833
  1.21691
  1.21677
  1.21655
  1.21657
 
 12.74593
 10.96073
  9.59047
  8.47606
  7.55080
  6.76439
  6.09445
  5.51370
  4.99659
  4.52940
  4.10219
  3.70738
  3.33982
  2.99584
  2.67379
  2.37236
  2.09003
  1.81696
  1.54624
  1.41204
  1.28151
  1.18199
  1.09105
  1.06994
  1.05311
  1.05081
  1.04921
  1.04905
  1.04881
  1.04878
 
 12.99663
 11.09847
  9.67768
  8.52404
  7.57253
  6.76923
  6.08598
  5.49411
  4.96716
  4.49085
  4.05530
  3.65321
  3.27935
  2.92987
  2.60266
  2.29579
  2.00801
  1.73213
  1.45803
  1.32122
  1.18664
  1.08221
  0.98448
  0.96135
  0.94291
  0.94041
  0.93865
  0.93846
  0.93821
  0.93814
 
 13.41466
 11.38605
  9.89691
  8.67329
  7.66970
  6.84014
  6.14226
  5.53905
  4.99963
  4.51051
  4.06365
  3.65155
  3.26628
  2.90292
  2.56116
  2.24188
  1.94398
  1.65981
  1.37557
  1.23226
  1.08882
  0.97464
  0.86417
  0.83686
  0.81503
  0.81242
  0.81022
  0.80995
  0.80971
  0.80962
 
 13.75073
 11.62302
 10.09988
  8.84722
  7.82294
  6.97834
  6.26696
  5.65010
  5.09739
  4.59593
  4.13780
  3.71527
  3.32022
  2.94736
  2.59575
  2.26523
  1.95370
  1.65474
  1.35822
  1.20755
  1.05456
  0.93020
  0.80611
  0.77476
  0.74967
  0.74664
  0.74410
  0.74379
  0.74351
  0.74346
 
 14.35722
 12.09561
 10.54166
  9.26282
  8.22650
  7.36169
  6.62746
  5.98644
  5.41061
  4.88751
  4.40908
  3.96716
  3.55297
  3.16036
  2.78726
  2.43161
  2.08958
  1.75360
  1.41853
  1.24619
  1.06559
  0.91317
  0.75445
  0.71331
  0.68041
  0.67640
  0.67300
  0.67260
  0.67222
  0.67226
 
 14.76289
 12.43782
 10.88759
  9.61311
  8.58258
  7.71106
  6.96438
  6.30884
  5.71917
  5.18312
  4.69227
  4.23801
  3.81088
  3.40398
  3.01455
  2.63947
  2.27340
  1.90643
  1.52970
  1.33377
  1.12245
  0.93947
  0.74655
  0.69626
  0.65571
  0.65076
  0.64667
  0.64616
  0.64570
  0.64558
 
 15.26974
 12.88495
 11.37434
 10.14468
  9.13507
  8.26809
  7.51509
  6.84750
  6.24361
  5.69249
  5.18654
  4.71782
  4.27750
  3.85787
  3.45320
  3.05546
  2.65429
  2.23457
  1.77886
  1.53151
  1.26320
  1.02450
  0.76208
  0.69150
  0.63651
  0.63031
  0.62542
  0.62470
  0.62418
  0.62239
 
 15.45830
 13.14346
 11.73501
 10.57183
  9.57883
  8.70354
  7.92970
  7.24140
  6.62695
  6.07503
  5.57454
  5.11327
  4.67673
  4.25358
  3.83842
  3.42391
  2.99767
  2.53680
  2.01505
  1.72322
  1.40512
  1.12119
  0.79074
  0.69534
  0.62748
  0.62084
  0.61503
  0.61399
  0.61351
  0.60990
 
 15.65423
 13.31071
 11.95109
 10.83045
  9.86339
  9.00640
  8.24521
  7.56518
  6.95563
  6.40609
  5.90614
  5.44410
  5.00572
  4.57950
  4.15923
  3.73605
  3.29469
  2.80619
  2.23528
  1.90646
  1.53875
  1.20989
  0.82075
  0.70639
  0.62236
  0.61390
  0.60762
  0.60663
  0.60570
  0.60113
 
 15.78320
 13.42013
 12.11036
 11.02504
 10.08275
  9.24393
  8.49633
  7.82624
  7.22383
  6.67926
  6.18264
  5.72265
  5.28526
  4.85874
  4.43633
  4.00797
  3.55603
  3.04654
  2.43618
  2.07652
  1.66653
  1.29530
  0.85206
  0.71978
  0.61924
  0.60870
  0.60180
  0.60090
  0.59952
  0.59442
 
 15.93261
 13.54884
 12.32822
 11.29974
 10.40111
  9.59596
  8.87491
  8.22571
  7.63981
  7.10834
  6.62213
  6.17037
  5.73925
  5.31681
  4.89537
  4.46320
  3.99905
  3.46111
  2.79219
  2.38420
  1.90458
  1.45689
  0.91576
  0.75020
  0.61699
  0.60189
  0.59311
  0.59234
  0.59027
  0.58477
 
 16.00639
 13.61792
 12.46769
 11.48446
 10.62203
  9.84608
  9.14893
  8.51952
  7.95021
  7.43279
  6.95864
  6.51733
  6.09514
  5.67984
  5.26329
  4.83253
  4.36378
  3.80937
  3.10060
  2.65687
  2.12265
  1.60881
  0.97920
  0.78308
  0.61818
  0.59824
  0.58684
  0.58610
  0.58359
  0.57815
 
 16.06233
 13.69245
 12.65594
 11.75615
 10.96025
 10.24028
  9.59059
  9.00218
  8.46879
  7.98334
  7.53816
  7.12342
  6.72558
  6.33218
  5.93435
  5.51755
  5.05416
  4.48708
  3.72612
  3.22667
  2.59798
  1.95999
  1.13333
  0.86892
  0.62902
  0.59666
  0.57665
  0.57562
  0.57278
  0.56823
 
 16.06180
 13.71315
 12.74684
 11.90307
 11.15246
 10.47195
  9.85667
  9.29904
  8.79354
  8.33392
  7.91309
  7.52167
  7.14638
  6.77469
  6.39758
  5.99988
  5.55209
  4.99176
  4.21406
  3.68591
  2.99881
  2.27207
  1.27867
  0.95415
  0.64505
  0.60065
  0.57076
  0.56904
  0.56627
  0.56274
 
 16.03651
 13.71296
 12.83301
 12.05860
 11.36554
 10.73638
 10.16702
  9.65158
  9.18549
  8.76349
  8.37928
  8.02431
  7.68572
  7.35134
  7.01246
  6.65387
  6.24480
  5.71742
  4.94884
  4.40004
  3.65001
  2.80596
  1.54401
  1.11614
  0.68243
  0.61574
  0.56525
  0.56142
  0.55890
  0.55681
 
 16.00813
 13.70525
 12.87618
 12.14224
 11.48357
 10.88568
 10.34506
  9.85665
  9.41652
  9.02002
  8.66152
  8.33301
  8.02222
  7.71748
  7.41070
  7.08726
  6.71648
  6.22836
  5.48985
  4.94202
  4.16508
  3.24987
  1.78845
  1.26687
  0.72194
  0.63483
  0.56386
  0.55746
  0.55502
  0.55366
 
 15.96088
 13.69672
 12.91045
 12.20839
 11.57403
 10.99543
 10.47024
  9.99458
  9.56584
  9.18077
  8.83549
  8.52458
  8.23938
  7.96990
  7.70466
  7.42056
  7.08030
  6.61746
  5.90144
  5.36207
  4.58530
  3.63726
  2.02090
  1.40832
  0.75955
  0.65306
  0.56447
  0.55717
  0.55323
  0.55170
 
 15.92745
 13.69252
 12.93088
 12.24819
 11.62988
 11.06563
 10.55366
 10.09071
  9.67473
  9.30293
  8.97192
  8.67674
  8.40944
  8.16069
  7.91933
  7.66240
  7.35264
  6.92371
  6.24192
  5.71543
  4.93984
  3.96771
  2.23514
  1.54099
  0.79779
  0.67372
  0.56637
  0.55637
  0.55174
  0.55037
 
 15.87516
 13.69169
 12.96043
 12.30203
 11.70406
 11.15862
 10.66433
 10.21881
  9.82071
  9.46783
  9.15746
  8.88541
  8.64477
  8.42722
  8.22264
  8.00883
  7.74972
  7.38077
  6.76628
  6.27049
  5.51063
  4.51643
  2.61868
  1.79117
  0.87167
  0.71490
  0.57218
  0.55667
  0.54999
  0.54869
 
 15.84226
 13.69704
 12.98288
 12.33841
 11.75223
 11.21821
 10.73507
 10.30085
  9.91461
  9.57457
  9.27838
  9.02248
  8.80060
  8.60533
  8.42752
  8.24618
  8.02694
  7.70778
  7.15401
  6.68983
  5.95393
  4.95739
  2.95329
  2.02322
  0.94220
  0.75519
  0.57943
  0.55842
  0.54905
  0.54766
 
 15.78899
 13.71450
 13.02120
 12.39314
 11.82198
 11.30317
 10.83521
 10.41718
 10.04828
  9.72735
  9.45275
  9.22173
  9.02918
  8.86919
  8.73477
  8.60787
  8.45853
  8.23149
  7.79953
  7.40665
  6.73918
  5.77340
  3.63916
  2.53234
  1.10599
  0.85105
  0.60010
  0.56600
  0.54821
  0.54627
 
 15.71025
 13.72689
 13.04343
 12.42322
 11.85921
 11.34797
 10.88812
 10.47857
 10.11916
  9.80885
  9.54641
  9.32963
  9.15407
  9.01484
  8.90651
  8.81337
  8.70910
  8.54450
  8.20173
  7.86677
  7.26469
  6.34774
  4.17737
  2.96025
  1.25594
  0.94084
  0.62201
  0.57579
  0.54826
  0.54557
 
 15.51398
 13.74573
 13.06456
 12.44795
 11.88992
 11.38722
 10.93772
 10.54014
 10.19364
  9.89708
  9.64901
  9.44701
  9.28611
  9.16291
  9.07845
  9.03009
  9.00099
  8.92833
  8.68660
  8.42135
  7.92865
  7.12577
  4.98313
  3.64716
  1.52627
  1.10752
  0.66639
  0.59723
  0.54947
  0.54486
 
 15.29719
 13.74035
 13.07558
 12.46805
 11.91496
 11.41581
 10.96944
 10.57501
 10.23240
  9.94086
  9.69940
  9.50670
  9.35971
  9.25573
  9.19270
  9.16043
  9.14159
  9.10329
  8.95671
  8.76419
  8.35527
  7.63333
  5.57319
  4.18598
  1.76814
  1.25938
  0.70913
  0.61993
  0.55161
  0.54450
 
 15.15838
 13.73751
 13.07703
 12.47538
 11.92806
 11.43300
 10.98952
 10.59731
 10.25686
  9.96790
  9.72997
  9.54224
  9.40211
  9.30717
  9.25591
  9.23856
  9.23943
  9.23055
  9.13721
  8.98987
  8.64538
  7.99811
  6.03142
  4.62552
  1.98858
  1.40031
  0.74994
  0.64281
  0.55437
  0.54429
 
 15.06161
 13.73725
 13.07998
 12.48078
 11.93570
 11.44271
 11.00139
 10.61149
 10.27339
  9.98701
  9.75205
  9.56787
  9.43215
  9.34278
  9.29881
  9.29142
  9.30666
  9.32028
  9.26639
  9.15195
  8.85850
  8.27508
  6.39986
  4.99418
  2.19911
  1.53273
  0.78983
  0.66501
  0.55771
  0.54414
 
 14.93918
 13.73723
 13.08384
 12.48774
 11.94541
 11.45524
 11.01682
 10.62990
 10.29490
 10.01189
  9.78079
  9.60116
  9.47115
  9.38891
  9.35434
  9.35998
  9.39432
  9.43821
  9.43855
  9.37076
  9.15237
  8.66912
  6.96284
  5.58476
  2.59323
  1.77639
  0.86603
  0.70814
  0.56530
  0.54396
 
 14.86146
 13.73957
 13.08838
 12.49246
 11.95006
 11.46072
 11.02412
 10.63967
 10.30757
 10.02770
  9.79989
  9.62350
  9.49673
  9.41794
  9.38786
  9.40075
  9.44767
  9.51341
  9.54926
  9.50993
  9.34621
  8.94094
  7.37045
  6.05019
  2.93778
  1.99414
  0.93815
  0.74924
  0.57424
  0.54385
 
 14.74509
 13.74011
 13.09181
 12.49837
 11.95824
 11.47124
 11.03675
 10.65475
 10.32537
 10.04860
  9.82424
  9.65180
  9.52967
  9.45691
  9.43484
  9.45900
  9.52251
  9.61574
  9.70328
  9.71067
  9.62938
  9.35010
  8.06167
  6.86493
  3.64433
  2.48508
  1.10348
  0.84668
  0.59698
  0.54371
 
 14.67895
 13.74089
 13.09403
 12.50153
 11.96225
 11.47626
 11.04297
 10.66220
 10.33425
 10.05910
  9.83659
  9.66629
  9.54662
  9.47703
  9.45913
  9.48921
  9.56144
  9.66910
  9.78423
  9.81739
  9.78354
  9.58223
  8.49573
  7.40873
  4.19514
  2.92115
  1.25403
  0.93741
  0.62038
  0.54364
 
 14.60827
 13.74173
 13.09633
 12.50470
 11.96618
 11.48110
 11.04893
 10.66953
 10.34303
 10.06947
  9.84883
  9.68077
  9.56374
  9.49749
  9.48400
  9.52010
  9.60135
  9.72380
  9.86758
  9.92817
  9.94636
  9.83651
  9.02009
  8.10478
  5.01983
  3.61966
  1.52401
  1.10410
  0.66620
  0.54357
 
 14.57129
 13.74163
 13.09704
 12.50599
 11.96810
 11.48354
 11.05198
 10.67324
 10.34741
 10.07463
  9.85488
  9.68791
  9.57228
  9.50776
  9.49659
  9.53578
  9.62170
  9.75178
  9.91051
  9.98560
 10.03137
  9.97277
  9.32839
  8.53831
  5.62063
  4.16861
  1.76440
  1.25682
  0.70995
  0.54353
 
 14.54817
 13.74134
 13.09700
 12.50647
 11.96915
 11.48516
 11.05398
 10.67560
 10.35019
 10.07786
  9.85862
  9.69226
  9.57743
  9.51400
  9.50429
  9.54541
  9.63426
  9.76907
  9.93717
 10.02135
 10.08402
 10.05778
  9.53237
  8.83610
  6.08098
  4.61332
  2.00978
  1.39931
  0.75173
  0.54351
 
 14.53196
 13.74100
 13.09694
 12.50679
 11.96983
 11.48619
 11.05535
 10.67718
 10.35205
 10.08002
  9.86113
  9.69516
  9.58088
  9.51816
  9.50946
  9.55192
  9.64273
  9.78076
  9.95528
 10.04570
 10.11978
 10.11572
  9.67768
  9.05538
  6.45074
  4.98803
  2.25128
  1.53310
  0.79176
  0.54350
 
 14.51015
 13.74113
 13.09759
 12.50764
 11.97095
 11.48747
 11.05689
 10.67907
 10.35433
 10.08273
  9.86430
  9.69888
  9.58523
  9.52339
  9.51585
  9.55997
  9.65325
  9.79531
  9.97787
 10.07623
 10.16494
 10.18987
  9.87301
  9.35958
  7.01495
  5.59049
  2.67100
  1.83090
  0.86748
  0.54348
 
 14.49617
 13.74222
 13.09942
 12.50912
 11.97178
 11.48804
 11.05748
 10.67996
 10.35553
 10.08425
  9.86620
  9.70115
  9.58792
  9.52652
  9.51958
  9.56459
  9.65929
  9.80372
  9.99096
 10.09413
 10.19219
 10.23588
 10.00002
  9.56413
  7.43135
  6.05960
  3.02642
  2.08848
  0.93870
  0.54347
 
