  3.17376
  3.23763
  3.29490
  3.34633
  3.39181
  3.43152
  3.46609
  3.49689
  3.52580
  3.55348
  3.58039
  3.60726
  3.63565
  3.66671
  3.69955
  3.73169
  3.76056
  3.78615
  3.80814
  3.81745
  3.82650
  3.83388
  3.84223
  3.84439
  3.84606
  3.84626
  3.84643
  3.84646
  3.84648
  3.84650
 
  3.84608
  3.89675
  3.94281
  3.98555
  4.02459
  4.05950
  4.08990
  4.11548
  4.13600
  4.15156
  4.16281
  4.17090
  4.17848
  4.18797
  4.19989
  4.21461
  4.23229
  4.25206
  4.27178
  4.27985
  4.28367
  4.28270
  4.28417
  4.28597
  4.28551
  4.28527
  4.28533
  4.28528
  4.28553
  4.28536
 
  4.34009
  4.40716
  4.46131
  4.50427
  4.53606
  4.55715
  4.56883
  4.57357
  4.57463
  4.57311
  4.56986
  4.56614
  4.56422
  4.56589
  4.57039
  4.57509
  4.57776
  4.58025
  4.58471
  4.58733
  4.58877
  4.58797
  4.58437
  4.58336
  4.58258
  4.58246
  4.58236
  4.58237
  4.58236
  4.58232
 
  5.08832
  5.16691
  5.22349
  5.26081
  5.27919
  5.27997
  5.26598
  5.24212
  5.21459
  5.18527
  5.15512
  5.12564
  5.09891
  5.07665
  5.05822
  5.04102
  5.02306
  5.00653
  4.99406
  4.98877
  4.98143
  4.97321
  4.96462
  4.96241
  4.96048
  4.96023
  4.96005
  4.96004
  4.96004
  4.96001
 
  5.63381
  5.73136
  5.78781
  5.81060
  5.80625
  5.78278
  5.74476
  5.69795
  5.64931
  5.60029
  5.55074
  5.50136
  5.45369
  5.40952
  5.36925
  5.33278
  5.30004
  5.27110
  5.24427
  5.23024
  5.21550
  5.20327
  5.19079
  5.18761
  5.18502
  5.18469
  5.18444
  5.18440
  5.18438
  5.18438
 
  6.06289
  6.16796
  6.22085
  6.23138
  6.20841
  6.16287
  6.10133
  6.03188
  5.96389
  5.89790
  5.83111
  5.76304
  5.69718
  5.63697
  5.58250
  5.53237
  5.48560
  5.44347
  5.40485
  5.38485
  5.36447
  5.34841
  5.33296
  5.32903
  5.32588
  5.32549
  5.32519
  5.32514
  5.32511
  5.32513
 
  6.41358
  6.52249
  6.56889
  6.56525
  6.52318
  6.45673
  6.37397
  6.28457
  6.19935
  6.11822
  6.03656
  5.95313
  5.87256
  5.79921
  5.73286
  5.67124
  5.61269
  5.55930
  5.51052
  5.48572
  5.46090
  5.44174
  5.42365
  5.41910
  5.41544
  5.41498
  5.41464
  5.41458
  5.41457
  5.41456
 
  6.97492
  7.04929
  7.07226
  7.05255
  6.99291
  6.89886
  6.77945
  6.64817
  6.52063
  6.40077
  6.28922
  6.18648
  6.09171
  6.00410
  5.92235
  5.84264
  5.76254
  5.68672
  5.62134
  5.59242
  5.56180
  5.53589
  5.51354
  5.50812
  5.50346
  5.50290
  5.50246
  5.50238
  5.50237
  5.50236
 
  7.37937
  7.47838
  7.48063
  7.41089
  7.29352
  7.15494
  7.00578
  6.85601
  6.71627
  6.58593
  6.45995
  6.33616
  6.21845
  6.10990
  6.00993
  5.91545
  5.82421
  5.73861
  5.66054
  5.62368
  5.58790
  5.56056
  5.53348
  5.52687
  5.52161
  5.52091
  5.52040
  5.52034
  5.52030
  5.52029
 
  8.11349
  8.17386
  8.10873
  7.95763
  7.75847
  7.54941
  7.34071
  7.13863
  6.94995
  6.77423
  6.61015
  6.45557
  6.31104
  6.17593
  6.04958
  5.92941
  5.81354
  5.70390
  5.60369
  5.55783
  5.51360
  5.47957
  5.44507
  5.43668
  5.43002
  5.42914
  5.42849
  5.42841
  5.42834
  5.42832
 
  8.61134
  8.62350
  8.49248
  8.27000
  8.00338
  7.73800
  7.48296
  7.24096
  7.01483
  6.80484
  6.61187
  6.43390
  6.26955
  6.11550
  5.97097
  5.83346
  5.70126
  5.57666
  5.46260
  5.40977
  5.35857
  5.31928
  5.28044
  5.27091
  5.26332
  5.26234
  5.26160
  5.26150
  5.26143
  5.26143
 
  9.51065
  9.17651
  8.83077
  8.49795
  8.17736
  7.86850
  7.57152
  7.28668
  7.01310
  6.75274
  6.50709
  6.27556
  6.06041
  5.86154
  5.68004
  5.51750
  5.37422
  5.24473
  5.12670
  5.07589
  5.03327
  4.99830
  4.91035
  4.87402
  4.88765
  4.89445
  4.89048
  4.88820
  4.89165
  4.88960
 
  9.77433
  9.47533
  9.11896
  8.74167
  8.35019
  7.95352
  7.56321
  7.19384
  6.85855
  6.56013
  6.29654
  6.06096
  5.84742
  5.64917
  5.46292
  5.28405
  5.10983
  4.94520
  4.79735
  4.73005
  4.66249
  4.60949
  4.56480
  4.55402
  4.54496
  4.54389
  4.54302
  4.54288
  4.54284
  4.54285
 
 10.10249
  9.71166
  9.27253
  8.82558
  8.37639
  7.93283
  7.50466
  7.10385
  6.74193
  6.42018
  6.13600
  5.88111
  5.64830
  5.43133
  5.22668
  5.03122
  4.84311
  4.66556
  4.50416
  4.43067
  4.35926
  4.30539
  4.25925
  4.24829
  4.23931
  4.23826
  4.23740
  4.23726
  4.23721
  4.23721
 
 10.46557
  9.89806
  9.33327
  8.80746
  8.31668
  7.85898
  7.43250
  7.03505
  6.66602
  6.32583
  6.01409
  5.72642
  5.46144
  5.21924
  4.99749
  4.79598
  4.61187
  4.43312
  4.25080
  4.16315
  4.08714
  4.03873
  3.99157
  3.98055
  3.97155
  3.97054
  3.96968
  3.96947
  3.96964
  3.96949
 
 10.82186
 10.13669
  9.46752
  8.85376
  8.28880
  7.76910
  7.29137
  6.85153
  6.44810
  6.08175
  5.74843
  5.44219
  5.15873
  4.89728
  4.65507
  4.43091
  4.22215
  4.01895
  3.81595
  3.72085
  3.64128
  3.59324
  3.54455
  3.53216
  3.52382
  3.52306
  3.52216
  3.52196
  3.52198
  3.52188
 
 11.06809
 10.28800
  9.53741
  8.85628
  8.23572
  7.67004
  7.15449
  6.68462
  6.25743
  5.87302
  5.52509
  5.20617
  4.90996
  4.63454
  4.37790
  4.13759
  3.91109
  3.69016
  3.47161
  3.37013
  3.28584
  3.23541
  3.18443
  3.17152
  3.16325
  3.16254
  3.16162
  3.16145
  3.16139
  3.16132
 
 11.42916
 10.46934
  9.57447
  8.77788
  8.06577
  7.42716
  6.85321
  6.33937
  5.88183
  5.47416
  5.10717
  4.76997
  4.45146
  4.14665
  3.85880
  3.58802
  3.33499
  3.09380
  2.86176
  2.75251
  2.65274
  2.58444
  2.52818
  2.51604
  2.50675
  2.50569
  2.50479
  2.50467
  2.50457
  2.50454
 
 11.69655
 10.55789
  9.54089
  8.65979
  7.88971
  7.21332
  6.61535
  6.08398
  5.61163
  5.18883
  4.80574
  4.45266
  4.11942
  3.80122
  3.50186
  3.22242
  2.96072
  2.70956
  2.46425
  2.34588
  2.23422
  2.15526
  2.09479
  2.08181
  2.07136
  2.07017
  2.06921
  2.06905
  2.06900
  2.06899
 
 12.07520
 10.67706
  9.49973
  8.51063
  7.66628
  6.94095
  6.31547
  5.76646
  5.27639
  4.83522
  4.43333
  4.06221
  3.71336
  3.38216
  3.07073
  2.78235
  2.51217
  2.25052
  1.99167
  1.86513
  1.74472
  1.65773
  1.58764
  1.57211
  1.55964
  1.55820
  1.55702
  1.55684
  1.55676
  1.55677
 
 12.37855
 10.79867
  9.52019
  8.46081
  7.56936
  6.81158
  6.16643
  5.60532
  5.10341
  4.64944
  4.23509
  3.85258
  3.49411
  3.15518
  2.83667
  2.54111
  2.26636
  1.99949
  1.73427
  1.60423
  1.48042
  1.38948
  1.31071
  1.29271
  1.27847
  1.27680
  1.27540
  1.27522
  1.27508
  1.27507
 
 12.64917
 10.93258
  9.58439
  8.47303
  7.54709
  6.76592
  6.10456
  5.53188
  5.01943
  4.55472
  4.13006
  3.73827
  3.37194
  3.02655
  2.70233
  2.40096
  2.12184
  1.85186
  1.58268
  1.44990
  1.32215
  1.22631
  1.14021
  1.12010
  1.10419
  1.10232
  1.10074
  1.10053
  1.10037
  1.10030
 
 12.89248
 11.06899
  9.67058
  8.51930
  7.56627
  6.76800
  6.09363
  5.51021
  4.98802
  4.51400
  4.08063
  3.68100
  3.30784
  2.95660
  2.62713
  2.32045
  2.03609
  1.76306
  1.49006
  1.35449
  1.22243
  1.12144
  1.02869
  1.00665
  0.98914
  0.98707
  0.98533
  0.98510
  0.98493
  0.98482
 
 13.30284
 11.32802
  9.86575
  8.66124
  7.67024
  6.84845
  6.15499
  5.55402
  5.01555
  4.52665
  4.07976
  3.66778
  3.28332
  2.92154
  2.58182
  2.26442
  1.96785
  1.68465
  1.40183
  1.25986
  1.11882
  1.00778
  0.90207
  0.87618
  0.85552
  0.85306
  0.85099
  0.85073
  0.85051
  0.85041
 
 13.63261
 11.56033
 10.06270
  8.82823
  7.81579
  6.97846
  6.27141
  5.65718
  5.10628
  4.60618
  4.14918
  3.72776
  3.33401
  2.96272
  2.61288
  2.28420
  1.97438
  1.67667
  1.38128
  1.23171
  1.08099
  0.95976
  0.84061
  0.81078
  0.78692
  0.78405
  0.78165
  0.78135
  0.78108
  0.78105
 
 14.23155
 12.02431
 10.49167
  9.22892
  8.20328
  7.34632
  6.61798
  5.98167
  5.40980
  4.89006
  4.41446
  3.97490
  3.56254
  3.17132
  2.79950
  2.44551
  2.10556
  1.77133
  1.43728
  1.26586
  1.08742
  0.93818
  0.78480
  0.74534
  0.71376
  0.70991
  0.70666
  0.70627
  0.70591
  0.70596
 
 14.63542
 12.36027
 10.82735
  9.56807
  8.54921
  7.68838
  6.95096
  6.30295
  5.71858
  5.18591
  4.69705
  4.24389
  3.81747
  3.41134
  3.02304
  2.64977
  2.28617
  1.92144
  1.54618
  1.35118
  1.14202
  0.96224
  0.77487
  0.72628
  0.68720
  0.68244
  0.67849
  0.67799
  0.67756
  0.67739
 
 15.14461
 12.78286
 11.28678
 10.08353
  9.09972
  8.25127
  7.51000
  6.84941
  6.24923
  5.69906
  5.19152
  4.71939
  4.27537
  3.85301
  3.44725
  3.05110
  2.65533
  2.24582
  1.79803
  1.54947
  1.27949
  1.04145
  0.78610
  0.71959
  0.66649
  0.65960
  0.65505
  0.65458
  0.65377
  0.65207
 
 15.43908
 13.06460
 11.61278
 10.44592
  9.47732
  8.64324
  7.91462
  7.26231
  6.66330
  6.10853
  5.59309
  5.11195
  4.65953
  4.22991
  3.81639
  3.40904
  2.99332
  2.54503
  2.03409
  1.74343
  1.41981
  1.13011
  0.81013
  0.72372
  0.65595
  0.64849
  0.64333
  0.64265
  0.64186
  0.63829
 
 15.61679
 13.22939
 11.83144
 10.70836
  9.76559
  8.94859
  8.23093
  7.58516
  6.98939
  6.43530
  5.91866
  5.43509
  4.97965
  4.54661
  4.12854
  3.71394
  3.28530
  2.81215
  2.25432
  1.92663
  1.55161
  1.21481
  0.83726
  0.73328
  0.64972
  0.64048
  0.63502
  0.63444
  0.63320
  0.62867
 
 15.55289
 13.30567
 12.04136
 10.98525
 10.06204
  9.23527
  8.49405
  7.82591
  7.22199
  6.67339
  6.17122
  5.70537
  5.26344
  4.83488
  4.41301
  3.98787
  3.54172
  3.04017
  2.43924
  2.08454
  1.67900
  1.31053
  0.87060
  0.74022
  0.64471
  0.63527
  0.62872
  0.62776
  0.62694
  0.62137
 
 15.68680
 13.42764
 12.25366
 11.25607
 10.37775
  9.58541
  8.87087
  8.22325
  7.63503
  7.09834
  6.60516
  6.14610
  5.70933
  5.28428
  4.86345
  4.43517
  3.97803
  3.44948
  2.79133
  2.38885
  1.91416
  1.46945
  0.93129
  0.76781
  0.64087
  0.62723
  0.61918
  0.61837
  0.61692
  0.61093
 
 15.75215
 13.49258
 12.38802
 11.43597
 10.59427
  9.83144
  9.14102
  8.51321
  7.94139
  7.41843
  6.93683
  6.48769
  6.05941
  5.64141
  5.22565
  4.79927
  4.33831
  3.79409
  3.09673
  2.65875
  2.12966
  1.61910
  0.99242
  0.79859
  0.64084
  0.62264
  0.61236
  0.61164
  0.60971
  0.60381
 
 15.80097
 13.56073
 12.56573
 11.69527
 10.91928
 10.21246
  9.56991
  8.98372
  8.44851
  7.95820
  7.50618
  7.08414
  6.68072
  6.28508
  5.88862
  5.47692
  5.02217
  4.46605
  3.71700
  3.22344
  2.60004
  1.96574
  1.14279
  0.88115
  0.64952
  0.61933
  0.60141
  0.60058
  0.59809
  0.59317
 
 15.80068
 13.57858
 12.64885
 11.83141
 11.09930
 10.43122
  9.82324
  9.26853
  8.76235
  8.29923
  7.87306
  7.47578
  7.09609
  6.72302
  6.34784
  5.95553
  5.51648
  4.96709
  4.20125
  3.67900
  2.99723
  2.27453
  1.28593
  0.96449
  0.66406
  0.62209
  0.59512
  0.59376
  0.59111
  0.58730
 
 15.78314
 13.57850
 12.72622
 11.97212
 11.29401
 10.67548
 10.11323
  9.60172
  9.13689
  8.71401
  8.32749
  7.96967
  7.62918
  7.29502
  6.95879
  6.60550
  6.20448
  5.68723
  4.93003
  4.38713
  3.64280
  2.80358
  1.54882
  1.12433
  0.69941
  0.63544
  0.58902
  0.58586
  0.58319
  0.58096
 
 15.76501
 13.57413
 12.76560
 12.04708
 11.40014
 10.81121
 10.27715
  9.79313
  9.35556
  8.96014
  8.60163
  8.27265
  7.96191
  7.65852
  7.35470
  7.03607
  6.67224
  6.19312
  5.46544
  4.92367
  4.15312
  3.24380
  1.79162
  1.27392
  0.73750
  0.65328
  0.58715
  0.58166
  0.57901
  0.57760
 
 15.74509
 13.57186
 12.79089
 12.09512
 11.46833
 10.89885
 10.38375
  9.91864
  9.50026
  9.12458
  8.78671
  8.47953
  8.19184
  7.91301
  7.63590
  7.34698
  7.01667
  6.57470
  5.88264
  5.35124
  4.57264
  3.61980
  2.01753
  1.41390
  0.77578
  0.67272
  0.58741
  0.57937
  0.57650
  0.57552
 
 15.70274
 13.56819
 12.81753
 12.14368
 11.53280
 10.97517
 10.46893
 10.01089
  9.59905
  9.23069
  8.90252
  8.60977
  8.34474
  8.09834
  7.85966
  7.60608
  7.30097
  6.87920
  6.20840
  5.68874
  4.92037
  3.95544
  2.23589
  1.54681
  0.81108
  0.69027
  0.58885
  0.58003
  0.57562
  0.57411
 
 15.65804
 13.57021
 12.84677
 12.19454
 11.60193
 11.06143
 10.57186
 10.13096
  9.73750
  9.38929
  9.08340
  8.81553
  8.57831
  8.36325
  8.16048
  7.94845
  7.69211
  7.32862
  6.72460
  6.23646
  5.48581
  4.50038
  2.61658
  1.79585
  0.88346
  0.73001
  0.59386
  0.57993
  0.57370
  0.57232
 
 15.62861
 13.57631
 12.86888
 12.22965
 11.64820
 11.11872
 10.63985
 10.21006
  9.82845
  9.49318
  9.20176
  8.95031
  8.73206
  8.53930
  8.36308
  8.18302
  7.96569
  7.65086
  7.10644
  6.64985
  5.92416
  4.93788
  2.94885
  2.02612
  0.95280
  0.76923
  0.60039
  0.58123
  0.57266
  0.57122
 
 15.57744
 13.59289
 12.90637
 12.28398
 11.71769
 11.20357
 10.73997
 10.32605
  9.96116
  9.64409
  9.37315
  9.14552
  8.95591
  8.79829
  8.66574
  8.54039
  8.39267
  8.16843
  7.74281
  7.35619
  6.69918
  5.74624
  3.63016
  2.53020
  1.11439
  0.86318
  0.61956
  0.58774
  0.57166
  0.56974
 
 15.50057
 13.60318
 12.92722
 12.31340
 11.75494
 11.24891
 10.79353
 10.38838
 10.03307
  9.72665
  9.46771
  9.25389
  9.08037
  8.94206
  8.83390
  8.74103
  8.63776
  8.47444
  8.13531
  7.80738
  7.22256
  6.32747
  4.16407
  2.94338
  1.26306
  0.95459
  0.64096
  0.59493
  0.57182
  0.56900
 
 15.31627
 13.62093
 12.94777
 12.33815
 11.78593
 11.28841
 10.84348
 10.44974
 10.10644
  9.81255
  9.56667
  9.36648
  9.20719
  9.08550
  9.00258
  8.95584
  8.92845
  8.85768
  8.61901
  8.35742
  7.87284
  7.08236
  4.96277
  3.63662
  1.53130
  1.11656
  0.68291
  0.61634
  0.57257
  0.56825
 
 15.11339
 13.61272
 12.95507
 12.35618
 11.81125
 11.31830
 10.87634
 10.48492
 10.14425
  9.85419
  9.61406
  9.42291
  9.27787
  9.17631
  9.11593
  9.08579
  9.06790
  9.02947
  8.88538
  8.69738
  8.29361
  7.58056
  5.54923
  4.17187
  1.77283
  1.26679
  0.72379
  0.63827
  0.57430
  0.56787
 
 14.98210
 13.61463
 12.96085
 12.36375
 11.82015
 11.32924
 10.89023
 10.50283
 10.16725
  9.88272
  9.64769
  9.46093
  9.32104
  9.22663
  9.17617
  9.15977
  9.16222
  9.15792
  9.06717
  8.91598
  8.57276
  7.94662
  6.02451
  4.60320
  1.98302
  1.40532
  0.76523
  0.65916
  0.57955
  0.56765
 
 14.89069
 13.61491
 12.96444
 12.36944
 11.82765
 11.33846
 10.90128
 10.51582
 10.18220
  9.90010
  9.66855
  9.48651
  9.35178
  9.26251
  9.21813
  9.21083
  9.22778
  9.24492
  9.19335
  9.07866
  8.79007
  8.21624
  6.36199
  4.97851
  2.20106
  1.53784
  0.80337
  0.68070
  0.58014
  0.56749
 
 14.77664
 13.61563
 12.96863
 12.37637
 11.83708
 11.35036
 10.91593
 10.53332
 10.20287
  9.92419
  9.69653
  9.51898
  9.38982
  9.30754
  9.27236
  9.27780
  9.31346
  9.36051
  9.36264
  9.29420
  9.08055
  8.60545
  6.91504
  5.56593
  2.59275
  1.77917
  0.87804
  0.72253
  0.58718
  0.56730
 
 14.70511
 13.61650
 12.97153
 12.38082
 11.84302
 11.35800
 10.92526
 10.54443
 10.21580
  9.93902
  9.71367
  9.53894
  9.41329
  9.33534
  9.30584
  9.31919
  9.36654
  9.43272
  9.47012
  9.43280
  9.27195
  8.87127
  7.32275
  6.02057
  2.93411
  1.99753
  0.94873
  0.76293
  0.59500
  0.56718
 
 14.59655
 13.61799
 12.97562
 12.38702
 11.85125
 11.36843
 10.93805
 10.55966
 10.23335
  9.95910
  9.73684
  9.56611
  9.44525
  9.37331
  9.35162
  9.37587
  9.43944
  9.53259
  9.62082
  9.62973
  9.55115
  9.27573
  8.00338
  6.82438
  3.63535
  2.48559
  1.11203
  0.85850
  0.61630
  0.56703
 
 14.53556
 13.61620
 12.97521
 12.38952
 11.85679
 11.37606
 10.94657
 10.56864
 10.24260
  9.96876
  9.74741
  9.57843
  9.46025
  9.39224
  9.37592
  9.40698
  9.47893
  9.58348
  9.69812
  9.73596
  9.70304
  9.50280
  8.44168
  7.34903
  4.17754
  2.92410
  1.26222
  0.94724
  0.63785
  0.56695
 
 14.46880
 13.61617
 12.97679
 12.39234
 11.86064
 11.38091
 10.95261
 10.57578
 10.25107
  9.97880
  9.75927
  9.59245
  9.47680
  9.41201
  9.39996
  9.43706
  9.51813
  9.63707
  9.77916
  9.84404
  9.86316
  9.75431
  8.95903
  8.03578
  4.99337
  3.61864
  1.53155
  1.11115
  0.68198
  0.56688
 
 14.43304
 13.61838
 12.97978
 12.39401
 11.86082
 11.38059
 10.95290
 10.57755
 10.25468
  9.98437
  9.76660
  9.60110
  9.48649
  9.42258
  9.41161
  9.45060
  9.53607
  9.66550
  9.82348
  9.89850
  9.94552
  9.88996
  9.25452
  8.47606
  5.59587
  4.15382
  1.76847
  1.26448
  0.72489
  0.56684
 
 14.41148
 13.61820
 12.97983
 12.39437
 11.86165
 11.38188
 10.95455
 10.57954
 10.25716
  9.98740
  9.77019
  9.60528
  9.49144
  9.42860
  9.41907
  9.45998
  9.54821
  9.68225
  9.84949
  9.93336
  9.99680
  9.97330
  9.45658
  8.77019
  6.05215
  4.59473
  2.01180
  1.40602
  0.76560
  0.56682
 
 14.39621
 13.61807
 12.97987
 12.39468
 11.86231
 11.38279
 10.95571
 10.58098
 10.25887
  9.98943
  9.77258
  9.60807
  9.49477
  9.43265
  9.42409
  9.46628
  9.55637
  9.69356
  9.86713
  9.95710
 10.03157
 10.02997
  9.60063
  8.98666
  6.41824
  4.96615
  2.24987
  1.53903
  0.80475
  0.56680
 
 14.37584
 13.61791
 12.98012
 12.39542
 11.86341
 11.38425
 10.95751
 10.58314
 10.26127
  9.99205
  9.77556
  9.61162
  9.49904
  9.43778
  9.43034
  9.47408
  9.56657
  9.70762
  9.88904
  9.98686
 10.07554
 10.10216
  9.79294
  9.28696
  6.97585
  5.56289
  2.66446
  1.83277
  0.87909
  0.56678
 
 14.36317
 13.61561
 12.97874
 12.39609
 11.86613
 11.38800
 10.96139
 10.58636
 10.26349
  9.99327
  9.77612
  9.61217
  9.50019
  9.44016
  9.43450
  9.48034
  9.57445
  9.71488
  9.89907
 10.00520
 10.10370
 10.14607
  9.91986
  9.48531
  7.37836
  6.03405
  3.02025
  2.08362
  0.94950
  0.56677
 
