  3.03813
  3.10233
  3.16008
  3.21210
  3.25826
  3.29877
  3.33428
  3.36623
  3.39659
  3.42600
  3.45492
  3.48403
  3.51482
  3.54836
  3.58390
  3.61916
  3.65165
  3.68069
  3.70512
  3.71533
  3.72564
  3.73457
  3.74507
  3.74786
  3.75006
  3.75032
  3.75056
  3.75059
  3.75062
  3.75063
 
  3.70187
  3.75191
  3.79779
  3.84074
  3.88041
  3.91642
  3.94841
  3.97609
  3.99926
  4.01801
  4.03293
  4.04509
  4.05699
  4.07087
  4.08725
  4.10651
  4.12879
  4.15325
  4.17771
  4.18810
  4.19416
  4.19486
  4.19808
  4.20031
  4.20024
  4.20005
  4.20015
  4.20011
  4.20035
  4.20018
 
  4.20987
  4.25852
  4.30122
  4.33963
  4.37330
  4.40178
  4.42467
  4.44162
  4.45248
  4.45739
  4.45728
  4.45366
  4.44977
  4.44858
  4.45092
  4.45751
  4.46889
  4.48445
  4.50214
  4.50947
  4.51097
  4.50646
  4.50527
  4.50705
  4.50582
  4.50540
  4.50545
  4.50540
  4.50568
  4.50548
 
  4.94821
  5.02205
  5.07603
  5.11278
  5.13257
  5.13651
  5.12705
  5.10845
  5.08619
  5.06195
  5.03675
  5.01208
  4.99018
  4.97290
  4.95972
  4.94821
  4.93647
  4.92646
  4.92037
  4.91806
  4.91338
  4.90695
  4.90031
  4.89860
  4.89702
  4.89681
  4.89666
  4.89665
  4.89665
  4.89662
 
  5.49633
  5.59070
  5.64603
  5.66959
  5.66778
  5.64846
  5.61571
  5.57462
  5.53139
  5.48750
  5.44316
  5.39922
  5.35711
  5.31842
  5.28360
  5.25253
  5.22528
  5.20241
  5.18194
  5.17061
  5.15837
  5.14808
  5.13771
  5.13502
  5.13284
  5.13256
  5.13235
  5.13231
  5.13229
  5.13228
 
  5.93348
  6.02086
  6.07284
  6.09410
  6.08582
  6.05106
  5.99535
  5.92762
  5.85860
  5.79125
  5.72644
  5.66546
  5.60909
  5.55819
  5.51207
  5.46812
  5.42452
  5.38418
  5.35074
  5.33594
  5.31855
  5.30244
  5.28964
  5.28652
  5.28365
  5.28331
  5.28306
  5.28299
  5.28301
  5.28299
 
  6.28858
  6.37642
  6.42288
  6.43380
  6.41083
  6.35788
  6.28181
  6.19331
  6.10510
  6.02055
  5.94042
  5.86575
  5.79662
  5.73330
  5.67497
  5.61870
  5.56258
  5.51013
  5.46580
  5.44616
  5.42418
  5.40473
  5.38928
  5.38556
  5.38221
  5.38180
  5.38149
  5.38143
  5.38144
  5.38142
 
  6.84522
  6.92391
  6.95249
  6.93912
  6.88644
  6.79981
  6.68806
  6.56446
  6.44440
  6.33178
  6.22711
  6.13080
  6.04185
  5.95937
  5.88210
  5.80643
  5.73014
  5.65795
  5.59613
  5.56893
  5.54007
  5.51567
  5.49524
  5.49034
  5.48608
  5.48556
  5.48516
  5.48509
  5.48508
  5.48508
 
  7.27031
  7.33134
  7.33658
  7.29657
  7.21482
  7.09776
  6.95559
  6.80317
  6.65747
  6.52247
  6.39860
  6.28560
  6.18165
  6.08480
  5.99339
  5.90310
  5.81125
  5.72380
  5.64858
  5.61572
  5.58181
  5.55374
  5.52883
  5.52282
  5.51778
  5.51717
  5.51668
  5.51661
  5.51658
  5.51656
 
  7.99376
  8.05812
  8.00452
  7.86906
  7.68600
  7.49029
  7.29244
  7.09989
  6.92066
  6.75425
  6.59861
  6.45123
  6.31285
  6.18306
  6.06119
  5.94461
  5.83134
  5.72326
  5.62381
  5.57832
  5.53462
  5.50116
  5.46733
  5.45912
  5.45262
  5.45176
  5.45114
  5.45105
  5.45099
  5.45099
 
  8.49960
  8.51213
  8.39427
  8.19198
  7.94607
  7.69646
  7.45289
  7.22021
  7.00357
  6.80332
  6.61944
  6.44943
  6.29191
  6.14370
  6.00406
  5.87055
  5.74142
  5.61842
  5.50448
  5.45159
  5.40033
  5.36097
  5.32205
  5.31251
  5.30491
  5.30393
  5.30320
  5.30310
  5.30304
  5.30302
 
  9.21719
  9.03930
  8.79826
  8.52325
  8.22118
  7.90146
  7.57667
  7.26299
  6.97594
  6.71942
  6.49212
  6.28942
  6.10687
  5.93807
  5.77980
  5.62572
  5.47180
  5.32469
  5.19311
  5.13304
  5.07125
  5.02108
  4.97761
  4.96697
  4.95796
  4.95689
  4.95605
  4.95590
  4.95587
  4.95586
 
  9.67142
  9.39089
  9.05332
  8.69363
  8.31851
  7.93677
  7.55988
  7.20238
  6.87753
  6.58828
  6.33282
  6.10481
  5.89868
  5.70794
  5.52917
  5.35711
  5.18836
  5.02771
  4.88187
  4.81461
  4.74644
  4.69237
  4.64633
  4.63516
  4.62574
  4.62463
  4.62374
  4.62358
  4.62355
  4.62354
 
 10.00280
  9.63358
  9.21514
  8.78656
  8.35355
  7.92413
  7.50823
  7.11812
  6.76572
  6.45253
  6.17613
  5.92867
  5.70331
  5.49393
  5.29695
  5.10870
  4.92680
  4.75426
  4.59622
  4.52349
  4.45197
  4.39719
  4.34965
  4.33824
  4.32887
  4.32777
  4.32687
  4.32673
  4.32667
  4.32665
 
 10.25890
  9.81219
  9.32477
  8.83880
  8.35862
  7.89124
  7.44503
  7.02975
  6.65615
  6.32486
  6.03211
  5.76909
  5.52756
  5.30194
  5.08867
  4.88575
  4.69195
  4.50868
  4.33993
  4.26280
  4.18958
  4.13562
  4.08707
  4.07557
  4.06645
  4.06538
  4.06446
  4.06435
  4.06427
  4.06425
 
 10.73052
 10.06972
  9.42267
  8.82772
  8.27874
  7.77256
  7.30623
  6.87605
  6.48079
  6.12119
  5.79360
  5.49267
  5.21455
  4.95870
  4.72267
  4.50539
  4.30415
  4.10855
  3.91230
  3.81986
  3.74185
  3.69393
  3.64456
  3.63177
  3.62311
  3.62232
  3.62136
  3.62116
  3.62120
  3.62109
 
 10.98142
 10.22668
  9.49846
  8.83596
  8.23089
  7.67802
  7.17302
  6.71185
  6.29179
  5.91305
  5.56983
  5.25525
  4.96353
  4.69302
  4.44191
  4.20797
  3.98871
  3.77551
  3.56458
  3.46652
  3.38471
  3.33523
  3.28413
  3.27082
  3.26237
  3.26165
  3.26068
  3.26051
  3.26046
  3.26039
 
 11.36960
 10.43490
  9.55964
  8.77742
  8.07548
  7.44376
  6.87415
  6.36264
  5.90588
  5.49830
  5.13202
  4.79774
  4.48646
  4.19374
  3.92039
  3.66224
  3.41639
  3.17645
  2.94081
  2.83072
  2.73630
  2.67643
  2.61973
  2.60739
  2.59801
  2.59695
  2.59611
  2.59600
  2.59584
  2.59584
 
 11.62700
 10.51948
  9.52483
  8.65914
  7.89952
  7.23013
  6.63699
  6.10939
  5.64052
  5.22117
  4.84167
  4.49228
  4.16274
  3.84801
  3.55185
  3.27566
  3.01777
  2.77160
  2.53307
  2.41869
  2.31087
  2.23461
  2.17585
  2.16313
  2.15289
  2.15172
  2.15079
  2.15063
  2.15057
  2.15056
 
 12.02239
 10.64852
  9.48719
  8.50963
  7.67393
  6.95514
  6.33451
  5.78933
  5.30242
  4.86394
  4.46453
  4.09583
  3.74935
  3.42047
  3.11119
  2.82474
  2.55673
  2.29826
  2.04432
  1.92099
  1.80419
  1.72031
  1.65283
  1.63788
  1.62591
  1.62453
  1.62340
  1.62323
  1.62315
  1.62315
 
 12.32391
 10.76886
  9.50521
  8.45683
  7.57390
  6.82285
  6.18270
  5.62535
  5.12633
  4.67465
  4.26225
  3.88151
  3.52480
  3.18764
  2.87081
  2.57674
  2.30341
  2.03870
  1.77704
  1.64950
  1.52887
  1.44109
  1.36545
  1.34825
  1.33470
  1.33312
  1.33179
  1.33162
  1.33149
  1.33147
 
 12.58097
 10.89521
  9.56415
  8.46541
  7.54880
  6.77470
  6.11835
  5.54919
  5.03936
  4.57664
  4.15364
  3.76333
  3.39847
  3.05461
  2.73191
  2.43191
  2.15398
  1.88562
  1.61908
  1.48825
  1.36322
  1.27036
  1.18779
  1.16867
  1.15359
  1.15182
  1.15033
  1.15013
  1.14999
  1.14992
 
 12.80781
 11.02286
  9.64495
  8.50843
  7.56576
  6.77475
  6.10523
  5.52502
  5.00517
  4.53296
  4.10111
  3.70284
  3.33106
  2.98126
  2.65325
  2.34794
  2.06477
  1.79306
  1.52210
  1.38810
  1.25841
  1.16024
  1.07133
  1.05041
  1.03383
  1.03188
  1.03023
  1.03001
  1.02985
  1.02976
 
 13.19227
 11.26894
  9.83255
  8.64603
  7.66672
  6.85211
  6.16290
  5.56452
  5.02798
  4.54074
  4.09535
  3.68481
  3.30177
  2.94145
  2.60318
  2.28718
  1.99191
  1.70979
  1.42843
  1.28768
  1.14873
  1.04040
  0.93890
  0.91430
  0.89467
  0.89233
  0.89037
  0.89012
  0.88992
  0.88983
 
 13.50836
 11.49517
 10.02593
  8.81071
  7.81015
  6.97956
  6.27614
  5.66402
  5.11485
  4.61645
  4.16112
  3.74135
  3.34921
  2.97944
  2.63108
  2.30382
  1.99535
  1.69877
  1.40464
  1.25624
  1.10761
  0.98919
  0.87448
  0.84600
  0.82323
  0.82050
  0.81821
  0.81792
  0.81768
  0.81763
 
 14.09953
 11.95464
 10.44923
  9.20476
  8.18977
  7.33920
  6.61459
  5.98080
  5.41123
  4.89379
  4.42046
  3.98301
  3.57249
  3.18281
  2.81241
  2.45995
  2.12172
  1.78899
  1.45606
  1.28564
  1.10935
  0.96316
  0.81477
  0.77685
  0.74651
  0.74282
  0.73971
  0.73934
  0.73898
  0.73902
 
 14.50692
 12.28835
 10.77734
  9.53368
  8.52456
  7.67107
  6.93923
  6.29572
  5.71512
  5.18566
  4.69951
  4.24857
  3.82387
  3.41906
  3.03203
  2.66057
  2.29934
  1.93651
  1.56218
  1.36780
  1.16059
  0.98396
  0.80226
  0.75549
  0.71786
  0.71330
  0.70949
  0.70900
  0.70861
  0.70846
 
 15.03040
 12.68604
 11.19930
 10.01612
  9.05396
  8.22337
  7.49454
  6.84031
  6.24022
  5.68788
  5.18146
  4.71523
  4.27768
  3.85936
  3.45456
  3.05560
  2.65654
  2.25474
  1.81632
  1.56367
  1.29148
  1.05598
  0.80969
  0.74655
  0.69444
  0.68792
  0.68349
  0.68276
  0.68252
  0.68084
 
 15.08274
 12.93538
 11.59093
 10.46902
  9.50392
  8.64915
  7.89003
  7.21208
  6.60449
  6.05679
  5.55866
  5.09875
  4.66354
  4.24243
  3.83019
  3.41965
  2.99864
  2.54443
  2.03106
  1.74418
  1.43149
  1.15335
  0.83393
  0.74351
  0.68183
  0.67606
  0.67023
  0.66914
  0.66934
  0.66577
 
 15.24076
 13.08243
 11.79261
 10.71698
  9.78102
  8.94646
  8.20084
  7.53113
  6.92770
  6.38110
  5.88192
  5.41960
  4.98134
  4.55662
  4.13943
  3.72105
  3.28628
  2.80609
  2.24528
  1.92234
  1.56100
  1.23806
  0.86005
  0.75083
  0.67437
  0.66713
  0.66090
  0.65984
  0.65985
  0.65529
 
 15.34323
 13.17800
 11.94072
 10.90284
  9.99363
  9.17854
  8.44709
  7.78730
  7.19050
  6.64800
  6.15105
  5.68967
  5.25155
  4.82623
  4.40711
  3.98427
  3.54007
  3.04022
  2.44128
  2.08816
  1.68523
  1.32024
  0.88821
  0.76121
  0.66941
  0.66042
  0.65375
  0.65278
  0.65252
  0.64737
 
 15.46063
 13.28995
 12.14256
 11.16393
 10.30035
  9.52030
  8.81603
  8.17711
  7.59625
  7.06583
  6.57798
  6.12353
  5.69077
  5.26930
  4.85167
  4.42621
  3.97161
  3.44532
  2.78966
  2.38908
  1.91743
  1.47681
  0.94701
  0.78703
  0.66435
  0.65134
  0.64335
  0.64255
  0.64174
  0.63611
 
 15.51848
 13.35053
 12.27163
 11.33856
 10.51153
  9.76104
  9.08091
  8.46176
  7.89725
  7.38048
  6.90416
  6.45957
  6.03539
  5.62115
  5.20888
  4.78578
  4.32788
  3.78653
  3.09229
  2.65650
  2.13080
  1.62485
  1.00679
  0.81651
  0.66338
  0.64598
  0.63604
  0.63536
  0.63408
  0.62846
 
 15.56642
 13.41982
 12.44702
 11.59346
 10.83089
 10.13536
  9.50227
  8.92407
  8.39559
  7.91097
  7.46383
  7.04606
  6.64663
  6.25491
  5.86236
  5.45460
  5.00390
  4.45196
  3.70760
  3.21702
  2.59769
  1.96867
  1.15477
  0.89664
  0.67024
  0.64124
  0.62452
  0.62386
  0.62182
  0.61707
 
 15.57268
 13.44363
 12.53277
 11.72990
 11.00942
 10.35134
  9.75178
  9.20422
  8.70412
  8.24619
  7.82449
  7.43121
  7.05532
  6.68609
  6.31487
  5.92678
  5.49232
  4.94807
  4.18828
  3.66973
  2.99261
  2.27550
  1.29617
  0.97813
  0.68337
  0.64292
  0.61797
  0.61693
  0.61448
  0.61079
 
 15.56650
 13.45353
 12.61560
 11.87278
 11.20370
 10.59320
 10.03777
  9.53217
  9.07245
  8.65403
  8.27143
  7.91718
  7.58014
  7.24953
  6.91707
  6.56800
  6.17194
  5.66082
  4.91149
  4.37336
  3.63460
  2.80139
  1.55636
  1.13515
  0.71662
  0.65469
  0.61154
  0.60894
  0.60615
  0.60404
 
 15.55425
 13.45410
 12.65758
 11.94850
 11.30947
 10.72742
 10.19932
  9.72057
  9.28761
  8.89624
  8.54135
  8.21568
  7.90812
  7.60798
  7.30762
  6.99294
  6.63391
  6.16109
  5.44204
  4.90570
  4.14145
  3.23860
  1.79665
  1.28260
  0.75316
  0.67133
  0.60933
  0.60461
  0.60171
  0.60046
 
 15.52866
 13.45337
 12.68905
 12.00533
 11.38728
 10.82375
 10.31179
  9.84737
  9.42731
  9.04861
  8.70802
  8.40086
  8.11976
  7.85558
  7.59649
  7.31857
  6.98573
  6.53911
  5.84832
  5.32000
  4.55431
  3.61932
  2.02678
  1.41775
  0.78806
  0.69032
  0.60963
  0.60217
  0.59952
  0.59825
 
 15.49750
 13.45154
 12.71074
 12.04480
 11.44054
 10.88886
 10.38783
  9.93458
  9.52708
  9.16266
  8.83807
  8.54855
  8.28640
  8.04258
  7.80634
  7.55534
  7.25365
  6.83782
  6.17720
  5.66416
  4.90275
  3.94466
  2.23689
  1.55235
  0.82424
  0.70656
  0.61045
  0.60255
  0.59824
  0.59676
 
 15.45238
 13.45381
 12.74091
 12.09648
 11.50991
 10.97443
 10.48895
 10.05172
  9.66194
  9.31742
  9.01520
  8.75078
  8.51664
  8.30416
  8.10374
  7.89433
  7.64147
  7.28277
  6.68619
  6.20394
  5.46210
  4.48637
  2.61478
  1.79893
  0.89503
  0.74497
  0.61480
  0.60215
  0.59614
  0.59486
 
 15.42470
 13.45995
 12.76242
 12.13058
 11.55497
 11.03018
 10.55527
 10.12900
  9.75092
  9.41921
  9.13128
  8.88317
  8.66793
  8.47770
  8.30378
  8.12630
  7.91229
  7.60150
  7.06300
  6.61185
  5.89571
  4.92059
  2.94492
  2.02758
  0.96321
  0.78314
  0.62069
  0.60311
  0.59499
  0.59369
 
 15.37968
 13.47624
 12.79705
 12.18108
 11.62038
 11.11126
 10.65230
 10.24245
  9.88132
  9.56761
  9.29970
  9.07481
  8.88768
  8.73235
  8.60199
  8.47894
  8.33378
  8.11257
  7.69176
  7.31002
  6.66229
  5.72120
  3.62219
  2.52928
  1.12284
  0.87517
  0.63851
  0.60873
  0.59384
  0.59212
 
 15.30942
 13.48631
 12.81624
 12.20801
 11.65494
 11.15408
 10.70380
 10.30322
  9.95185
  9.64878
  9.39265
  9.18120
  9.00978
  8.87347
  8.76721
  8.67625
  8.57505
  8.41436
  8.07980
  7.75639
  7.17998
  6.29675
  4.15300
  2.93932
  1.27031
  0.96572
  0.65891
  0.61478
  0.59391
  0.59134
 
 15.11433
 13.49417
 12.83545
 12.23642
 11.69175
 11.19922
 10.75741
 10.36566
 10.02389
  9.73165
  9.48792
  9.29113
  9.13760
  9.02377
  8.94668
  8.89475
  8.84756
  8.76460
  8.54722
  8.30540
  7.83196
  7.05124
  4.95402
  3.61517
  1.53571
  1.12796
  0.69961
  0.63372
  0.59524
  0.59054
 
 14.94476
 13.49622
 12.84434
 12.25073
 11.71075
 11.22246
 10.78475
 10.39719
 10.05982
  9.77261
  9.53487
  9.34570
  9.20239
  9.10237
  9.04339
  9.01455
  8.99802
  8.96170
  8.82160
  8.63682
  8.23791
  7.53321
  5.52601
  4.15955
  1.77685
  1.27438
  0.73866
  0.65591
  0.59599
  0.59014
 
 14.81889
 13.49867
 12.85145
 12.25946
 11.72035
 11.23357
 10.79837
 10.41433
 10.08123
  9.79889
  9.56649
  9.38300
  9.24576
  9.15253
  9.10223
  9.08618
  9.09003
  9.08689
  9.00007
  8.85539
  8.51987
  7.89087
  5.97184
  4.59424
  1.99426
  1.41351
  0.77833
  0.67593
  0.59853
  0.58990
 
 14.73244
 13.49918
 12.85530
 12.26515
 11.72741
 11.24214
 10.80884
 10.42696
 10.09642
  9.81698
  9.58769
  9.40756
  9.27438
  9.18637
  9.14300
  9.13662
  9.15463
  9.17359
  9.12536
  9.01311
  8.72798
  8.16096
  6.33023
  4.95858
  2.20274
  1.54375
  0.81642
  0.69650
  0.60135
  0.58974
 
 14.62466
 13.49975
 12.85944
 12.27197
 11.73658
 11.25374
 10.82294
 10.44392
 10.11650
  9.84040
  9.61492
  9.43919
  9.31140
  9.23018
  9.19576
  9.20189
  9.23838
  9.28682
  9.29157
  9.22526
  9.01487
  8.54577
  6.87705
  5.54134
  2.59157
  1.78371
  0.88968
  0.73703
  0.60783
  0.58953
 
 14.55767
 13.50014
 12.86150
 12.27574
 11.74223
 11.26115
 10.83211
 10.45479
 10.12910
  9.85486
  9.63161
  9.45862
  9.33422
  9.25725
  9.22839
  9.24221
  9.29017
  9.35730
  9.39670
  9.36139
  9.20384
  8.80873
  7.28002
  5.99260
  2.93071
  2.00099
  0.95926
  0.77641
  0.61510
  0.58941
 
 14.45656
 13.50038
 12.86385
 12.28065
 11.74994
 11.27152
 10.84481
 10.46967
 10.14620
  9.87437
  9.65414
  9.48502
  9.36531
  9.29414
  9.27290
  9.29736
  9.36114
  9.45452
  9.54369
  9.55427
  9.47907
  9.20862
  7.95229
  6.78934
  3.62731
  2.48617
  1.12052
  0.87014
  0.63516
  0.58925
 
 14.39893
 13.50041
 12.86481
 12.28292
 11.75341
 11.27617
 10.85073
 10.47709
 10.15541
  9.88536
  9.66628
  9.49781
  9.37978
  9.31258
  9.29705
  9.32716
  9.39624
  9.50163
  9.62578
  9.66719
  9.62494
  9.40047
  8.38526
  7.39416
  4.14230
  2.88191
  1.27004
  0.96709
  0.65714
  0.58916
 
 14.33606
 13.50060
 12.86658
 12.28559
 11.75709
 11.28083
 10.85647
 10.48390
 10.16355
  9.89505
  9.67774
  9.51136
  9.39584
  9.33182
  9.32050
  9.35645
  9.43415
  9.55322
  9.70453
  9.77343
  9.78352
  9.64495
  8.88385
  8.08573
  4.95603
  3.55853
  1.53605
  1.13385
  0.69777
  0.58908
 
 14.30266
 13.50084
 12.86776
 12.28733
 11.75904
 11.28317
 10.85910
 10.48682
 10.16669
  9.89871
  9.68286
  9.51884
  9.40528
  9.34200
  9.33122
  9.37001
  9.45496
  9.58373
  9.74121
  9.81632
  9.86475
  9.81257
  9.18700
  8.41900
  5.57342
  4.14037
  1.77248
  1.27202
  0.73962
  0.58904
 
 14.28249
 13.50096
 12.86810
 12.28788
 11.75995
 11.28424
 10.86053
 10.48873
 10.16911
  9.90173
  9.68642
  9.52293
  9.41006
  9.34781
  9.33845
  9.37911
  9.46670
  9.59993
  9.76645
  9.85032
  9.91474
  9.89398
  9.38679
  8.71056
  6.02597
  4.57775
  2.01378
  1.41268
  0.77928
  0.58902
 
 14.26833
 13.50104
 12.86833
 12.28838
 11.76050
 11.28513
 10.86166
 10.49012
 10.17084
  9.90378
  9.68881
  9.52567
  9.41329
  9.35171
  9.34331
  9.38521
  9.47461
  9.61083
  9.78356
  9.87344
  9.94860
  9.94927
  9.52934
  8.92533
  6.38868
  4.94600
  2.24880
  1.54495
  0.81756
  0.58900
 
 14.24905
 13.50129
 12.86907
 12.28930
 11.76168
 11.28657
 10.86344
 10.49218
 10.17315
  9.90634
  9.69173
  9.52913
  9.41742
  9.35665
  9.34931
  9.39275
  9.48447
  9.62446
  9.80481
  9.90232
  9.99124
 10.01948
  9.71891
  9.22206
  6.94022
  5.53748
  2.65879
  1.83494
  0.89054
  0.58898
 
 14.23719
 13.49899
 12.86769
 12.28997
 11.76448
 11.29040
 10.86730
 10.49539
 10.17526
  9.90733
  9.69203
  9.52953
  9.41852
  9.35897
  9.35334
  9.39881
  9.49225
  9.63161
  9.81445
  9.91996
 10.01837
 10.06207
  9.84271
  9.41508
  7.33668
  6.00438
  3.01149
  2.08264
  0.95994
  0.58897
 
