  2.91598
  2.97910
  3.03627
  3.08817
  3.13469
  3.17596
  3.21261
  3.24593
  3.27776
  3.30873
  3.33925
  3.37003
  3.40254
  3.43789
  3.47539
  3.51293
  3.54809
  3.57985
  3.60671
  3.61808
  3.62985
  3.64028
  3.65243
  3.65566
  3.65824
  3.65856
  3.65884
  3.65887
  3.65890
  3.65890
 
  3.56650
  3.61635
  3.66243
  3.70589
  3.74643
  3.78368
  3.81731
  3.84703
  3.87266
  3.89428
  3.91243
  3.92812
  3.94365
  3.96117
  3.98117
  4.00401
  4.02991
  4.05822
  4.08700
  4.09975
  4.10823
  4.11086
  4.11568
  4.11810
  4.11839
  4.11826
  4.11838
  4.11835
  4.11857
  4.11842
 
  4.07012
  4.11874
  4.16187
  4.20109
  4.23598
  4.26614
  4.29115
  4.31071
  4.32467
  4.33316
  4.33703
  4.33772
  4.33826
  4.34151
  4.34825
  4.35922
  4.37502
  4.39526
  4.41814
  4.42825
  4.43256
  4.43021
  4.43062
  4.43252
  4.43164
  4.43128
  4.43135
  4.43130
  4.43156
  4.43136
 
  4.80928
  4.88229
  4.93651
  4.97443
  4.99626
  5.00309
  4.99719
  4.98267
  4.96468
  4.94489
  4.92424
  4.90417
  4.88682
  4.87403
  4.86540
  4.85887
  4.85277
  4.84870
  4.84843
  4.84894
  4.84708
  4.84278
  4.83772
  4.83632
  4.83502
  4.83485
  4.83471
  4.83469
  4.83469
  4.83468
 
  5.35644
  5.45575
  5.51376
  5.53847
  5.53785
  5.52123
  5.49266
  5.45663
  5.41860
  5.37984
  5.34050
  5.30138
  5.26401
  5.23009
  5.20012
  5.17417
  5.15238
  5.13512
  5.12031
  5.11182
  5.10229
  5.09390
  5.08513
  5.08278
  5.08087
  5.08062
  5.08043
  5.08040
  5.08038
  5.08038
 
  5.78592
  5.90417
  5.96327
  5.97551
  5.95464
  5.91628
  5.86629
  5.81031
  5.75483
  5.70007
  5.64384
  5.58614
  5.53062
  5.48078
  5.43665
  5.39663
  5.35975
  5.32817
  5.30073
  5.28577
  5.27016
  5.25772
  5.24601
  5.24296
  5.24051
  5.24020
  5.23996
  5.23991
  5.23990
  5.23991
 
  6.15445
  6.24763
  6.29952
  6.31557
  6.29745
  6.24912
  6.17757
  6.09376
  6.01069
  5.93175
  5.85754
  5.78884
  5.72534
  5.66702
  5.61315
  5.56121
  5.50965
  5.46196
  5.42250
  5.40525
  5.38541
  5.36744
  5.35351
  5.35014
  5.34703
  5.34666
  5.34638
  5.34632
  5.34634
  5.34632
 
  6.71471
  6.80095
  6.83721
  6.83115
  6.78537
  6.70519
  6.59957
  6.48202
  6.36816
  6.26189
  6.16362
  6.07351
  5.99021
  5.91259
  5.83947
  5.76761
  5.69509
  5.62674
  5.56878
  5.54343
  5.51618
  5.49287
  5.47370
  5.46909
  5.46506
  5.46457
  5.46421
  5.46414
  5.46415
  5.46413
 
  7.14279
  7.21253
  7.22698
  7.19602
  7.12305
  7.01440
  6.88025
  6.73548
  6.59715
  6.46924
  6.35211
  6.24535
  6.14693
  6.05478
  5.96731
  5.88045
  5.79182
  5.70744
  5.63519
  5.60368
  5.57092
  5.54359
  5.51965
  5.51390
  5.50903
  5.50844
  5.50797
  5.50791
  5.50788
  5.50786
 
  7.87560
  7.94432
  7.90151
  7.78041
  7.61228
  7.42941
  7.24234
  7.05926
  6.88905
  6.73119
  6.58318
  6.44228
  6.30938
  6.18431
  6.06636
  5.95295
  5.84219
  5.73613
  5.63822
  5.59314
  5.54973
  5.51647
  5.48291
  5.47479
  5.46834
  5.46750
  5.46687
  5.46678
  5.46673
  5.46670
 
  8.39039
  8.40234
  8.29585
  8.11190
  7.88552
  7.65156
  7.41992
  7.19702
  6.98965
  6.79834
  6.62262
  6.45979
  6.30840
  6.16538
  6.02998
  5.89989
  5.77346
  5.65232
  5.53923
  5.48633
  5.43486
  5.39525
  5.35609
  5.34649
  5.33885
  5.33786
  5.33712
  5.33701
  5.33694
  5.33694
 
  9.11242
  8.94705
  8.72054
  8.46070
  8.17409
  7.86961
  7.55926
  7.25865
  6.98281
  6.73569
  6.51624
  6.32033
  6.14403
  5.98132
  5.82888
  5.67984
  5.52969
  5.38504
  5.25443
  5.19414
  5.13175
  5.08084
  5.03652
  5.02565
  5.01644
  5.01534
  5.01446
  5.01432
  5.01428
  5.01428
 
  9.57534
  9.30913
  8.98725
  8.64322
  8.28346
  7.91646
  7.55328
  7.20804
  6.89381
  6.61361
  6.36590
  6.14487
  5.94542
  5.76144
  5.58932
  5.42324
  5.25921
  5.10198
  4.95799
  4.89087
  4.82223
  4.76726
  4.72011
  4.70861
  4.69888
  4.69773
  4.69681
  4.69666
  4.69661
  4.69661
 
  9.91383
  9.56070
  9.15886
  8.74603
  8.32788
  7.91222
  7.50885
  7.12991
  6.78727
  6.48256
  6.21361
  5.97311
  5.75457
  5.55214
  5.36211
  5.18028
  5.00378
  4.83553
  4.68047
  4.60844
  4.53685
  4.48124
  4.43249
  4.42071
  4.41098
  4.40982
  4.40887
  4.40873
  4.40867
  4.40867
 
 10.17580
  9.74683
  9.27676
  8.80651
  8.34053
  7.88587
  7.45094
  7.04566
  6.68091
  6.35749
  6.07183
  5.81559
  5.58078
  5.36201
  5.15564
  4.95925
  4.77126
  4.59303
  4.42835
  4.35257
  4.27975
  4.22515
  4.17540
  4.16350
  4.15402
  4.15289
  4.15193
  4.15182
  4.15173
  4.15172
 
 10.65804
 10.01589
  9.38614
  8.80616
  8.27023
  7.77547
  7.31913
  6.89780
  6.51034
  6.15756
  5.83609
  5.54088
  5.26840
  5.01824
  4.78812
  4.57712
  4.38252
  4.19349
  4.00300
  3.91275
  3.83592
  3.78789
  3.73763
  3.72439
  3.71542
  3.71460
  3.71359
  3.71338
  3.71342
  3.71331
 
 10.91749
 10.18132
  9.46996
  8.82165
  8.22871
  7.68625
  7.19022
  6.73681
  6.32349
  5.95050
  5.61238
  5.30265
  5.01583
  4.75038
  4.50467
  4.27665
  4.06390
  3.85749
  3.65311
  3.55788
  3.47796
  3.42896
  3.37738
  3.36363
  3.35497
  3.35424
  3.35323
  3.35304
  3.35299
  3.35292
 
 11.31776
 10.40192
  9.54248
  8.77308
  8.08163
  7.45859
  6.89625
  6.39074
  5.93884
  5.53524
  5.17240
  4.84141
  4.53363
  4.24470
  3.97546
  3.72200
  3.48159
  3.24778
  3.01879
  2.91202
  2.82039
  2.76210
  2.70602
  2.69344
  2.68410
  2.68308
  2.68220
  2.68208
  2.68192
  2.68193
 
 11.56764
 10.49100
  9.51739
  8.66551
  7.91456
  7.25031
  6.66030
  6.13514
  5.66896
  5.25282
  4.87697
  4.53155
  4.20592
  3.89472
  3.60172
  3.32860
  3.07422
  2.83259
  2.60016
  2.48927
  2.38459
  2.31034
  2.25296
  2.24047
  2.23038
  2.22924
  2.22832
  2.22815
  2.22810
  2.22809
 
 11.95948
 10.62006
  9.47999
  8.51585
  7.68842
  6.97440
  6.35627
  5.81280
  5.32782
  4.89168
  4.49498
  4.12922
  3.78556
  3.45914
  3.15194
  2.86717
  2.60095
  2.34522
  2.09573
  1.97534
  1.86179
  1.78069
  1.71553
  1.70110
  1.68956
  1.68824
  1.68715
  1.68698
  1.68689
  1.68691
 
 12.25416
 10.73496
  9.49229
  8.45759
  7.58352
  6.83812
  6.20125
  5.64601
  5.14895
  4.69927
  4.28899
  3.91043
  3.55581
  3.22054
  2.90534
  2.61244
  2.34006
  2.07706
  1.81868
  1.69357
  1.57607
  1.49134
  1.41848
  1.40199
  1.38904
  1.38753
  1.38626
  1.38609
  1.38596
  1.38596
 
 12.50358
 10.85400
  9.54340
  8.45891
  7.55221
  6.78508
  6.13330
  5.56717
  5.05962
  4.59880
  4.17745
  3.78869
  3.42538
  3.08307
  2.76180
  2.46284
  2.18559
  1.91842
  1.65441
  1.52561
  1.40343
  1.31359
  1.23414
  1.21586
  1.20149
  1.19981
  1.19838
  1.19820
  1.19806
  1.19799
 
 12.72349
 10.97509
  9.61720
  8.49551
  7.56372
  6.78075
  6.11687
  5.54055
  5.02334
  4.55297
  4.12245
  3.72530
  3.35469
  3.00625
  2.67959
  2.37535
  2.09285
  1.82207
  1.55315
  1.42088
  1.29378
  1.19851
  1.11297
  1.09301
  1.07722
  1.07536
  1.07379
  1.07359
  1.07344
  1.07333
 
 13.09917
 11.21448
  9.79777
  8.62656
  7.65879
  6.85274
  6.16980
  5.57583
  5.04219
  4.55676
  4.11250
  3.70277
  3.32064
  2.96149
  2.62453
  2.30973
  2.01540
  1.73416
  1.45430
  1.31489
  1.17814
  1.07254
  0.97481
  0.95132
  0.93261
  0.93039
  0.92852
  0.92828
  0.92810
  0.92800
 
 13.41179
 11.44058
  9.99100
  8.79070
  7.80095
  6.97801
  6.28003
  5.67180
  5.12534
  4.62875
  4.17470
  3.75592
  3.36477
  2.99616
  2.64908
  2.32314
  2.01597
  1.72051
  1.42763
  1.28034
  1.13369
  1.01789
  0.90727
  0.88004
  0.85828
  0.85568
  0.85350
  0.85322
  0.85299
  0.85295
 
 14.00316
 11.90396
 10.41661
  9.18492
  8.17792
  7.33284
  6.61206
  5.98126
  5.41422
  4.89900
  4.42762
  3.99188
  3.58279
  3.19431
  2.82512
  2.47419
  2.13787
  1.80690
  1.47520
  1.30567
  1.13113
  0.98750
  0.84374
  0.80728
  0.77808
  0.77454
  0.77157
  0.77121
  0.77087
  0.77093
 
 14.41422
 12.23860
 10.74193
  9.50846
  8.50569
  7.65737
  6.92983
  6.29009
  5.71282
  5.18630
  4.70271
  4.25390
  3.83084
  3.42722
  3.04132
  2.67142
  2.31242
  1.95174
  1.57900
  1.38552
  1.18009
  1.00608
  0.82930
  0.78409
  0.74774
  0.74334
  0.73965
  0.73917
  0.73882
  0.73863
 
 14.94455
 12.63199
 11.15095
  9.97382
  9.01799
  8.19515
  7.47424
  6.82685
  6.23138
  5.68214
  5.17854
  4.71524
  4.27991
  3.86272
  3.45863
  3.06099
  2.66443
  2.26579
  1.83002
  1.57833
  1.30811
  1.07563
  0.83430
  0.77279
  0.72252
  0.71622
  0.71174
  0.71097
  0.71096
  0.70889
 
 14.97497
 12.87548
 11.54153
 10.42561
  9.46465
  8.61415
  7.85952
  7.18631
  6.58367
  6.04098
  5.54774
  5.09233
  4.66089
  4.24262
  3.83243
  3.42338
  3.00370
  2.55140
  2.04128
  1.75665
  1.44666
  1.17133
  0.85644
  0.76799
  0.70880
  0.70331
  0.69728
  0.69617
  0.69674
  0.69244
 
 15.12240
 13.01556
 11.73592
 10.66578
  9.73407
  8.90407
  8.16330
  7.49881
  6.90087
  6.35988
  5.86618
  5.40895
  4.97493
  4.55338
  4.13844
  3.72164
  3.28824
  2.81014
  2.25304
  1.93274
  1.57463
  1.25462
  0.88101
  0.77373
  0.70039
  0.69356
  0.68707
  0.68597
  0.68651
  0.68104
 
 15.21477
 13.10455
 11.87727
 10.84522
  9.94055
  9.13039
  8.40414
  7.74992
  7.15894
  6.62236
  6.13123
  5.67525
  5.24168
  4.81979
  4.40310
  3.98201
  3.53932
  3.04176
  2.44692
  2.09676
  1.69741
  1.33554
  0.90778
  0.78272
  0.69460
  0.68615
  0.67922
  0.67819
  0.67858
  0.67246
 
 15.31474
 13.20535
 12.06827
 11.09623
 10.23816
  9.46377
  8.76529
  8.13237
  7.55767
  7.03343
  6.55164
  6.10284
  5.67490
  5.25716
  4.84230
  4.41893
  3.96621
  3.44268
  2.79179
  2.39459
  1.92704
  1.48993
  0.96422
  0.80625
  0.68817
  0.67594
  0.66781
  0.66694
  0.66690
  0.66030
 
 15.35914
 13.25736
 12.18916
 11.26360
 10.44293
  9.69873
  9.02479
  8.41192
  7.85367
  7.34310
  6.87281
  6.43386
  6.01455
  5.60420
  5.19495
  4.77426
  4.31864
  3.78048
  3.09152
  2.65940
  2.13812
  1.63606
  1.02209
  0.83393
  0.68609
  0.66966
  0.65981
  0.65908
  0.65859
  0.65209
 
 15.38676
 13.31346
 12.35245
 11.50784
 10.75288
 10.06453
  9.43817
  8.86644
  8.34416
  7.86550
  7.42400
  7.01149
  6.61669
  6.22891
  5.83972
  5.43494
  4.98725
  4.43937
  3.70119
  3.21476
  2.60037
  1.97582
  1.16666
  0.91092
  0.69079
  0.66317
  0.64732
  0.64670
  0.64526
  0.63990
 
 15.38290
 13.33073
 12.43231
 11.63900
 10.92661
 10.27605
  9.68336
  9.14222
  8.64808
  8.19576
  7.77927
  7.39080
  7.01923
  6.65383
  6.28606
  5.90122
  5.47026
  4.93062
  4.17760
  3.66351
  2.99164
  2.27943
  1.30571
  0.99032
  0.70235
  0.66358
  0.64026
  0.63939
  0.63726
  0.63322
 
 15.36875
 13.33620
 12.51060
 11.77749
 11.11671
 10.51356
  9.96480
  9.46525
  9.01102
  8.59759
  8.21956
  7.86947
  7.53623
  7.20915
  6.88008
  6.53444
  6.14227
  5.63631
  4.89443
  4.36114
  3.62806
  2.80036
  1.56279
  1.14461
  0.73341
  0.67355
  0.63324
  0.63106
  0.62819
  0.62606
 
 15.35599
 13.33707
 12.55202
 11.85217
 11.22082
 10.64578
 10.12396
  9.65085
  9.22296
  8.83616
  8.48541
  8.16352
  7.85942
  7.56258
  7.26544
  6.95411
  6.59900
  6.13147
  5.42015
  4.88887
  4.13070
  3.23390
  1.80084
  1.29036
  0.76845
  0.68896
  0.63065
  0.62655
  0.62337
  0.62227
 
 15.33662
 13.33857
 12.58252
 11.90633
 11.29542
 10.73898
 10.23385
  9.77580
  9.36141
  8.98766
  8.65128
  8.34758
  8.06917
  7.80698
  7.54962
  7.27402
  6.94511
  6.50470
  5.82298
  5.30021
  4.54073
  3.61175
  2.02905
  1.42427
  0.80212
  0.70703
  0.63064
  0.62394
  0.62101
  0.61993
 
 15.30590
 13.33756
 12.60537
 11.94676
 11.34943
 10.80444
 10.30966
  9.86205
  9.45942
  9.09915
  8.77807
  8.49161
  8.23226
  7.99117
  7.75762
  7.50927
  7.21065
  6.79985
  6.14799
  5.64090
  4.88620
  3.93486
  2.23804
  1.55781
  0.83722
  0.72250
  0.63124
  0.62406
  0.61976
  0.61834
 
 15.26157
 13.34186
 12.63819
 12.00111
 11.42061
 10.89038
 10.40936
  9.97627
  9.59036
  9.24955
  8.95086
  8.68983
  8.45890
  8.24947
  8.05185
  7.84494
  7.59457
  7.23992
  6.65110
  6.17481
  5.44065
  4.47296
  2.61356
  1.80288
  0.90652
  0.75960
  0.63502
  0.62344
  0.61749
  0.61633
 
 15.23557
 13.34893
 12.66053
 12.03575
 11.46570
 10.94546
 10.47442
 10.05164
  9.67699
  9.34876
  9.06431
  8.81962
  8.60762
  8.42040
  8.24922
  8.07415
  7.86252
  7.55526
  7.02357
  6.57808
  5.87013
  4.90411
  2.94174
  2.03010
  0.97357
  0.79676
  0.64037
  0.62413
  0.61624
  0.61510
 
 15.19501
 13.36582
 12.69463
 12.08488
 11.52929
 11.02433
 10.56889
 10.16232
  9.80440
  9.49394
  9.22923
  9.00744
  8.82314
  8.67031
  8.54226
  8.42155
  8.27909
  8.06110
  7.64527
  7.26818
  6.62882
  5.69832
  3.61506
  2.52869
  1.13119
  0.88698
  0.65698
  0.62904
  0.61496
  0.61345
 
 15.13041
 13.37557
 12.71230
 12.10975
 11.56169
 11.06520
 10.61878
 10.22167
  9.87356
  9.57350
  9.32021
  9.11138
  8.94242
  8.80839
  8.70436
  8.61564
  8.51684
  8.35894
  8.02872
  7.70953
  7.14115
  6.26905
  4.14250
  2.93509
  1.27742
  0.97670
  0.67646
  0.63407
  0.61494
  0.61262
 
 14.94615
 13.38241
 12.72959
 12.13596
 11.59617
 11.10813
 10.67042
 10.28236
  9.94384
  9.65446
  9.41322
  9.21862
  9.06705
  8.95507
  8.87978
  8.82976
  8.78475
  8.70437
  8.49079
  8.25245
  7.78555
  7.01499
  4.93766
  3.60637
  1.54091
  1.13725
  0.71561
  0.65167
  0.61623
  0.61178
 
 14.78513
 13.38371
 12.73758
 12.14916
 11.61408
 11.13034
 10.69668
 10.31287
  9.97869
  9.69424
  9.45886
  9.27167
  9.13004
  9.03149
  8.97388
  8.94658
  8.93205
  8.89841
  8.76233
  8.58058
  8.18638
  7.48955
  5.50453
  4.14827
  1.78080
  1.28188
  0.75329
  0.67318
  0.61676
  0.61135
 
 14.66683
 13.38500
 12.74304
 12.15676
 11.62309
 11.14104
 10.70996
 10.32957
 10.00002
  9.72080
  9.49034
  9.30750
  9.17087
  9.07918
  9.03109
  9.01708
  9.02251
  9.02277
  8.93907
  8.79280
  8.45816
  7.84848
  5.97191
  4.56907
  1.98884
  1.41969
  0.79292
  0.69142
  0.62211
  0.61110
 
 14.58414
 13.38563
 12.74714
 12.16257
 11.63014
 11.14957
 10.72015
 10.34173
 10.01405
  9.73705
  9.50986
  9.33157
  9.19998
  9.11333
  9.07110
  9.06576
  9.08484
  9.10573
  9.06154
  8.95234
  8.67060
  8.10927
  6.30097
  4.94118
  2.20447
  1.54958
  0.82929
  0.71199
  0.62175
  0.61093
 
 14.48211
 13.38634
 12.75133
 12.16919
 11.63888
 11.16059
 10.73384
 10.35810
 10.03351
  9.75979
  9.53634
  9.36232
  9.23597
  9.15596
  9.12252
  9.12933
  9.16644
  9.21617
  9.22438
  9.16098
  8.95401
  8.49018
  6.84194
  5.51917
  2.59060
  1.78820
  0.90117
  0.75126
  0.62779
  0.61071
 
 14.41888
 13.38697
 12.75366
 12.17320
 11.64444
 11.16780
 10.74257
 10.36853
 10.04571
  9.77385
  9.55259
  9.38128
  9.25817
  9.18226
  9.15418
  9.16852
  9.21684
  9.28483
  9.32698
  9.29433
  9.14054
  8.75086
  7.24046
  5.96647
  2.92759
  2.00444
  0.96966
  0.78965
  0.63461
  0.61058
 
 14.32351
 13.38784
 12.75656
 12.17833
 11.65203
 11.17771
 10.75469
 10.38288
 10.06226
  9.79281
  9.57455
  9.40698
  9.28843
  9.21812
  9.19741
  9.22206
  9.28586
  9.37944
  9.46998
  9.48250
  9.41155
  9.14717
  7.90502
  6.75549
  3.61983
  2.48690
  1.12895
  0.88159
  0.65357
  0.61041
 
 14.26913
 13.38809
 12.75781
 12.18064
 11.65554
 11.18238
 10.76051
 10.39010
 10.07120
  9.80347
  9.58629
  9.41931
  9.30241
  9.23599
  9.22085
  9.25098
  9.31983
  9.42497
  9.55002
  9.59321
  9.55443
  9.33479
  8.33347
  7.35674
  4.13044
  2.87800
  1.27720
  0.97774
  0.67462
  0.61033
 
 14.20973
 13.38820
 12.75945
 12.18338
 11.65926
 11.18697
 10.76606
 10.39672
 10.07903
  9.81278
  9.59729
  9.43234
  9.31787
  9.25454
  9.24355
  9.27942
  9.35668
  9.47516
  9.62651
  9.69644
  9.70908
  9.57438
  8.82532
  8.04150
  4.93872
  3.54887
  1.54142
  1.14303
  0.71351
  0.61024
 
 14.17804
 13.38844
 12.76072
 12.18519
 11.66138
 11.18927
 10.76875
 10.39957
 10.08207
  9.81633
  9.60227
  9.43963
  9.32705
  9.26439
  9.25384
  9.29244
  9.37688
  9.50506
  9.66205
  9.73730
  9.78747
  9.73932
  9.12474
  8.36752
  5.55305
  4.12801
  1.77647
  1.27948
  0.75410
  0.61020
 
 14.15912
 13.38878
 12.76126
 12.18583
 11.66217
 11.19042
 10.77015
 10.40142
 10.08447
  9.81931
  9.60582
  9.44367
  9.33172
  9.26999
  9.26077
  9.30119
  9.38825
  9.52069
  9.68657
  9.77051
  9.83566
  9.81751
  9.32201
  8.65639
  6.00206
  4.56211
  2.01578
  1.41921
  0.79275
  0.61018
 
 14.14577
 13.38897
 12.76159
 12.18622
 11.66271
 11.19119
 10.77115
 10.40273
 10.08612
  9.82134
  9.60819
  9.44640
  9.33490
  9.27377
  9.26541
  9.30705
  9.39591
  9.53121
  9.70312
  9.79308
  9.86838
  9.87067
  9.46250
  8.86901
  6.36152
  4.92746
  2.24805
  1.55074
  0.83019
  0.61016
 
 14.12774
 13.38902
 12.76193
 12.18683
 11.66357
 11.19231
 10.77281
 10.40472
 10.08839
  9.82382
  9.61100
  9.44974
  9.33889
  9.27854
  9.27119
  9.31431
  9.40545
  9.54441
  9.72375
  9.82115
  9.90980
  9.93892
  9.64883
  9.16182
  6.90728
  5.51398
  2.65391
  1.83750
  0.90185
  0.61014
 
 14.11632
 13.38623
 12.75984
 12.18689
 11.66587
 11.19583
 10.77646
 10.40777
 10.09039
  9.82474
  9.61123
  9.45001
  9.33983
  9.28071
  9.27510
  9.32026
  9.41308
  9.55148
  9.73300
  9.83801
  9.93678
  9.98223
  9.76990
  9.35017
  7.29826
  5.97697
  3.00401
  2.08254
  0.97026
  0.61012
 
