  7.16705
  7.20584
  7.18068
  7.10813
  7.00066
  6.87162
  6.72642
  6.57031
  6.40930
  6.24474
  6.07697
  5.90752
  5.73968
  5.57726
  5.42249
  5.27875
  5.14963
  5.03663
  4.93873
  4.89471
  4.85757
  4.83659
  4.82450
  4.82307
  4.82211
  4.82195
  4.82183
  4.82182
  4.82180
  4.82131
 
  7.78795
  7.80440
  7.73566
  7.60649
  7.43471
  7.23902
  7.02701
  6.80571
  6.58294
  6.36005
  6.13711
  5.91567
  5.69839
  5.48849
  5.28671
  5.09363
  4.90999
  4.73628
  4.57908
  4.51263
  4.45771
  4.42584
  4.39987
  4.39234
  4.38845
  4.38845
  4.38832
  4.38817
  4.38825
  4.39219
 
  8.23235
  8.22866
  8.11995
  7.93999
  7.71295
  7.46332
  7.20030
  6.93184
  6.66630
  6.40481
  6.14683
  5.89345
  5.64581
  5.40581
  5.17340
  4.94784
  4.72853
  4.51529
  4.31338
  4.22272
  4.14536
  4.09892
  4.06418
  4.05558
  4.05063
  4.05043
  4.05020
  4.05006
  4.05011
  4.05327
 
  8.86523
  8.82442
  8.64550
  8.37990
  8.06361
  7.73140
  7.39433
  7.06054
  6.73795
  6.42675
  6.12476
  5.83230
  5.54753
  5.27020
  4.99934
  4.73301
  4.46920
  4.20642
  3.94374
  3.81581
  3.70153
  3.62886
  3.57734
  3.56696
  3.55969
  3.55894
  3.55838
  3.55826
  3.55824
  3.55896
 
  9.32053
  9.24515
  9.00566
  8.66998
  8.28397
  7.89040
  7.50099
  7.12295
  6.76292
  6.41966
  6.08992
  5.77314
  5.46547
  5.16512
  4.87064
  4.57943
  4.28864
  3.99546
  3.69387
  3.54092
  3.40044
  3.30708
  3.23879
  3.22528
  3.21499
  3.21372
  3.21281
  3.21267
  3.21260
  3.21212
 
  9.67757
  9.56932
  9.27635
  8.88156
  8.43887
  7.99717
  7.56820
  7.15756
  6.77035
  6.40400
  6.05452
  5.72042
  5.39670
  5.08041
  4.76974
  4.46163
  4.15258
  3.83866
  3.51020
  3.33981
  3.18016
  3.07031
  2.98616
  2.96892
  2.95542
  2.95368
  2.95240
  2.95223
  2.95212
  2.95119
 
  9.97199
  9.83224
  9.49114
  9.04537
  8.55531
  8.07446
  7.61415
  7.17823
  6.77010
  6.38602
  6.02146
  5.67395
  5.33810
  5.00996
  4.68744
  4.36707
  4.04479
  3.71578
  3.36782
  3.18476
  3.01053
  2.88717
  2.78834
  2.76724
  2.75055
  2.74839
  2.74678
  2.74656
  2.74642
  2.74544
 
 10.44252
 10.24303
  9.81746
  9.28695
  8.72123
  8.17991
  7.67258
  7.19962
  6.76079
  6.35062
  5.96377
  5.59607
  5.24268
  4.89788
  4.55911
  4.22218
  3.88208
  3.53258
  3.15856
  2.95879
  2.76389
  2.61941
  2.49463
  2.46607
  2.44346
  2.44056
  2.43838
  2.43806
  2.43788
  2.43735
 
 10.81191
 10.55588
 10.05748
  9.45839
  8.83421
  8.24785
  7.70642
  7.20715
  6.74664
  6.31736
  5.91442
  5.53194
  5.16633
  4.81031
  4.46095
  4.11337
  3.76185
  3.39922
  3.00902
  2.79900
  2.59001
  2.42953
  2.28299
  2.24789
  2.22012
  2.21659
  2.21392
  2.21352
  2.21330
  2.21331
 
 11.48580
 11.10040
 10.45283
  9.72562
  8.99894
  8.33682
  7.73973
  7.19783
  6.70246
  6.24017
  5.81141
  5.40447
  5.02019
  4.64780
  4.28345
  3.92101
  3.55357
  3.17324
  2.76250
  2.53909
  2.30844
  2.12039
  1.93340
  1.88625
  1.84859
  1.84376
  1.84015
  1.83962
  1.83933
  1.83960
 
 12.17797
 11.39706
 10.55299
  9.77771
  9.06203
  8.39911
  7.78379
  7.21146
  6.67777
  6.17817
  5.72074
  5.29371
  4.89749
  4.51684
  4.14764
  3.78500
  3.41974
  3.03289
  2.60519
  2.37359
  2.13111
  1.92668
  1.71106
  1.65693
  1.61194
  1.60638
  1.60195
  1.60136
  1.60097
  1.60047
 
 12.78863
 11.86072
 10.86011
  9.96277
  9.15101
  8.41159
  7.73712
  7.12214
  6.55115
  6.03079
  5.56219
  5.12736
  4.72631
  4.34261
  3.96839
  3.59903
  3.22610
  2.83262
  2.39917
  2.16194
  1.90663
  1.68338
  1.43446
  1.36667
  1.31401
  1.30776
  1.30212
  1.30145
  1.30076
  1.29887
 
 13.19144
 12.15092
 11.03389
 10.04925
  9.17055
  8.37979
  7.66605
  7.02208
  6.43032
  5.89716
  5.42530
  4.98857
  4.58529
  4.20315
  3.82894
  3.45837
  3.08375
  2.68993
  2.25777
  2.01990
  1.75981
  1.52751
  1.25912
  1.18266
  1.12521
  1.11856
  1.11218
  1.11142
  1.11057
  1.10866
 
 13.48616
 12.33066
 11.11230
 10.06128
  9.13878
  8.32135
  7.59166
  6.93467
  6.33598
  5.79796
  5.32461
  4.88425
  4.47327
  4.08698
  3.70657
  3.32885
  2.94950
  2.56146
  2.14830
  1.91901
  1.65706
  1.41316
  1.13034
  1.05369
  0.99129
  0.98346
  0.97698
  0.97625
  0.97549
  0.97425
 
 13.74900
 12.47863
 11.16605
 10.05543
  9.09460
  8.25512
  7.51346
  6.84463
  6.23803
  5.69707
  5.22088
  4.77752
  4.36205
  3.97714
  3.59974
  3.22504
  2.84870
  2.46492
  2.05775
  1.83134
  1.57081
  1.32533
  1.03408
  0.95393
  0.88918
  0.88112
  0.87439
  0.87360
  0.87280
  0.87268
 
 14.17453
 12.70040
 11.23214
 10.02570
  9.00469
  8.12948
  7.36791
  6.68310
  6.06223
  5.52063
  5.04073
  4.59381
  4.17240
  3.78810
  3.41767
  3.05011
  2.68109
  2.30673
  1.91204
  1.69222
  1.43703
  1.19256
  0.89305
  0.80904
  0.74180
  0.73351
  0.72653
  0.72566
  0.72483
  0.72623
 
 14.53869
 12.87799
 11.28071
  9.99592
  8.92818
  8.02316
  7.24089
  6.54552
  5.91669
  5.37390
  4.89188
  4.44210
  4.01652
  3.62918
  3.26520
  2.90474
  2.54361
  2.17903
  1.79659
  1.58339
  1.33430
  1.09305
  0.79204
  0.70696
  0.63897
  0.63057
  0.62353
  0.62264
  0.62182
  0.62360
 
 15.34610
 13.22547
 11.37727
  9.95600
  8.81323
  7.85196
  7.01509
  6.28436
  5.65046
  5.10054
  4.60889
  4.14864
  3.71454
  3.31795
  2.96695
  2.62537
  2.28208
  1.93772
  1.58192
  1.38428
  1.14905
  0.91748
  0.62664
  0.54451
  0.47733
  0.46857
  0.46211
  0.46129
  0.46071
  0.46083
 
 16.11877
 13.54439
 11.48871
  9.95964
  8.74712
  7.73726
  6.86792
  6.11119
  5.47039
  4.91711
  4.41830
  3.95252
  3.51348
  3.10778
  2.75067
  2.42050
  2.09193
  1.76645
  1.43300
  1.24690
  1.02347
  0.80224
  0.52492
  0.44711
  0.38269
  0.37415
  0.36794
  0.36722
  0.36662
  0.36529
 
 17.54485
 14.15758
 11.78368
 10.08445
  8.74634
  7.63795
  6.72716
  5.95448
  5.29493
  4.72518
  4.21178
  3.73616
  3.29025
  2.87406
  2.49735
  2.17016
  1.85944
  1.55040
  1.24165
  1.07714
  0.87465
  0.66882
  0.40986
  0.33828
  0.27832
  0.27031
  0.26445
  0.26372
  0.26319
  0.26233
 
 18.80849
 14.73368
 12.13193
 10.28853
  8.85801
  7.66981
  6.71495
  5.92807
  5.25475
  4.66698
  4.13978
  3.65525
  3.20236
  2.77707
  2.38460
  2.03815
  1.73396
  1.43400
  1.13769
  0.98300
  0.79247
  0.59760
  0.35018
  0.28132
  0.22408
  0.21649
  0.21084
  0.21011
  0.20960
  0.20957
 
 19.94119
 15.27370
 12.49647
 10.51962
  9.01342
  7.77367
  6.78265
  5.97625
  5.28816
  4.68303
  4.14048
  3.64502
  3.18355
  2.74950
  2.34499
  1.97965
  1.66661
  1.37050
  1.08010
  0.92997
  0.74520
  0.55587
  0.31502
  0.24805
  0.19235
  0.18494
  0.17933
  0.17858
  0.17807
  0.17821
 
 20.95639
 15.77181
 12.85284
 10.75423
  9.17886
  7.90918
  6.89401
  6.06718
  5.36166
  4.73984
  4.18248
  3.67549
  3.20479
  2.76208
  2.34705
  1.96556
  1.63410
  1.33848
  1.04998
  0.90135
  0.71863
  0.53137
  0.29333
  0.22731
  0.17224
  0.16486
  0.15925
  0.15850
  0.15797
  0.15802
 
 22.66953
 16.64464
 13.50235
 11.20971
  9.51841
  8.21264
  7.17059
  6.31133
  5.57199
  4.91933
  4.33556
  3.80664
  3.31735
  2.85729
  2.42290
  2.01483
  1.64435
  1.32998
  1.03757
  0.88713
  0.70233
  0.51291
  0.27212
  0.20539
  0.14958
  0.14210
  0.13645
  0.13572
  0.13518
  0.13497
 
 24.04424
 17.37868
 14.06240
 11.63051
  9.86536
  8.53059
  7.47013
  6.58708
  5.82034
  5.14151
  4.53494
  3.98616
  3.47899
  3.00184
  2.54904
  2.11758
  1.71368
  1.36252
  1.06024
  0.90457
  0.71313
  0.51661
  0.26615
  0.19652
  0.13839
  0.13067
  0.12493
  0.12422
  0.12369
  0.12332
 
 26.50581
 18.76385
 15.15998
 12.52312
 10.71276
  9.31751
  8.20382
  7.26687
  6.44947
  5.72339
  5.07170
  4.47934
  3.93144
  3.41592
  2.92337
  2.44424
  1.97675
  1.53757
  1.17328
  0.99824
  0.78163
  0.55842
  0.27368
  0.19443
  0.12845
  0.11974
  0.11327
  0.11250
  0.11191
  0.11164
 
 28.11377
 19.70720
 15.97607
 13.27151
 11.46200
 10.02609
  8.86350
  7.87967
  7.02458
  6.26615
  5.58228
  4.95615
  4.37537
  3.82832
  3.30269
  2.78431
  2.26808
  1.76964
  1.32045
  1.11454
  0.86581
  0.61323
  0.29171
  0.20293
  0.12813
  0.11790
  0.11005
  0.10914
  0.10813
  0.10835
 
 30.05812
 20.89108
 17.12926
 14.48073
 12.63925
 11.15798
  9.94749
  8.91634
  8.01224
  7.20439
  6.47289
  5.80013
  5.16936
  4.56733
  3.98510
  3.41324
  2.84181
  2.26092
  1.66241
  1.35804
  1.03778
  0.72291
  0.33770
  0.23036
  0.13650
  0.12269
  0.11059
  0.10874
  0.10658
  0.10699
 
 31.28258
 21.51138
 17.84151
 15.35440
 13.54007
 12.05229
 10.81409
  9.74724
  8.80629
  7.96290
  7.19779
  6.49316
  5.83162
  5.19869
  4.58387
  3.97512
  3.35726
  2.70900
  2.00055
  1.61240
  1.20591
  0.83661
  0.38747
  0.26172
  0.14900
  0.13127
  0.11372
  0.11054
  0.10689
  0.10676
 
 32.09668
 21.87619
 18.36194
 16.00999
 14.23282
 12.75119
 11.50228
 10.41664
  9.45455
  8.58978
  7.80370
  7.07858
  6.39643
  5.74187
  5.10326
  4.46668
  3.81303
  3.11251
  2.31853
  1.86426
  1.36423
  0.94553
  0.43893
  0.29536
  0.16317
  0.14110
  0.11726
  0.11251
  0.10698
  0.10645
 
 32.67142
 22.09608
 18.76820
 16.51718
 14.78255
 13.31473
 12.06499
 10.97046
  9.99682
  9.11956
  8.32075
  7.58266
  6.88678
  6.21697
  5.56067
  4.90247
  4.22020
  3.47752
  2.61440
  2.10577
  1.52946
  1.04967
  0.49068
  0.32984
  0.17791
  0.15128
  0.12084
  0.11442
  0.10692
  0.10606
 
 33.41573
 22.33289
 19.35973
 17.25638
 15.60381
 14.17350
 12.93676
 11.84081
 10.86021
  9.97339
  9.16348
  8.41289
  7.70231
  7.01430
  6.33500
  5.64659
  4.92238
  4.11656
  3.14843
  2.55601
  1.85553
  1.24619
  0.59242
  0.39862
  0.20730
  0.17137
  0.12772
  0.11807
  0.10668
  0.10530
 
 33.80606
 22.44928
 19.77501
 17.79675
 16.21535
 14.81874
 13.59253
 12.49525
 11.51072
 10.62027
  9.80814
  9.05716
  8.34805
  7.66229
  6.98356
  6.28931
  5.54371
  4.68240
  3.60656
  2.93947
  2.14927
  1.43522
  0.69807
  0.46724
  0.23447
  0.18993
  0.13450
  0.12172
  0.10581
  0.10465
 
 34.40663
 22.63660
 20.33281
 18.56010
 17.11078
 15.81192
 14.65561
 13.60898
 12.66012
 11.79410
 10.99790
 10.25641
  9.55139
  8.86446
  8.17852
  7.46856
  6.69292
  5.77401
  4.58236
  3.81321
  2.85850
  1.92999
  0.91899
  0.61750
  0.29563
  0.23087
  0.14871
  0.12968
  0.10597
  0.10358
 
 34.69957
 22.72505
 20.62643
 18.99135
 17.63155
 16.40512
 15.30616
 14.30674
 13.39653
 12.56257
 11.79310
 11.07394
 10.38709
  9.71416
  9.03778
  8.33187
  7.55154
  6.61106
  5.36014
  4.53099
  3.47112
  2.38912
  1.11084
  0.74831
  0.34762
  0.26529
  0.16077
  0.13673
  0.10680
  0.10295
 
 35.01132
 22.77782
 20.92986
 19.45930
 18.21255
 17.08325
 16.06664
 15.14068
 14.29650
 13.52288
 12.80890
 12.14077
 11.50004
 10.86777
 10.22666
  9.54975
  8.78924
  7.85011
  6.55551
  5.66506
  4.48156
  3.19501
  1.43553
  0.97023
  0.43405
  0.32213
  0.18111
  0.14913
  0.10945
  0.10223
 
 35.13283
 22.79478
 21.09457
 19.71637
 18.53470
 17.46367
 16.49847
 15.62088
 14.82296
 14.09462
 13.42563
 12.80278
 12.20791
 11.62217
 11.02784
 10.39640
  9.67539
  8.75677
  7.44726
  6.53190
  5.30091
  3.90076
  1.75391
  1.14570
  0.50534
  0.37000
  0.19827
  0.15966
  0.11324
  0.10183
 
 35.10747
 22.78568
 21.18788
 19.87460
 18.73981
 17.71112
 16.78386
 15.94246
 15.17985
 14.48664
 13.85341
 13.26748
 12.71130
 12.16632
 11.61478
 11.02744
 10.34904
  9.46298
  8.16151
  7.23349
  5.96612
  4.48478
  2.07922
  1.31025
  0.56516
  0.40941
  0.21403
  0.17008
  0.11645
  0.10157
 
 35.01187
 22.77744
 21.25084
 19.98386
 18.88261
 17.88445
 16.98518
 16.17087
 15.43527
 14.76969
 14.16537
 13.61024
 13.08735
 12.57851
 12.06608
 11.52034
 10.88401
 10.03408
  8.75182
  7.82129
  6.53321
  4.99500
  2.38621
  1.46868
  0.61875
  0.44473
  0.22840
  0.17971
  0.11965
  0.10138
 
 34.76907
 22.76697
 21.33353
 20.12804
 19.07133
 18.11443
 17.25331
 16.47678
 15.77938
 15.15397
 14.59270
 14.08490
 13.61470
 13.16491
 12.71845
 12.24554
 11.68681
 10.91106
  9.68404
  8.76505
  7.46175
  5.85282
  2.94490
  1.79218
  0.71415
  0.50753
  0.25419
  0.19721
  0.12587
  0.10115
 
 34.55391
 22.76323
 21.38895
 20.22237
 19.19421
 18.26372
 17.42725
 16.67543
 16.00354
 15.40527
 14.87399
 14.39984
 13.96827
 13.56320
 13.16854
 12.75536
 12.26408
 11.55958
 10.39744
  9.50130
  8.20153
  6.55522
  3.44042
  2.11636
  0.79962
  0.56367
  0.27717
  0.21293
  0.13175
  0.10101
 
 34.06743
 22.75293
 21.47311
 20.36682
 19.38106
 18.48825
 17.68535
 16.96635
 16.32857
 15.76817
 15.28061
 14.85934
 14.49395
 14.17112
 13.87303
 13.56363
 13.18248
 12.61785
 11.63643
 10.82529
  9.56453
  7.88651
  4.48394
  2.85684
  0.98708
  0.68680
  0.32683
  0.24705
  0.14513
  0.10081
 
 33.40053
 22.75642
 21.52472
 20.44531
 19.47757
 18.60258
 17.81761
 17.11839
 16.50273
 15.96701
 15.50689
 15.11669
 14.78767
 14.50883
 14.26529
 14.02486
 13.73352
 13.29038
 12.45788
 11.71820
 10.51657
  8.85846
  5.31516
  3.49132
  1.15196
  0.79587
  0.36947
  0.27623
  0.15689
  0.10072
 
 31.71582
 22.74756
 21.56589
 20.52118
 19.57991
 18.72824
 17.96426
 17.28552
 16.69138
 16.17957
 15.74779
 15.39184
 15.10453
 14.87721
 14.69919
 14.54470
 14.36848
 14.08113
 13.46951
 12.87092
 11.80962
 10.23034
  6.58080
  4.53789
  1.44583
  0.98640
  0.44193
  0.32609
  0.17752
  0.10062
 
 30.28618
 22.74104
 21.58504
 20.55728
 19.62918
 18.79007
 18.03862
 17.37260
 16.79158
 16.29391
 15.87798
 15.54046
 15.27562
 15.07656
 14.93502
 14.82898
 14.72037
 14.53491
 14.08261
 13.59264
 12.65892
 11.17934
  7.53414
  5.36873
  1.70367
  1.15613
  0.50462
  0.36859
  0.19532
  0.10057
 
 29.24902
 22.73805
 21.59811
 20.57912
 19.65721
 18.82524
 18.08174
 17.42479
 16.85332
 16.36609
 15.96111
 15.63557
 15.38451
 15.20243
 15.08310
 15.00808
 14.94535
 14.83166
 14.49484
 14.08838
 13.26675
 11.89013
  8.29094
  6.05567
  1.93471
  1.31148
  0.56162
  0.40598
  0.21129
  0.10054
 
 28.53503
 22.73361
 21.60472
 20.59297
 19.67709
 18.85098
 18.11322
 17.46208
 16.89696
 16.41634
 16.01797
 15.69941
 15.45739
 15.28830
 15.18654
 15.13458
 15.10364
 15.04149
 14.79129
 14.44874
 13.71845
 12.44686
  8.93062
  6.62378
  2.21319
  1.45724
  0.61406
  0.43937
  0.22637
  0.10052
 
 27.62552
 22.72888
 21.61545
 20.61284
 19.70403
 18.88506
 18.15425
 17.50972
 16.95123
 16.47806
 16.08940
 15.78327
 15.55569
 15.40289
 15.32180
 15.29926
 15.31259
 15.31624
 15.18231
 14.94342
 14.37013
 13.26169
  9.89757
  7.58607
  2.83534
  1.71311
  0.70842
  0.50296
  0.25212
  0.10049
 
 27.04918
 22.72617
 21.62231
 20.62514
 19.72069
 18.90590
 18.17935
 17.53902
 16.98499
 16.51695
 16.13419
 15.83510
 15.61595
 15.47376
 15.40642
 15.40286
 15.44385
 15.49086
 15.43432
 15.26360
 14.80385
 13.83916
 10.65080
  8.33776
  3.36342
  1.94444
  0.79426
  0.55918
  0.27550
  0.10047
 
 26.20023
 22.73157
 21.63029
 20.63597
 19.73663
 18.92830
 18.20898
 17.57687
 17.03154
 16.57260
 16.19858
 15.90771
 15.69572
 15.56055
 15.50663
 15.53655
 15.64104
 15.76635
 15.80459
 15.72055
 15.43546
 14.73952
 11.98212
  9.72129
  4.45402
  2.57581
  0.98436
  0.68327
  0.32580
  0.10045
 
 25.70253
 22.72910
 21.63480
 20.64458
 19.74854
 18.94315
 18.22650
 17.59749
 17.05554
 16.60025
 16.23033
 15.94431
 15.73846
 15.61126
 15.56783
 15.61222
 15.73776
 15.89580
 15.99536
 15.97079
 15.79516
 15.26821
 12.85109
 10.70060
  5.30785
  3.29162
  1.15158
  0.79282
  0.36880
  0.10044
 
 25.17238
 22.72620
 21.63910
 20.65294
 19.76028
 18.95787
 18.24431
 17.61850
 17.07991
 16.62827
 16.26257
 15.98175
 15.78229
 15.66342
 15.63091
 15.69027
 15.83791
 16.03127
 16.19731
 16.23619
 16.17896
 15.85328
 13.95497
 12.03045
  6.60889
  4.41883
  1.44349
  0.98588
  0.44214
  0.10043
 
 24.86823
 22.71573
 21.64171
 20.66193
 19.77167
 18.97006
 18.25650
 17.63054
 17.09270
 16.64226
 16.27811
 15.99974
 15.80683
 15.70024
 15.68030
 15.74057
 15.87325
 16.06955
 16.29764
 16.38957
 16.39182
 16.15100
 14.62366
 12.96114
  7.58729
  5.28732
  1.69621
  1.16565
  0.50448
  0.10043
 
 24.69154
 22.71429
 21.64276
 20.66429
 19.77502
 18.97443
 18.26181
 17.63670
 17.09937
 16.64967
 16.28738
 16.01224
 15.82226
 15.71778
 15.69961
 15.76367
 15.90434
 16.11435
 16.36380
 16.47351
 16.51486
 16.36212
 15.09609
 13.53066
  8.35516
  6.03237
  1.92573
  1.31237
  0.56210
  0.10043
 
 24.56738
 22.71321
 21.64326
 20.66570
 19.77715
 18.97723
 18.26538
 17.64102
 17.10443
 16.65558
 16.29434
 16.02040
 15.83187
 15.72896
 15.71312
 15.78037
 15.92594
 16.14339
 16.40860
 16.53421
 16.60303
 16.49907
 15.42327
 14.00061
  8.98564
  6.64593
  2.39709
  1.45691
  0.61425
  0.10042
 
 24.40454
 22.71211
 21.64482
 20.66846
 19.78085
 18.98160
 18.27040
 17.64674
 17.11095
 16.66295
 16.30295
 16.03050
 15.84382
 15.74303
 15.73012
 15.80142
 15.95313
 16.18044
 16.46533
 16.61043
 16.71722
 16.68074
 15.86301
 14.65723
  9.97553
  7.64297
  3.20514
  1.83336
  0.70930
  0.10042
 
 24.30714
 22.70926
 21.64442
 20.67111
 19.78615
 18.98825
 18.27686
 17.65239
 17.11549
 16.66664
 16.30624
 16.03421
 15.84898
 15.75032
 15.74045
 15.81558
 15.97143
 16.20149
 16.49585
 16.65593
 16.78885
 16.79895
 16.15546
 15.07921
 10.71691
  8.44659
  3.84067
  2.32313
  0.79589
  0.10042
 
