  2.59622
  2.65665
  2.71261
  2.76460
  2.81248
  2.85626
  2.89633
  2.93360
  2.96937
  3.00416
  3.03830
  3.07250
  3.10828
  3.14684
  3.18776
  3.22950
  3.26999
  3.30733
  3.33892
  3.35254
  3.36734
  3.38131
  3.39839
  3.40308
  3.40685
  3.40732
  3.40772
  3.40776
  3.40781
  3.40782
 
  3.22709
  3.27613
  3.32222
  3.36632
  3.40814
  3.44739
  3.48378
  3.51707
  3.54711
  3.57398
  3.59819
  3.62063
  3.64344
  3.66859
  3.69658
  3.72782
  3.76252
  3.79999
  3.83817
  3.85567
  3.86904
  3.87573
  3.88495
  3.88846
  3.88968
  3.88967
  3.88988
  3.88987
  3.89009
  3.88995
 
  3.70847
  3.76674
  3.81683
  3.86009
  3.89639
  3.92594
  3.94935
  3.96800
  3.98377
  3.99741
  4.00979
  4.02210
  4.03675
  4.05568
  4.07856
  4.10351
  4.12875
  4.15503
  4.18287
  4.19666
  4.20882
  4.21602
  4.22017
  4.22102
  4.22168
  4.22174
  4.22179
  4.22181
  4.22181
  4.22180
 
  4.44069
  4.51281
  4.56856
  4.60993
  4.63709
  4.65095
  4.65356
  4.64856
  4.64070
  4.63145
  4.62173
  4.61285
  4.60686
  4.60556
  4.60870
  4.61454
  4.62167
  4.63149
  4.64529
  4.65265
  4.65718
  4.65746
  4.65714
  4.65689
  4.65647
  4.65641
  4.65636
  4.65634
  4.65638
  4.65636
 
  4.98214
  5.07880
  5.13986
  5.17181
  5.18124
  5.17601
  5.15966
  5.13628
  5.11094
  5.08485
  5.05827
  5.03192
  5.00724
  4.98585
  4.96838
  4.95521
  4.94679
  4.94353
  4.94279
  4.94093
  4.93780
  4.93429
  4.93044
  4.92929
  4.92833
  4.92822
  4.92812
  4.92809
  4.92809
  4.92810
 
  5.40861
  5.52766
  5.59235
  5.61377
  5.60504
  5.58103
  5.54693
  5.50740
  5.46785
  5.42814
  5.38592
  5.34118
  5.29831
  5.26132
  5.23020
  5.20314
  5.17903
  5.16052
  5.14642
  5.13779
  5.12834
  5.12069
  5.11399
  5.11218
  5.11073
  5.11056
  5.11042
  5.11038
  5.11038
  5.11038
 
  5.76149
  5.89594
  5.96073
  5.97089
  5.94500
  5.90360
  5.85318
  5.79884
  5.74620
  5.69417
  5.63849
  5.57858
  5.52075
  5.47057
  5.42750
  5.38821
  5.35047
  5.31839
  5.29203
  5.27756
  5.26277
  5.25158
  5.24206
  5.23963
  5.23770
  5.23747
  5.23729
  5.23725
  5.23725
  5.23726
 
  6.32366
  6.46963
  6.52546
  6.51210
  6.45540
  6.38336
  6.30409
  6.22324
  6.14678
  6.07273
  5.99518
  5.91277
  5.83295
  5.76201
  5.69893
  5.63910
  5.57939
  5.52483
  5.47739
  5.45365
  5.43053
  5.41352
  5.39829
  5.39459
  5.39166
  5.39130
  5.39102
  5.39097
  5.39095
  5.39096
 
  6.76108
  6.90153
  6.94053
  6.90321
  6.81941
  6.72086
  6.61651
  6.51229
  6.41441
  6.32085
  6.22587
  6.12767
  6.03272
  5.94623
  5.86712
  5.79093
  5.71458
  5.64258
  5.57810
  5.54733
  5.51786
  5.49609
  5.47542
  5.47045
  5.46654
  5.46605
  5.46568
  5.46562
  5.46558
  5.46560
 
  7.54679
  7.64433
  7.62892
  7.53276
  7.38980
  7.23504
  7.07788
  6.92430
  6.78058
  6.64570
  6.51682
  6.39164
  6.27213
  6.15924
  6.05211
  5.94776
  5.84400
  5.74330
  5.64936
  5.60582
  5.56420
  5.53280
  5.50141
  5.49386
  5.48788
  5.48711
  5.48654
  5.48645
  5.48640
  5.48640
 
  8.11587
  8.09592
  8.01667
  7.89441
  7.73431
  7.54437
  7.33607
  7.12526
  6.92931
  6.75171
  6.59260
  6.44937
  6.31876
  6.19590
  6.07802
  5.95881
  5.83431
  5.71215
  5.60217
  5.55209
  5.50123
  5.46008
  5.42232
  5.41311
  5.40553
  5.40461
  5.40387
  5.40377
  5.40372
  5.40371
 
  9.02028
  8.75979
  8.48894
  8.22615
  7.97111
  7.72355
  7.48369
  7.25187
  7.02752
  6.81226
  6.60738
  6.41259
  6.22982
  6.05908
  5.90142
  5.75815
  5.62934
  5.50972
  5.39590
  5.34364
  5.29592
  5.25482
  5.16842
  5.13542
  5.14593
  5.15154
  5.14779
  5.14578
  5.14867
  5.14698
 
  9.32030
  9.10206
  8.82869
  8.52814
  8.20694
  7.87377
  7.54010
  7.22071
  6.92973
  6.67055
  6.44202
  6.23923
  6.05770
  5.89165
  5.73690
  5.58577
  5.43257
  5.28223
  5.14104
  5.07329
  5.00265
  4.94517
  4.89596
  4.88393
  4.87367
  4.87246
  4.87150
  4.87133
  4.87127
  4.87127
 
  9.67172
  9.37038
  9.02008
  8.65234
  8.27330
  7.89126
  7.51670
  7.16269
  6.84234
  6.55783
  6.30738
  6.08476
  5.88426
  5.70027
  5.52861
  5.36322
  5.19947
  5.04036
  4.89043
  4.81887
  4.74601
  4.68792
  4.63645
  4.62387
  4.61341
  4.61217
  4.61117
  4.61101
  4.61093
  4.61093
 
  9.94407
  9.56863
  9.15152
  8.72688
  8.29996
  7.87847
  7.47169
  7.09069
  6.74757
  6.44368
  6.17595
  5.93715
  5.72006
  5.51947
  5.33144
  5.15207
  4.97831
  4.81137
  4.65436
  4.58040
  4.50750
  4.45098
  4.39810
  4.38522
  4.37487
  4.37363
  4.37259
  4.37247
  4.37237
  4.37235
 
 10.28204
  9.89940
  9.38412
  8.81985
  8.26310
  7.76125
  7.31608
  6.92032
  6.56804
  6.25228
  5.95988
  5.68251
  5.42433
  5.19005
  4.97604
  4.77730
  4.58927
  4.40832
  4.23698
  4.15954
  4.08719
  4.03343
  3.97869
  3.96588
  3.95584
  3.95449
  3.95352
  3.95340
  3.95329
  3.95325
 
 10.71760
 10.03228
  9.37198
  8.76709
  8.21142
  7.70099
  7.23254
  6.80294
  6.41023
  6.05473
  5.73192
  5.43636
  5.16343
  4.91193
  4.68064
  4.46802
  4.27168
  4.08185
  3.89261
  3.80358
  3.72752
  3.67906
  3.62537
  3.61024
  3.60079
  3.60001
  3.59884
  3.59863
  3.59858
  3.59852
 
 11.02909
 10.32386
  9.54386
  8.77298
  8.06099
  7.44331
  6.91007
  6.44636
  6.03776
  5.66953
  5.32342
  4.99010
  4.67685
  4.39009
  4.12894
  3.88561
  3.65579
  3.43948
  3.23796
  3.14425
  3.05784
  2.99683
  2.94147
  2.92893
  2.91925
  2.91800
  2.91708
  2.91695
  2.91687
  2.91682
 
 11.41018
 10.38885
  9.46549
  8.65174
  7.93040
  7.28938
  6.71802
  6.20829
  5.75511
  5.35030
  4.98479
  4.64917
  4.33295
  4.03073
  3.74634
  3.48234
  3.23866
  3.00977
  2.79249
  2.68979
  2.59236
  2.52249
  2.46717
  2.45482
  2.44481
  2.44366
  2.44274
  2.44258
  2.44252
  2.44251
 
 11.82060
 10.54213
  9.45129
  8.52140
  7.71891
  7.02304
  6.41791
  5.88439
  5.40776
  4.97896
  4.58912
  4.23001
  3.89285
  3.57266
  3.27134
  2.99213
  2.73215
  2.48483
  2.24723
  2.13410
  2.02800
  1.95274
  1.89223
  1.87879
  1.86805
  1.86682
  1.86581
  1.86566
  1.86557
  1.86558
 
 12.11766
 10.66662
  9.47346
  8.47127
  7.61933
  6.88889
  6.26142
  5.71254
  5.22085
  4.77621
  4.37090
  3.99741
  3.64791
  3.31762
  3.00710
  2.71830
  2.44989
  2.19270
  1.94354
  1.82459
  1.71421
  1.63597
  1.56910
  1.55410
  1.54240
  1.54104
  1.53990
  1.53975
  1.53962
  1.53962
 
 12.36039
 10.78682
  9.52672
  8.47447
  7.58838
  6.83410
  6.18939
  5.62735
  5.12333
  4.66616
  4.24879
  3.86431
  3.50544
  3.16755
  2.85046
  2.55508
  2.28089
  2.01812
  1.76152
  1.63794
  1.52230
  1.43898
  1.36643
  1.35000
  1.33718
  1.33569
  1.33441
  1.33425
  1.33412
  1.33407
 
 12.56865
 10.90368
  9.59757
  8.50870
  7.59704
  6.82569
  6.16759
  5.59413
  5.07948
  4.61209
  4.18503
  3.79177
  3.42526
  3.08095
  2.75823
  2.45743
  2.17778
  1.91060
  1.64788
  1.52013
  1.39905
  1.31022
  1.23228
  1.21444
  1.20042
  1.19878
  1.19738
  1.19719
  1.19707
  1.19698
 
 12.91413
 11.12452
  9.76219
  8.62608
  7.67968
  6.88526
  6.20799
  5.61687
  5.08578
  4.60326
  4.16228
  3.75618
  3.37783
  3.02247
  2.68919
  2.37777
  2.08647
  1.80834
  1.53324
  1.39754
  1.26633
  1.16723
  1.07820
  1.05725
  1.04062
  1.03866
  1.03700
  1.03678
  1.03663
  1.03655
 
 13.19413
 11.32631
  9.93339
  8.77100
  7.80499
  6.99566
  6.30527
  5.70163
  5.15902
  4.66616
  4.21579
  3.80070
  3.41315
  3.04802
  2.70436
  2.38183
  2.07806
  1.78590
  1.49706
  1.35312
  1.21196
  1.10297
  1.00195
  0.97757
  0.95812
  0.95582
  0.95389
  0.95363
  0.95344
  0.95341
 
 13.71799
 11.73838
 10.31304
  9.12479
  8.14542
  7.31873
  6.61026
  5.98837
  5.42854
  4.91945
  4.45331
  4.02206
  3.61678
  3.23157
  2.86552
  2.51819
  2.18612
  1.85939
  1.53162
  1.36515
  1.19620
  1.05984
  0.92712
  0.89401
  0.86745
  0.86425
  0.86159
  0.86126
  0.86094
  0.86099
 
 14.08506
 12.04348
 10.61279
  9.42530
  8.45121
  7.62286
  6.90935
  6.28027
  5.71192
  5.19309
  4.71614
  4.27298
  3.85451
  3.45459
  3.07206
  2.70607
  2.35187
  1.99622
  1.62838
  1.43801
  1.23803
  1.07116
  0.90612
  0.86456
  0.83120
  0.82717
  0.82375
  0.82330
  0.82302
  0.82283
 
 14.55520
 12.44671
 11.03605
  9.88307
  8.93272
  8.11950
  7.41335
  6.78412
  6.20774
  5.67483
  5.18030
  4.71888
  4.28470
  3.87223
  3.47630
  3.08951
  2.70161
  2.29636
  1.85609
  1.61765
  1.36105
  1.13698
  0.90158
  0.84256
  0.79859
  0.79347
  0.78835
  0.78761
  0.78799
  0.78616
 
 14.86687
 12.64664
 11.26656
 10.18753
  9.30016
  8.52395
  7.83006
  7.19333
  6.59514
  6.03886
  5.53552
  5.08197
  4.65434
  4.23538
  3.82181
  3.41044
  2.99879
  2.58450
  2.10787
  1.81007
  1.48305
  1.20217
  0.91269
  0.83959
  0.78212
  0.77501
  0.76897
  0.76777
  0.76911
  0.76567
 
 14.76493
 12.80947
 11.58127
 10.54463
  9.63704
  8.82589
  8.09974
  7.44679
  6.85795
  6.32424
  5.83654
  5.38454
  4.95566
  4.53961
  4.13075
  3.72083
  3.29533
  2.82630
  2.27967
  1.96523
  1.61333
  1.29870
  0.93525
  0.83339
  0.76939
  0.76364
  0.75586
  0.75445
  0.75658
  0.75162
 
 14.85563
 12.90220
 11.72227
 10.72096
  9.83858
  9.04596
  8.33329
  7.68974
  7.10715
  6.57727
  6.09166
  5.64065
  5.21218
  4.79608
  4.38606
  3.97266
  3.53891
  3.05150
  2.46810
  2.12429
  1.73166
  1.37536
  0.95766
  0.83827
  0.76133
  0.75430
  0.74589
  0.74446
  0.74681
  0.74118
 
 14.95316
 13.00866
 11.91179
 10.96668
 10.12804
  9.36912
  8.68257
  8.05896
  7.49147
  6.97292
  6.49588
  6.05153
  5.62858
  5.21699
  4.80964
  4.39528
  3.95316
  3.44151
  2.80365
  2.41358
  1.95360
  1.52286
  1.00736
  0.85560
  0.75156
  0.74137
  0.73179
  0.73045
  0.73277
  0.72657
 
 14.99543
 13.06375
 12.03056
 11.12910
 10.32580
  9.59554
  8.93231
  8.32780
  7.77596
  7.27041
  6.80431
  6.36943
  5.95498
  5.55099
  5.14982
  4.73903
  4.29520
  3.77022
  3.09553
  2.67115
  2.15813
  1.66348
  1.06024
  0.87880
  0.74699
  0.73312
  0.72224
  0.72105
  0.72300
  0.71680
 
 15.01675
 13.11947
 12.18610
 11.36100
 10.62019
  9.94338
  9.32607
  8.76148
  8.24476
  7.77050
  7.33277
  6.92405
  6.53405
  6.15284
  5.77226
  5.37839
  4.94400
  4.41118
  3.68950
  3.21209
  2.60754
  1.99243
  1.19666
  0.94859
  0.74705
  0.72296
  0.70797
  0.70711
  0.70760
  0.70245
 
 15.00614
 13.13268
 12.25782
 11.48111
 10.78110
 10.14074
  9.55631
  9.02190
  8.53321
  8.08534
  7.67279
  7.28832
  6.92169
  6.56292
  6.20383
  5.83002
  5.41266
  4.88884
  4.15380
  3.64977
  2.98914
  2.28808
  1.33056
  1.02348
  0.75515
  0.72063
  0.70021
  0.69943
  0.69846
  0.69463
 
 14.98013
 13.12971
 12.32260
 11.60294
 10.95240
 10.35827
  9.81713
  9.32415
  8.87560
  8.46718
  8.09376
  7.74833
  7.42045
  7.10001
  6.77926
  6.44404
  6.06484
  5.57478
  4.85243
  4.33076
  3.61111
  2.79713
  1.58092
  1.17185
  0.78115
  0.72655
  0.69252
  0.69108
  0.68812
  0.68630
 
 14.95979
 13.12403
 12.35444
 11.66621
 11.04429
 10.47760
  9.96318
  9.49670
  9.07481
  8.69354
  8.34803
  8.03136
  7.73295
  7.44265
  7.15330
  6.85145
  6.50821
  6.05586
  5.36457
  4.84591
  4.10285
  3.22170
  1.81366
  1.31356
  0.81243
  0.73891
  0.68937
  0.68656
  0.68253
  0.68190
 
 14.93058
 13.11900
 12.37923
 11.71491
 11.11321
 10.56463
 10.06612
  9.61389
  9.20488
  8.83632
  8.50511
  8.20689
  7.93470
  7.67985
  7.43088
  7.16442
  6.84519
  6.41559
  5.75376
  5.24823
  4.50584
  3.59186
  2.03689
  1.44732
  0.84243
  0.75231
  0.68889
  0.68448
  0.68092
  0.67920
 
 14.90115
 13.11545
 12.39670
 11.74852
 11.15972
 10.62258
 10.13484
  9.69380
  9.29746
  8.94326
  8.62817
  8.34767
  8.09448
  7.85987
  7.63311
  7.39182
  7.10123
  6.70262
  6.07156
  5.57931
  4.84314
  3.91079
  2.24242
  1.57450
  0.87509
  0.76820
  0.68910
  0.68326
  0.67873
  0.67737
 
 14.88514
 13.12500
 12.42131
 11.78726
 11.21357
 10.69291
 10.22309
  9.80137
  9.42547
  9.09284
  8.80024
  8.54280
  8.31236
  8.10113
  7.90388
  7.70856
  7.48467
  7.15226
  6.56577
  6.09270
  5.38176
  4.44239
  2.60587
  1.81623
  0.94065
  0.80199
  0.69170
  0.68208
  0.67588
  0.67506
 
 14.86020
 13.12947
 12.44036
 11.81849
 11.25569
 10.74563
 10.28648
  9.87561
  9.51112
  9.19075
  8.91173
  8.66968
  8.45709
  8.26696
  8.09512
  7.93086
  7.74530
  7.45925
  6.92726
  6.48410
  5.80117
  4.86591
  2.92683
  2.03944
  1.00443
  0.83650
  0.69589
  0.68212
  0.67439
  0.67364
 
 14.79358
 13.13502
 12.47629
 11.87697
 11.33096
 10.83462
 10.38726
  9.98775
  9.63592
  9.33056
  9.07005
  8.85170
  8.67034
  8.52016
  8.39483
  8.27757
  8.14010
  7.92953
  7.52647
  7.16092
  6.54126
  5.63689
  3.59614
  2.52656
  1.15583
  0.92137
  0.70934
  0.68591
  0.67281
  0.67174
 
 14.73687
 13.14531
 12.49587
 11.90467
 11.36634
 10.87801
 10.43896
 10.04810
  9.70527
  9.40963
  9.15992
  8.95403
  8.78748
  8.65556
  8.55354
  8.46704
  8.37125
  8.21824
  7.89814
  7.58934
  7.04025
  6.19517
  4.11333
  2.92345
  1.29850
  1.00859
  0.72646
  0.68850
  0.67253
  0.67078
 
 14.58061
 13.15443
 12.51518
 11.93276
 11.40250
 10.92228
 10.49147
 10.10921
  9.77556
  9.49012
  9.25217
  9.06011
  8.91047
  8.79984
  8.72550
  8.67626
  8.63233
  8.55427
  8.34723
  8.11677
  7.66602
  6.92099
  4.89413
  3.58277
  1.55636
  1.16444
  0.76152
  0.70266
  0.67391
  0.66982
 
 14.44537
 13.15770
 12.52400
 11.94605
 11.42008
 10.94402
 10.51731
 10.13930
  9.81007
  9.52959
  9.29755
  9.11288
  8.97303
  8.87553
  8.81831
  8.79080
  8.77590
  8.74317
  8.61240
  8.43703
  8.05495
  7.37874
  5.44887
  4.11938
  1.79246
  1.30395
  0.79551
  0.72250
  0.67406
  0.66933
 
 14.34623
 13.16046
 12.52986
 11.95339
 11.42843
 10.95419
 10.52995
 10.15555
  9.83109
  9.55601
  9.32901
  9.14874
  9.01376
  8.92284
  8.87473
  8.86014
  8.86486
  8.86515
  8.78415
  8.64217
  8.31833
  7.73041
  5.90823
  4.52668
  1.99770
  1.44117
  0.83271
  0.73695
  0.67987
  0.66904
 
 14.27758
 13.15942
 12.53158
 11.95836
 11.43663
 10.96487
 10.54242
 10.16921
  9.84551
  9.57143
  9.34686
  9.17097
  9.04146
  8.95659
  8.91547
  8.90985
  8.92685
  8.94488
  8.90296
  8.79987
  8.52545
  7.97839
  6.22970
  4.89501
  2.21058
  1.56690
  0.86584
  0.75748
  0.67804
  0.66884
 
 14.19126
 13.16079
 12.53578
 11.96504
 11.44549
 10.97610
 10.55609
 10.18555
  9.86481
  9.59403
  9.37318
  9.20169
  9.07744
  8.99927
  8.96681
  8.97311
  9.00764
  9.05361
  9.06223
  9.00322
  8.80048
  8.34788
  6.75861
  5.45764
  2.58863
  1.80301
  0.93413
  0.79311
  0.68301
  0.66859
 
 14.13688
 13.16182
 12.53852
 11.96923
 11.45121
 10.98324
 10.56483
 10.19595
  9.87704
  9.60822
  9.38956
  9.22070
  9.09964
  9.02556
  8.99851
  9.01233
  9.05799
  9.12160
  9.16271
  9.13340
  8.98178
  8.60099
  7.14742
  5.89191
  2.91889
  2.01742
  0.99983
  0.82849
  0.68874
  0.66844
 
 14.05363
 13.16283
 12.54214
 11.97492
 11.45894
 10.99307
 10.57686
 10.21032
  9.89382
  9.62763
  9.41195
  9.24661
  9.12994
  9.06135
  9.04172
  9.06609
  9.12756
  9.21585
  9.30310
  9.31783
  9.24626
  8.98646
  7.79421
  6.65682
  3.59749
  2.49495
  1.15429
  0.91469
  0.70498
  0.66825
 
 14.00535
 13.16276
 12.54369
 11.97762
 11.46272
 10.99801
 10.58284
 10.21741
  9.90213
  9.63733
  9.42323
  9.25978
  9.14544
  9.07968
  9.06395
  9.09392
  9.16389
  9.26528
  9.37709
  9.41581
  9.38960
  9.20439
  8.19947
  7.16523
  4.12656
  2.91252
  1.29768
  0.99758
  0.72255
  0.66815
 
 13.95386
 13.16396
 12.54603
 11.97982
 11.46461
 11.00026
 10.58634
 10.22286
  9.91030
  9.64830
  9.43622
  9.27380
  9.16104
  9.09846
  9.08729
  9.12191
  9.19719
  9.31285
  9.46092
  9.52908
  9.53917
  9.40289
  8.67637
  7.92897
  4.89439
  3.52458
  1.55733
  1.16962
  0.75879
  0.66805
 
 13.92660
 13.16424
 12.54721
 11.98133
 11.46641
 11.00224
 10.58870
 10.22557
  9.91332
  9.65194
  9.44132
  9.28116
  9.17019
  9.10827
  9.09760
  9.13513
  9.21770
  9.34315
  9.49629
  9.56915
  9.61708
  9.56838
  8.96727
  8.23560
  5.50024
  4.09663
  1.78840
  1.30129
  0.79595
  0.66801
 
 13.91037
 13.16501
 12.54805
 11.98206
 11.46689
 11.00297
 10.58978
 10.22731
  9.91567
  9.65487
  9.44482
  9.28519
  9.17491
  9.11397
  9.10466
  9.14408
  9.22925
  9.35889
  9.52085
  9.60236
  9.66505
  9.64560
  9.15963
  8.51605
  5.93932
  4.52190
  2.02326
  1.43839
  0.83182
  0.66798
 
 13.89909
 13.16561
 12.54868
 11.98254
 11.46731
 11.00353
 10.59068
 10.22857
  9.91730
  9.65686
  9.44713
  9.28791
  9.17811
  9.11783
  9.10939
  9.15008
  9.23705
  9.36952
  9.53744
  9.62494
  9.69764
  9.69825
  9.29691
  8.72237
  6.28988
  4.87944
  2.24835
  1.56773
  0.86694
  0.66796
 
 13.88382
 13.16578
 12.54932
 11.98345
 11.46857
 11.00513
 10.59262
 10.23071
  9.91959
  9.65930
  9.44990
  9.29126
  9.18217
  9.12270
  9.11527
  9.15743
  9.24667
  9.38280
  9.55818
  9.65314
  9.73934
  9.76660
  9.47876
  9.00574
  6.82029
  5.45261
  2.64306
  1.84652
  0.93489
  0.66794
 
 13.87372
 13.16261
 12.54724
 11.98411
 11.47176
 11.00955
 10.59696
 10.23417
  9.92185
  9.66040
  9.45022
  9.29151
  9.18302
  9.12473
  9.11910
  9.16333
  9.25425
  9.38982
  9.56763
  9.67044
  9.76688
  9.81020
  9.59653
  9.18677
  7.19791
  5.90496
  2.98553
  2.08408
  1.00042
  0.66792
 
