  2.41518
  2.47514
  2.53118
  2.58374
  2.63263
  2.67780
  2.71956
  2.75862
  2.79615
  2.83255
  2.86812
  2.90355
  2.94031
  2.97965
  3.02131
  3.06414
  3.10643
  3.14593
  3.17966
  3.19449
  3.21099
  3.22692
  3.24654
  3.25194
  3.25630
  3.25684
  3.25731
  3.25736
  3.25741
  3.25742
 
  3.02583
  3.07547
  3.12255
  3.16795
  3.21141
  3.25265
  3.29138
  3.32736
  3.36045
  3.39069
  3.41851
  3.44473
  3.47128
  3.49998
  3.53130
  3.56563
  3.60331
  3.64417
  3.68679
  3.70687
  3.72277
  3.73136
  3.74297
  3.74724
  3.74901
  3.74905
  3.74933
  3.74933
  3.74952
  3.74942
 
  3.50473
  3.55380
  3.59895
  3.64139
  3.68078
  3.71680
  3.74911
  3.77745
  3.80168
  3.82193
  3.83889
  3.85371
  3.86896
  3.88710
  3.90887
  3.93505
  3.96634
  4.00282
  4.04305
  4.06217
  4.07544
  4.08004
  4.08733
  4.09071
  4.09133
  4.09118
  4.09136
  4.09133
  4.09155
  4.09143
 
  4.22028
  4.29134
  4.34780
  4.39148
  4.42246
  4.44148
  4.45027
  4.45202
  4.45086
  4.44815
  4.44479
  4.44205
  4.44207
  4.44670
  4.45577
  4.46771
  4.48126
  4.49790
  4.51892
  4.53001
  4.53825
  4.54139
  4.54374
  4.54415
  4.54425
  4.54423
  4.54424
  4.54425
  4.54427
  4.54425
 
  4.75842
  4.85368
  4.91666
  4.95312
  4.96877
  4.97053
  4.96160
  4.94579
  4.92788
  4.90903
  4.88958
  4.87031
  4.85273
  4.83852
  4.82820
  4.82194
  4.82012
  4.82367
  4.83063
  4.83295
  4.83399
  4.83360
  4.83247
  4.83199
  4.83154
  4.83148
  4.83144
  4.83143
  4.83142
  4.83143
 
  5.18405
  5.30303
  5.37116
  5.39864
  5.39763
  5.38198
  5.35652
  5.32559
  5.29426
  5.26243
  5.22797
  5.19095
  5.15577
  5.12644
  5.10284
  5.08294
  5.06551
  5.05372
  5.04721
  5.04287
  5.03774
  5.03333
  5.02934
  5.02819
  5.02725
  5.02714
  5.02705
  5.02703
  5.02701
  5.02702
 
  5.53756
  5.67350
  5.74333
  5.76105
  5.74420
  5.71237
  5.67164
  5.62679
  5.58310
  5.53954
  5.49210
  5.44032
  5.39050
  5.34818
  5.31274
  5.28058
  5.24940
  5.22378
  5.20475
  5.19448
  5.18397
  5.17598
  5.16914
  5.16735
  5.16592
  5.16575
  5.16562
  5.16558
  5.16557
  5.16558
 
  6.10318
  6.25383
  6.31770
  6.31453
  6.26921
  6.20883
  6.14109
  6.07133
  6.00516
  5.94065
  5.87211
  5.79828
  5.72665
  5.66355
  5.60785
  5.55476
  5.50109
  5.45237
  5.41148
  5.39149
  5.37218
  5.35806
  5.34530
  5.34217
  5.33972
  5.33942
  5.33919
  5.33915
  5.33912
  5.33914
 
  6.54530
  6.69324
  6.74291
  6.71807
  6.64761
  6.56245
  6.47118
  6.37938
  6.29295
  6.20987
  6.12452
  6.03518
  5.94842
  5.86953
  5.79737
  5.72737
  5.65647
  5.58972
  5.53098
  5.50332
  5.47702
  5.45767
  5.43917
  5.43473
  5.43125
  5.43079
  5.43046
  5.43041
  5.43037
  5.43040
 
  7.34381
  7.45399
  7.45415
  7.37484
  7.24900
  7.11081
  6.96945
  6.83060
  6.70035
  6.57762
  6.45948
  6.34369
  6.23239
  6.12674
  6.02584
  5.92676
  5.82743
  5.73072
  5.64065
  5.59883
  5.55890
  5.52883
  5.49883
  5.49161
  5.48591
  5.48517
  5.48463
  5.48455
  5.48449
  5.48449
 
  7.89660
  7.95593
  7.90188
  7.76997
  7.59464
  7.41057
  7.22681
  7.04855
  6.88134
  6.72575
  6.58141
  6.44622
  6.31874
  6.19642
  6.07845
  5.96266
  5.84737
  5.73404
  5.62520
  5.57318
  5.52254
  5.48386
  5.44624
  5.43701
  5.42968
  5.42873
  5.42802
  5.42793
  5.42785
  5.42785
 
  8.84549
  8.60886
  8.36153
  8.12086
  7.88660
  7.65858
  7.43700
  7.22219
  7.01365
  6.81290
  6.62113
  6.43807
  6.26560
  6.10362
  5.95316
  5.81539
  5.69032
  5.57291
  5.45975
  5.40689
  5.35771
  5.31527
  5.23116
  5.19989
  5.20886
  5.21391
  5.21035
  5.20849
  5.21114
  5.20955
 
  9.16337
  8.96963
  8.72120
  8.44442
  8.14556
  7.83315
  7.51844
  7.21602
  6.94013
  6.69429
  6.47753
  6.28544
  6.11392
  5.95739
  5.81152
  5.66795
  5.52029
  5.37334
  5.23315
  5.16493
  5.09364
  5.03554
  4.98540
  4.97303
  4.96251
  4.96126
  4.96028
  4.96011
  4.96006
  4.95999
 
  9.52697
  9.25222
  8.92826
  8.58501
  8.22850
  7.86696
  7.51081
  7.17318
  6.86734
  6.59564
  6.35660
  6.14455
  5.95420
  5.78013
  5.61807
  5.46115
  5.30396
  5.14926
  5.00113
  4.92941
  4.85604
  4.79729
  4.74446
  4.73144
  4.72062
  4.71934
  4.71829
  4.71813
  4.71805
  4.71801
 
  9.80936
  9.46220
  9.07240
  8.67250
  8.26790
  7.86635
  7.47720
  7.11178
  6.78243
  6.49072
  6.23393
  6.00540
  5.79836
  5.60775
  5.42956
  5.25923
  5.09297
  4.93158
  4.77750
  4.70390
  4.63090
  4.57382
  4.51935
  4.50593
  4.49516
  4.49388
  4.49279
  4.49265
  4.49255
  4.49253
 
 10.16504
  9.80905
  9.32191
  8.78389
  8.25006
  7.76700
  7.33729
  6.95479
  6.61443
  6.30954
  6.02729
  5.75972
  5.51112
  5.28623
  5.08161
  4.89229
  4.71327
  4.53958
  4.37298
  4.29734
  4.22592
  4.17180
  4.11534
  4.10197
  4.09146
  4.09005
  4.08901
  4.08888
  4.08878
  4.08879
 
 10.60998
  9.95592
  9.32375
  8.74285
  8.20788
  7.71531
  7.26229
  6.84610
  6.46499
  6.11943
  5.80538
  5.51794
  5.25302
  5.00962
  4.78673
  4.58304
  4.39605
  4.21518
  4.03322
  3.94674
  3.87198
  3.82327
  3.76829
  3.75252
  3.74263
  3.74180
  3.74056
  3.74034
  3.74031
  3.74030
 
 10.93490
 10.26767
  9.51805
  8.77033
  8.07588
  7.47194
  6.94993
  6.49593
  6.09622
  5.73616
  5.39738
  5.07069
  4.76397
  4.48400
  4.22994
  3.99427
  3.77272
  3.56487
  3.37163
  3.28171
  3.19803
  3.13783
  3.08160
  3.06865
  3.05857
  3.05726
  3.05630
  3.05617
  3.05608
  3.05606
 
 11.32090
 10.34130
  9.44898
  8.65800
  7.95341
  7.32471
  6.76266
  6.26041
  5.81371
  5.41483
  5.05504
  4.72509
  4.41455
  4.11794
  3.83904
  3.58074
  3.34346
  3.12196
  2.91314
  2.81468
  2.72038
  2.65168
  2.59631
  2.58371
  2.57343
  2.57225
  2.57130
  2.57114
  2.57108
  2.57100
 
 11.72967
 10.50008
  9.44162
  8.53386
  7.74656
  7.06096
  6.46263
  5.93412
  5.46185
  5.03715
  4.65142
  4.29645
  3.96337
  3.64707
  3.34939
  3.07351
  2.81715
  2.57480
  2.34434
  2.23541
  2.13302
  2.06000
  2.00061
  1.98726
  1.97656
  1.97533
  1.97434
  1.97419
  1.97410
  1.97402
 
 12.01802
 10.62265
  9.46333
  8.48352
  7.64614
  6.92502
  6.30304
  5.75771
  5.26918
  4.82771
  4.42567
  4.05553
  3.70932
  3.38210
  3.07433
  2.78778
  2.52145
  2.26764
  2.02429
  1.90913
  1.80266
  1.72743
  1.66258
  1.64796
  1.63660
  1.63529
  1.63417
  1.63403
  1.63390
  1.63389
 
 12.24969
 10.73783
  9.51321
  8.48407
  7.61243
  6.86692
  6.22697
  5.66764
  5.16607
  4.71152
  4.29695
  3.91539
  3.55941
  3.22418
  2.90944
  2.61588
  2.34315
  2.08290
  1.83113
  1.71091
  1.59905
  1.51905
  1.44931
  1.43355
  1.42131
  1.41989
  1.41866
  1.41851
  1.41839
  1.41842
 
 12.44680
 10.84874
  9.57962
  8.51476
  7.61774
  6.85482
  6.20104
  5.62986
  5.11729
  4.65218
  4.22767
  3.83707
  3.47323
  3.13138
  2.81084
  2.51172
  2.23336
  1.96825
  1.70966
  1.58489
  1.46740
  1.38199
  1.30752
  1.29058
  1.27732
  1.27577
  1.27444
  1.27427
  1.27415
  1.27419
 
 12.77372
 11.05866
  9.73520
  8.62456
  7.69343
  6.90733
  6.23411
  5.64506
  5.11583
  4.63538
  4.19670
  3.79303
  3.41709
  3.06401
  2.73279
  2.42311
  2.13330
  1.85699
  1.58512
  1.45184
  1.32388
  1.22829
  1.14365
  1.12395
  1.10833
  1.10650
  1.10494
  1.10473
  1.10460
  1.10456
 
 13.04079
 11.25152
  9.89826
  8.76210
  7.81184
  7.01119
  6.32514
  5.72386
  5.18333
  4.69262
  4.24451
  3.83175
  3.44648
  3.08350
  2.74189
  2.42129
  2.11940
  1.82923
  1.54307
  1.40118
  1.26306
  1.15768
  1.06167
  1.03876
  1.02052
  1.01836
  1.01656
  1.01632
  1.01614
  1.01599
 
 13.54969
 11.64941
 10.26129
  9.09873
  8.13515
  7.31843
  6.61621
  5.99859
  5.44224
  4.93618
  4.47272
  4.04389
  3.64076
  3.25751
  2.89343
  2.54837
  2.21896
  1.89480
  1.56933
  1.40451
  1.23847
  1.10597
  0.97930
  0.94801
  0.92290
  0.91989
  0.91741
  0.91710
  0.91680
  0.91673
 
 13.91528
 11.94713
 10.54806
  9.38365
  8.42463
  7.60762
  6.90269
  6.28033
  5.71734
  5.20282
  4.72932
  4.28890
  3.87260
  3.47447
  3.09374
  2.73004
  2.37883
  2.02620
  1.66105
  1.47235
  1.27545
  1.11269
  0.95432
  0.91484
  0.88318
  0.87936
  0.87610
  0.87565
  0.87539
  0.87566
 
 14.41890
 12.31112
 10.91693
  9.80359
  8.89244
  8.10361
  7.40819
  6.78014
  6.19942
  5.66281
  5.17248
  4.72320
  4.29896
  3.88817
  3.48804
  3.09553
  2.70759
  2.32033
  1.89637
  1.65020
  1.38824
  1.16700
  0.94499
  0.89012
  0.84755
  0.84202
  0.83704
  0.83614
  0.83668
  0.83708
 
 14.72322
 12.52864
 11.15697
 10.09684
  9.23112
  8.47324
  7.79359
  7.16742
  6.57640
  6.02560
  5.52819
  5.08127
  4.65847
  4.24119
  3.82766
  3.41710
  3.00851
  2.59853
  2.12751
  1.83347
  1.51087
  1.23445
  0.95222
  0.88233
  0.82912
  0.82233
  0.81571
  0.81435
  0.81578
  0.81578
 
 14.90379
 12.66109
 11.32420
 10.31168
  9.48565
  8.75432
  8.08903
  7.46707
  6.87249
  6.31574
  5.81706
  5.37509
  4.95653
  4.53778
  4.11745
  3.69609
  3.27356
  2.84590
  2.33712
  2.00512
  1.63037
  1.30571
  0.96666
  0.88152
  0.81684
  0.80883
  0.80103
  0.79933
  0.80142
  0.80073
 
 15.01215
 12.74548
 11.44865
 10.47642
  9.68408
  8.97507
  8.32238
  7.70582
  7.11192
  6.55449
  6.05800
  5.62205
  5.20890
  4.79153
  4.36856
  3.94108
  3.50901
  3.06691
  2.52702
  2.16454
  1.74636
  1.37762
  0.98509
  0.88482
  0.80804
  0.79876
  0.79004
  0.78808
  0.79062
  0.78920
 
 14.76831
 12.89787
 11.81105
 10.87246
 10.03996
  9.28823
  8.60968
  7.99488
  7.43677
  6.92788
  6.46038
  6.02495
  5.60944
  5.20331
  4.79966
  4.38766
  3.94746
  3.43920
  2.80836
  2.42363
  1.97044
  1.54583
  1.03800
  0.89004
  0.79445
  0.78549
  0.77471
  0.77278
  0.77578
  0.77260
 
 14.80647
 12.95111
 11.92538
 11.02920
 10.23110
  9.50733
  8.85165
  8.25563
  7.71304
  7.21716
  6.76078
  6.33509
  5.92843
  5.53029
  5.13320
  4.72517
  4.28360
  3.76240
  3.09524
  2.67661
  2.17094
  1.68317
  1.08796
  0.91057
  0.78844
  0.77609
  0.76415
  0.76234
  0.76500
  0.76122
 
 14.86408
 13.02927
 12.08678
 11.25478
 10.51021
  9.83364
  9.21986
  8.66175
  8.15388
  7.69024
  7.26412
  6.86688
  6.48664
  6.11252
  5.73709
  5.34799
  4.92125
  4.40577
  3.70869
  3.23461
  2.61335
  1.98263
  1.21280
  0.97986
  0.78681
  0.76386
  0.74840
  0.74623
  0.74780
  0.74425
 
 14.82774
 13.02691
 12.14777
 11.36778
 10.66638
 10.02739
  9.44667
  8.91814
  8.43710
  7.99832
  7.59575
  7.22147
  6.86412
  6.51306
  6.16060
  5.79337
  5.38465
  4.87597
  4.16077
  3.66037
  2.98933
  2.27910
  1.34461
  1.04993
  0.79177
  0.75943
  0.73980
  0.73785
  0.73819
  0.73490
 
 14.73818
 12.98208
 12.18459
 11.47268
 10.82951
 10.24288
  9.70939
  9.22426
  8.78370
  8.38333
  8.01791
  7.68016
  7.35929
  7.04489
  6.72930
  6.39864
  6.02400
  5.53987
  4.82690
  4.31202
  3.60137
  2.79714
  1.59503
  1.19167
  0.81353
  0.76189
  0.73074
  0.72941
  0.72623
  0.72484
 
 14.70081
 12.96425
 12.20642
 11.52797
 10.91487
 10.35664
  9.85037
  9.39181
  8.97765
  8.60385
  8.26557
  7.95579
  7.66372
  7.37912
  7.09492
  6.79793
  6.45972
  6.01380
  5.33223
  4.82051
  4.08669
  3.21581
  1.82395
  1.33047
  0.84218
  0.77198
  0.72679
  0.72447
  0.71986
  0.71950
 
 14.66124
 12.95031
 12.22305
 11.56976
 10.97801
 10.43905
  9.94968
  9.50599
  9.10481
  8.74339
  8.41875
  8.12661
  7.86014
  7.61070
  7.36672
  7.10455
  6.78927
  6.36564
  5.71498
  5.21780
  4.48600
  3.58274
  2.04361
  1.46135
  0.86994
  0.78393
  0.72586
  0.72162
  0.71801
  0.71619
 
 14.62348
 12.94095
 12.23646
 11.60035
 11.02216
 10.49470
 10.01576
  9.58278
  9.19379
  8.84633
  8.53742
  8.26271
  8.01502
  7.78571
  7.56403
  7.32750
  7.04158
  6.64912
  6.02820
  5.54378
  4.81851
  3.89793
  2.24664
  1.58661
  0.90078
  0.79831
  0.72554
  0.72015
  0.71546
  0.71394
 
 14.60155
 12.94452
 12.25586
 11.63460
 11.07185
 10.56110
 10.10006
  9.68617
  9.31727
  8.99087
  8.70389
  8.45159
  8.22600
  8.01954
  7.82711
  7.63687
  7.41857
  7.09277
  6.51550
  6.04958
  5.34970
  4.42317
  2.60558
  1.82514
  0.96363
  0.82963
  0.72710
  0.71867
  0.71204
  0.71110
 
 14.57736
 12.94801
 12.27341
 11.66389
 11.11180
 10.61133
 10.16062
  9.75726
  9.39940
  9.08492
  8.81113
  8.57387
  8.36587
  8.18036
  8.01329
  7.85413
  7.67423
  7.39475
  6.87156
  6.43527
  5.76334
  4.84137
  2.92288
  2.04553
  1.02523
  0.86231
  0.73046
  0.71828
  0.71014
  0.70935
 
 14.51992
 12.95695
 12.31054
 11.72165
 11.18475
 10.69657
 10.25644
  9.86351
  9.51758
  9.21764
  8.96211
  8.74838
  8.57140
  8.42559
  8.30476
  8.19247
  8.06068
  7.85649
  7.46138
  7.10185
  6.49217
  5.60158
  3.58583
  2.52672
  1.17258
  0.94390
  0.74217
  0.72104
  0.70799
  0.70700
 
 14.47445
 12.97061
 12.33101
 11.74874
 11.21850
 10.73749
 10.30534
  9.92074
  9.58355
  9.29302
  9.04800
  8.84642
  8.68400
  8.55617
  8.45830
  8.37623
  8.28539
  8.13817
  7.82601
  7.52343
  6.98448
  6.15327
  4.09682
  2.91800
  1.31289
  1.02935
  0.75784
  0.72232
  0.70729
  0.70583
 
 14.33487
 12.98113
 12.35041
 11.77579
 11.25273
 10.77943
 10.35496
  9.97860
  9.65024
  9.36949
  9.13579
  8.94754
  8.80142
  8.69413
  8.62311
  8.57744
  8.53770
  8.46499
  8.26589
  8.04160
  7.60043
  6.86885
  4.86929
  3.56978
  1.56693
  1.18218
  0.79053
  0.73451
  0.70872
  0.70463
 
 14.21017
 12.98356
 12.35828
 11.78809
 11.26921
 10.79991
 10.37937
 10.00702
  9.68287
  9.40683
  9.17876
  8.99758
  8.86079
  8.76600
  8.71134
  8.68655
  8.67508
  8.64752
  8.52524
  8.35614
  7.98257
  7.31779
  5.41715
  4.10304
  1.80028
  1.31851
  0.82237
  0.75343
  0.70878
  0.70403
 
 14.11759
 12.98336
 12.36177
 11.79456
 11.27831
 10.81150
 10.39341
 10.02373
  9.70269
  9.43025
  9.20642
  9.03020
  8.89922
  8.81152
  8.76590
  8.75345
  8.76012
  8.76165
  8.69043
  8.56238
  8.24861
  7.65344
  5.84464
  4.52101
  2.01272
  1.45197
  0.85610
  0.76937
  0.71050
  0.70367
 
 14.05356
 12.98295
 12.36403
 11.79881
 11.28444
 10.81938
 10.40303
 10.03528
  9.71639
  9.44642
  9.22543
  9.05256
  8.92553
  8.84274
  8.80344
  8.79965
  8.81904
  8.84115
  8.80682
  8.70977
  8.44386
  7.90781
  6.18730
  4.86995
  2.21438
  1.57812
  0.88971
  0.78584
  0.71245
  0.70343
 
 13.97287
 12.98287
 12.36705
 11.80454
 11.29251
 10.82986
 10.41587
 10.05068
  9.73463
  9.46782
  9.25033
  9.08161
  8.95962
  8.88316
  8.85215
  8.85978
  8.89599
  8.94499
  8.95990
  8.90637
  8.71202
  8.27049
  6.70831
  5.42530
  2.58795
  1.81180
  0.95573
  0.81939
  0.71689
  0.70312
 
 13.92027
 12.98602
 12.37245
 11.80914
 11.29592
 10.83345
 10.42122
 10.05869
  9.74580
  9.48228
  9.26771
  9.10144
  8.98180
  8.90814
  8.88118
  8.89564
  8.94352
  9.01107
  9.05613
  9.02956
  8.88877
  8.52155
  7.08224
  5.86151
  2.91550
  2.02189
  1.02012
  0.85238
  0.72286
  0.70294
 
 13.84588
 12.98548
 12.37380
 11.81373
 11.30388
 10.84398
 10.43348
 10.07247
  9.76128
  9.49992
  9.28823
  9.12577
  9.01075
  8.94254
  8.92251
  8.94659
  9.00905
  9.10069
  9.19038
  9.20538
  9.14358
  8.89758
  7.71562
  6.61923
  3.58970
  2.49188
  1.17030
  0.93620
  0.73790
  0.70270
 
 13.80292
 12.98453
 12.37423
 11.81627
 11.30858
 10.85041
 10.44106
 10.08070
  9.76980
  9.50865
  9.29754
  9.13644
  9.02388
  8.95935
  8.94438
  8.97467
  9.04455
  9.14609
  9.25945
  9.30079
  9.28073
  9.10566
  8.12509
  7.10855
  4.11076
  2.90956
  1.31159
  1.01676
  0.75336
  0.70257
 
 13.75752
 12.98726
 12.37774
 11.81911
 11.31069
 10.85246
 10.44415
 10.08568
  9.77736
  9.51891
  9.30975
  9.14960
  9.03851
  8.97706
  8.96641
  9.00099
  9.07570
  9.19082
  9.33949
  9.40932
  9.42327
  9.29398
  8.59253
  7.86728
  4.86944
  3.51103
  1.56780
  1.18671
  0.78756
  0.70245
 
 13.73277
 12.98806
 12.37931
 11.82079
 11.31235
 10.85428
 10.44632
 10.08821
  9.78019
  9.52232
  9.31452
  9.15656
  9.04718
  8.98622
  8.97590
  9.01324
  9.09510
  9.21979
  9.37269
  9.44623
  9.49693
  9.45499
  8.87704
  8.16313
  5.47042
  4.07880
  1.79623
  1.31536
  0.82275
  0.70239
 
 13.71779
 12.98823
 12.37964
 11.82120
 11.31290
 10.85508
 10.44749
 10.08984
  9.78236
  9.52504
  9.31779
  9.16036
  9.05161
  8.99151
  8.98239
  9.02150
  9.10596
  9.23464
  9.39584
  9.47766
  9.54216
  9.52822
  9.06456
  8.43815
  5.90362
  4.49879
  2.02815
  1.45077
  0.85674
  0.70236
 
 13.70734
 12.98824
 12.37976
 11.82137
 11.31331
 10.85582
 10.44841
 10.09103
  9.78387
  9.52688
  9.31999
  9.16295
  9.05462
  8.99510
  8.98676
  9.02705
  9.11326
  9.24460
  9.41143
  9.49898
  9.57291
  9.57811
  9.19780
  8.63980
  6.24899
  4.85175
  2.24922
  1.57868
  0.89024
  0.70233
 
 13.69311
 12.98793
 12.37979
 11.82207
 11.31445
 10.85729
 10.45019
 10.09300
  9.78597
  9.52915
  9.32259
  9.16608
  9.05843
  8.99968
  8.99232
  9.03398
  9.12230
  9.25704
  9.43091
  9.52558
  9.61241
  9.64300
  9.37275
  8.91558
  6.77087
  5.41735
  2.63787
  1.85311
  0.95583
  0.70230
 
 13.68421
 12.98566
 12.37851
 11.82282
 11.31743
 10.86129
 10.45423
 10.09631
  9.78815
  9.53018
  9.32282
  9.16623
  9.05921
  9.00172
  8.99619
  9.03983
  9.12957
  9.26349
  9.43967
  9.54202
  9.63893
  9.68479
  9.48504
  9.09075
  7.14191
  5.86422
  2.97603
  2.08670
  1.02009
  0.70228
 
