  2.33528
  2.39426
  2.44966
  2.50186
  2.55067
  2.59605
  2.63825
  2.67795
  2.71619
  2.75335
  2.78967
  2.82575
  2.86297
  2.90248
  2.94414
  2.98713
  3.03001
  3.07023
  3.10450
  3.11975
  3.13728
  3.15458
  3.17517
  3.18079
  3.18541
  3.18598
  3.18647
  3.18652
  3.18657
  3.18658
 
  2.92173
  2.97432
  3.02432
  3.07254
  3.11869
  3.16245
  3.20347
  3.24152
  3.27638
  3.30809
  3.33711
  3.36426
  3.39166
  3.42124
  3.45350
  3.48890
  3.52786
  3.57048
  3.61552
  3.63690
  3.65365
  3.66250
  3.67518
  3.68009
  3.68202
  3.68204
  3.68237
  3.68238
  3.68259
  3.68247
 
  3.38713
  3.44748
  3.50086
  3.54842
  3.59002
  3.62575
  3.65613
  3.68232
  3.70595
  3.72755
  3.74770
  3.76719
  3.78778
  3.81112
  3.83766
  3.86768
  3.90116
  3.93720
  3.97398
  3.99160
  4.00722
  4.01708
  4.02518
  4.02711
  4.02860
  4.02876
  4.02889
  4.02890
  4.02891
  4.02892
 
  4.10847
  4.18169
  4.24076
  4.28738
  4.32157
  4.34400
  4.35627
  4.36143
  4.36347
  4.36369
  4.36301
  4.36273
  4.36511
  4.37212
  4.38369
  4.39844
  4.41519
  4.43514
  4.45916
  4.47153
  4.48092
  4.48496
  4.48875
  4.48956
  4.48996
  4.48998
  4.49004
  4.49004
  4.49007
  4.49004
 
  4.65180
  4.74812
  4.81262
  4.85104
  4.86921
  4.87409
  4.86874
  4.85667
  4.84227
  4.82676
  4.81066
  4.79480
  4.78050
  4.76927
  4.76177
  4.75852
  4.76019
  4.76733
  4.77740
  4.78107
  4.78349
  4.78430
  4.78460
  4.78449
  4.78437
  4.78435
  4.78434
  4.78433
  4.78434
  4.78433
 
  5.07977
  5.20493
  5.27467
  5.30092
  5.29895
  5.28553
  5.26496
  5.23977
  5.21299
  5.18455
  5.15332
  5.11997
  5.08850
  5.06256
  5.04213
  5.02547
  5.01155
  5.00318
  4.99973
  4.99690
  4.99334
  4.99022
  4.98763
  4.98687
  4.98622
  4.98615
  4.98609
  4.98608
  4.98607
  4.98609
 
  5.45830
  5.55686
  5.62190
  5.65717
  5.66366
  5.64435
  5.60477
  5.55391
  5.50269
  5.45395
  5.40823
  5.36612
  5.32753
  5.29257
  5.26095
  5.23117
  5.20248
  5.17778
  5.16064
  5.15442
  5.14621
  5.13786
  5.13275
  5.13158
  5.13031
  5.13014
  5.13005
  5.13003
  5.13007
  5.13004
 
  6.03537
  6.13442
  6.19188
  6.21307
  6.19968
  6.15579
  6.08871
  6.00980
  5.93258
  5.86038
  5.79345
  5.73183
  5.67424
  5.61972
  5.56759
  5.51597
  5.46403
  5.41587
  5.37689
  5.36086
  5.34382
  5.32937
  5.31820
  5.31559
  5.31325
  5.31297
  5.31276
  5.31272
  5.31273
  5.31272
 
  6.48040
  6.57140
  6.61551
  6.61964
  6.58609
  6.51985
  6.42934
  6.32743
  6.22913
  6.13797
  6.05408
  5.97697
  5.90454
  5.83494
  5.76712
  5.69858
  5.62821
  5.56129
  5.50483
  5.48090
  5.45664
  5.43693
  5.41988
  5.41583
  5.41241
  5.41199
  5.41166
  5.41161
  5.41161
  5.41161
 
  7.24627
  7.36236
  7.36948
  7.29763
  7.17945
  7.04886
  6.91490
  6.78305
  6.65919
  6.54217
  6.42895
  6.31734
  6.20968
  6.10737
  6.00947
  5.91304
  5.81600
  5.72131
  5.63325
  5.59255
  5.55375
  5.52452
  5.49517
  5.48807
  5.48247
  5.48173
  5.48119
  5.48111
  5.48107
  5.48107
 
  7.80022
  7.86015
  7.81543
  7.69793
  7.53719
  7.36373
  7.18709
  7.01437
  6.85316
  6.70395
  6.56538
  6.43475
  6.31100
  6.19192
  6.07673
  5.96331
  5.85007
  5.73855
  5.63135
  5.58004
  5.53010
  5.49195
  5.45481
  5.44567
  5.43841
  5.43747
  5.43677
  5.43668
  5.43662
  5.43660
 
  8.56603
  8.47826
  8.33185
  8.14792
  7.93225
  7.69307
  7.44189
  7.19414
  6.96546
  6.76011
  6.57755
  6.41483
  6.26898
  6.13476
  6.00817
  5.88055
  5.74560
  5.61027
  5.48303
  5.42182
  5.35742
  5.30451
  5.25931
  5.24820
  5.23869
  5.23756
  5.23667
  5.23652
  5.23649
  5.23643
 
  9.06850
  8.89179
  8.65930
  8.39707
  8.11132
  7.81048
  7.50580
  7.21198
  6.94338
  6.70367
  6.49203
  6.30439
  6.13698
  5.98448
  5.84243
  5.70208
  5.55669
  5.41133
  5.27222
  5.20422
  5.13275
  5.07429
  5.02438
  5.01210
  5.00161
  5.00036
  4.99940
  4.99923
  4.99918
  4.99913
 
  9.44206
  9.18476
  8.87669
  8.54761
  8.20360
  7.85297
  7.50619
  7.17659
  6.87766
  6.61192
  6.37803
  6.17060
  5.98462
  5.81483
  5.65683
  5.50344
  5.34891
  5.19615
  5.04929
  4.97778
  4.90416
  4.84489
  4.79203
  4.77902
  4.76816
  4.76687
  4.76584
  4.76567
  4.76559
  4.76555
 
  9.73589
  9.40562
  9.03081
  8.64405
  8.25087
  7.85917
  7.47848
  7.12038
  6.79747
  6.51149
  6.25983
  6.03604
  5.83356
  5.64732
  5.47332
  5.30673
  5.14351
  4.98447
  4.83197
  4.75868
  4.68548
  4.62784
  4.57300
  4.55949
  4.54862
  4.54731
  4.54623
  4.54609
  4.54598
  4.54595
 
 10.20173
  9.71045
  9.20657
  8.72260
  8.25854
  7.81643
  7.39884
  7.00855
  6.65007
  6.32559
  6.03330
  5.77039
  5.53553
  5.32765
  5.13914
  4.95687
  4.77223
  4.59481
  4.43435
  4.36000
  4.28836
  4.23332
  4.17666
  4.16248
  4.15189
  4.15051
  4.14944
  4.14931
  4.14922
  4.14918
 
 10.57543
  9.93258
  9.30977
  8.73707
  8.20943
  7.72350
  7.27651
  6.86587
  6.48989
  6.14900
  5.83928
  5.55604
  5.29523
  5.05583
  4.83691
  4.63726
  4.45429
  4.27703
  4.09769
  4.01198
  3.93755
  3.88861
  3.83266
  3.81640
  3.80625
  3.80541
  3.80412
  3.80388
  3.80385
  3.80383
 
 10.89707
 10.27220
  9.53445
  8.78250
  8.08185
  7.47973
  6.96538
  6.52023
  6.12638
  5.76950
  5.43313
  5.10923
  4.80574
  4.52938
  4.27908
  4.04709
  3.82885
  3.62418
  3.43425
  3.34599
  3.26342
  3.20334
  3.14618
  3.13286
  3.12248
  3.12112
  3.12012
  3.11998
  3.11989
  3.11986
 
 11.29665
 10.33387
  9.45215
  8.66861
  7.96923
  7.34425
  6.78506
  6.28538
  5.84136
  5.44540
  5.08873
  4.76208
  4.45474
  4.16105
  3.88479
  3.62899
  3.39441
  3.17593
  2.97061
  2.87397
  2.78112
  2.71298
  2.65713
  2.64425
  2.63373
  2.63253
  2.63155
  2.63138
  2.63131
  2.63126
 
 11.68925
 10.48428
  9.44043
  8.54257
  7.76191
  7.08069
  6.48519
  5.95876
  5.48846
  5.06575
  4.68209
  4.32927
  3.99836
  3.68412
  3.38830
  3.11399
  2.85912
  2.61880
  2.39147
  2.28448
  2.18396
  2.11213
  2.05292
  2.03948
  2.02871
  2.02747
  2.02647
  2.02631
  2.02621
  2.02618
 
 11.96432
 10.59901
  9.45700
  8.48883
  7.65915
  6.94304
  6.32409
  5.78070
  5.29377
  4.85379
  4.45320
  4.08456
  3.73993
  3.41432
  3.10802
  2.82258
  2.55706
  2.30461
  2.06390
  1.95057
  1.84606
  1.77231
  1.70803
  1.69345
  1.68216
  1.68085
  1.67973
  1.67960
  1.67946
  1.67946
 
 12.18780
 10.70918
  9.50304
  8.48641
  7.62301
  6.88283
  6.24606
  5.68865
  5.18849
  4.73513
  4.32164
  3.94120
  3.58645
  3.25259
  2.93913
  2.64649
  2.37426
  2.11501
  1.86550
  1.74692
  1.63691
  1.55843
  1.48954
  1.47394
  1.46185
  1.46044
  1.45922
  1.45908
  1.45895
  1.45895
 
 12.38070
 10.81732
  9.56685
  8.51477
  7.62615
  6.86866
  6.21812
  5.64888
  5.13762
  4.67355
  4.24991
  3.86021
  3.49741
  3.15677
  2.83741
  2.53912
  2.26119
  1.99688
  1.74028
  1.61699
  1.50121
  1.41728
  1.34388
  1.32718
  1.31414
  1.31261
  1.31129
  1.31112
  1.31101
  1.31100
 
 12.70649
 11.02602
  9.71983
  8.62139
  7.69833
  6.91746
  6.24749
  5.66045
  5.13257
  4.65308
  4.21516
  3.81220
  3.43710
  3.08503
  2.75485
  2.44596
  2.15667
  1.88110
  1.61090
  1.47888
  1.35248
  1.25838
  1.17508
  1.15571
  1.14039
  1.13859
  1.13705
  1.13685
  1.13673
  1.13666
 
 12.97663
 11.22035
  9.88222
  8.75699
  7.81407
  7.01824
  6.33533
  5.73615
  5.19708
  4.70744
  4.26015
  3.84812
  3.46362
  3.10151
  2.76080
  2.44100
  2.13984
  1.85056
  1.56590
  1.42515
  1.28858
  1.18478
  1.09032
  1.06782
  1.04992
  1.04781
  1.04603
  1.04580
  1.04563
  1.04551
 
 13.48764
 11.61931
 10.24388
  9.09029
  8.13228
  7.31938
  6.61983
  6.00428
  5.44972
  4.94525
  4.48321
  4.05559
  3.65345
  3.27096
  2.90755
  2.56323
  2.23481
  1.91190
  1.58795
  1.42421
  1.25975
  1.12903
  1.00460
  0.97395
  0.94933
  0.94639
  0.94397
  0.94367
  0.94336
  0.94335
 
 13.84349
 11.91188
 10.52696
  9.37171
  8.41775
  7.60398
  6.90120
  6.28068
  5.71967
  5.20729
  4.73593
  4.29745
  3.88261
  3.48538
  3.10519
  2.74208
  2.39178
  2.04051
  1.67719
  1.48964
  1.29430
  1.13335
  0.97796
  0.93944
  0.90853
  0.90479
  0.90160
  0.90117
  0.90096
  0.90104
 
 14.30264
 12.26551
 10.89348
  9.78492
  8.87311
  8.08679
  7.39629
  6.77333
  6.19601
  5.66163
  5.17369
  4.72728
  4.30542
  3.89593
  3.49623
  3.10365
  2.71591
  2.33058
  1.90960
  1.66427
  1.40358
  1.18421
  0.96584
  0.91279
  0.87185
  0.86633
  0.86121
  0.86044
  0.86159
  0.86060
 
 14.57880
 12.45861
 11.11548
 10.06732
  9.20648
  8.45280
  7.77728
  7.15492
  6.56714
  6.01935
  5.52522
  5.08186
  4.66198
  4.24642
  3.83345
  3.42248
  3.01344
  2.60551
  2.13833
  1.84525
  1.52388
  1.24902
  0.97051
  0.90331
  0.85263
  0.84577
  0.83875
  0.83764
  0.84036
  0.83783
 
 14.43715
 12.60789
 11.42244
 10.41464
  9.52938
  8.73753
  8.02816
  7.39008
  6.81447
  6.29253
  5.81519
  5.37208
  4.95039
  4.53974
  4.13480
  3.72785
  3.30529
  2.84093
  2.30248
  1.99382
  1.64895
  1.34102
  0.98879
  0.89254
  0.83759
  0.83266
  0.82337
  0.82189
  0.82642
  0.82177
 
 14.50627
 12.68557
 11.54835
 10.57639
  9.71734
  8.94497
  8.24996
  7.62213
  7.05353
  6.53610
  6.06146
  5.61985
  5.19900
  4.78865
  4.38283
  3.97263
  3.54201
  3.05962
  2.48517
  2.14775
  1.76292
  1.41378
  1.00738
  0.89384
  0.82777
  0.82183
  0.81158
  0.81004
  0.81536
  0.80953
 
 14.57216
 12.77030
 11.71562
 10.80127
  9.98722
  9.24984
  8.58209
  7.97517
  7.42249
  6.91706
  6.45150
  6.01699
  5.60208
  5.19672
  4.79407
  4.38340
  3.94497
  3.43908
  2.81141
  2.42861
  1.97757
  1.55500
  1.05103
  0.90552
  0.81507
  0.80644
  0.79480
  0.79330
  0.79928
  0.79198
 
 14.59354
 12.81091
 11.81936
 10.94942
 10.17153
  9.46348
  8.81966
  8.23226
  7.69558
  7.20334
  6.74888
  6.32397
  5.91775
  5.52027
  5.12420
  4.71760
  4.27802
  3.75950
  3.09589
  2.67941
  2.17610
  1.69060
  1.09932
  0.92448
  0.80807
  0.79617
  0.78339
  0.78203
  0.78787
  0.78000
 
 14.63939
 12.87875
 11.96977
 11.16411
 10.44049
  9.78043
  9.17939
  8.63076
  8.12957
  7.67024
  7.24648
  6.85025
  6.47037
  6.09658
  5.72159
  5.33336
  4.90848
  4.39690
  3.70611
  3.23517
  2.61566
  1.98612
  1.22092
  0.99131
  0.80496
  0.78263
  0.76645
  0.76458
  0.76891
  0.76218
 
 14.60769
 12.87848
 12.02979
 11.27417
 10.59237
  9.96909
  9.40065
  8.88143
  8.40712
  7.97285
  7.57299
  7.20007
  6.84345
  6.49304
  6.14126
  5.77510
  5.36833
  4.86356
  4.15481
  3.65784
  2.98916
  2.28076
  1.35132
  1.05990
  0.80859
  0.77714
  0.75733
  0.75556
  0.75807
  0.75239
 
 14.52663
 12.84174
 12.07246
 11.38275
 10.75683
 10.18346
  9.65975
  9.18140
  8.74513
  8.34711
  7.98281
  7.64598
  7.32725
  7.01732
  6.70851
  6.38639
  6.02045
  5.54077
  4.82163
  4.29763
  3.57434
  2.76828
  1.60027
  1.21043
  0.83578
  0.78128
  0.74399
  0.74208
  0.74164
  0.74187
 
 14.51859
 12.84111
 12.10141
 11.43800
 10.83733
 10.28969
  9.79219
  9.34085
  8.93249
  8.56330
  8.22859
  7.92160
  7.63192
  7.34959
  7.06762
  6.77293
  6.43731
  5.99466
  5.31771
  4.80912
  4.07931
  3.21282
  1.82820
  1.33789
  0.85579
  0.78704
  0.74360
  0.74155
  0.73713
  0.73629
 
 14.49214
 12.83716
 12.12488
 11.48357
 10.90184
 10.37096
  9.88836
  9.45040
  9.05418
  8.69715
  8.37638
  8.08780
  7.82473
  7.57865
  7.33780
  7.07812
  6.76462
  6.34334
  5.69737
  5.20386
  4.47692
  3.57860
  2.04650
  1.46763
  0.88262
  0.79843
  0.74259
  0.73839
  0.73483
  0.73284
 
 14.47117
 12.83432
 12.13946
 11.51329
 10.94456
 10.42513
  9.95273
  9.52485
  9.13959
  8.79537
  8.49052
  8.22113
  7.97898
  7.75378
  7.53294
  7.29646
  7.01336
  6.62529
  6.00899
  5.52829
  4.81019
  3.89183
  2.24712
  1.58928
  0.91333
  0.81480
  0.74201
  0.73624
  0.73056
  0.73050
 
 14.45917
 12.84748
 12.16600
 11.55091
 10.99390
 10.48846
 10.03242
  9.62327
  9.25885
  8.93673
  8.65380
  8.40536
  8.18346
  7.98050
  7.79142
  7.60438
  7.38923
  7.06655
  6.49296
  6.02998
  5.33512
  4.41465
  2.60565
  1.82934
  0.97436
  0.84249
  0.74337
  0.73536
  0.72831
  0.72753
 
 14.43995
 12.85353
 12.18467
 11.58018
 11.03285
 10.53693
 10.09055
  9.69143
  9.33771
  9.02728
  8.75745
  8.52405
  8.31980
  8.13791
  7.97437
  7.81871
  7.64225
  7.36614
  6.84669
  6.41324
  5.74618
  4.83028
  2.92111
  2.04839
  1.03504
  0.87441
  0.74645
  0.73488
  0.72643
  0.72572
 
 14.38301
 12.86102
 12.21948
 11.63519
 11.10274
 10.61880
 10.18278
  9.79379
  9.45167
  9.15539
  8.90337
  8.69305
  8.51939
  8.37684
  8.25934
  8.15068
  8.02298
  7.82308
  7.43242
  7.07572
  6.47037
  5.58525
  3.58010
  2.52670
  1.18064
  0.95459
  0.75748
  0.73736
  0.72456
  0.72327
 
 14.33566
 12.87138
 12.23732
 11.66003
 11.13436
 10.65782
 10.22967
  9.84887
  9.51522
  9.22800
  8.98611
  8.78753
  8.62812
  8.50336
  8.40874
  8.33017
  8.24324
  8.10048
  7.79363
  7.49436
  6.95970
  6.13365
  4.08802
  2.91521
  1.31992
  1.03923
  0.77255
  0.73822
  0.72389
  0.72205
 
 14.19749
 12.87830
 12.25370
 11.68461
 11.16651
 10.69758
 10.27717
  9.90443
  9.57936
  9.30156
  9.07055
  8.88483
  8.74114
  8.63636
  8.56800
  8.52536
  8.48923
  8.42107
  8.22798
  8.00757
  7.57123
  6.84537
  4.85744
  3.56374
  1.57215
  1.19071
  0.80429
  0.74961
  0.72518
  0.72080
 
 14.07637
 12.87953
 12.26047
 11.69583
 11.18193
 10.71706
 10.30045
  9.93163
  9.61064
  9.33737
  9.11178
  8.93285
  8.79814
  8.70541
  8.65286
  8.63047
  8.62207
  8.59887
  8.48325
  8.31853
  7.94999
  7.29099
  5.40358
  4.09581
  1.80411
  1.32560
  0.83526
  0.76813
  0.72493
  0.72018
 
 13.98755
 12.88054
 12.26479
 11.70178
 11.18906
 10.72584
 10.31154
  9.94607
  9.62959
  9.36140
  9.14053
  8.96555
  8.83514
  8.74824
  8.70389
  8.69356
  8.70409
  8.71320
  8.64612
  8.51417
  8.20512
  7.63807
  5.85732
  4.49079
  2.00665
  1.46239
  0.87042
  0.77923
  0.73103
  0.71980
 
 13.92441
 12.88143
 12.26871
 11.70686
 11.19479
 10.73270
 10.32011
  9.95660
  9.64210
  9.37617
  9.15833
  8.98738
  8.86138
  8.77901
  8.74009
  8.73761
  8.76019
  8.78721
  8.75849
  8.66482
  8.40627
  7.87887
  6.16688
  4.86122
  2.21495
  1.58392
  0.90243
  0.79818
  0.72870
  0.71955
 
 13.84741
 12.88246
 12.27269
 11.71269
 11.20233
 10.74221
 10.33197
  9.97109
  9.65946
  9.39669
  9.18223
  9.01516
  8.89386
  8.81752
  8.78660
  8.79521
  8.83422
  8.88745
  8.90660
  8.85606
  8.67045
  8.23839
  6.68023
  5.41632
  2.58744
  1.81514
  0.96716
  0.83101
  0.73330
  0.71923
 
 13.80029
 12.88302
 12.27475
 11.71624
 11.20746
 10.74880
 10.33997
  9.98048
  9.67030
  9.40917
  9.19668
  9.03217
  8.91396
  8.84143
  8.81543
  8.83086
  8.88005
  8.94973
  8.99926
  8.97695
  8.84279
  8.48325
  7.05659
  5.84412
  2.91358
  2.02541
  1.02984
  0.86419
  0.73856
  0.71904
 
 13.72938
 12.88379
 12.27716
 11.72105
 11.21472
 10.75839
 10.35139
  9.99359
  9.68510
  9.42595
  9.21611
  9.05517
  8.94140
  8.87416
  8.85488
  8.87959
  8.94272
  9.03551
  9.12802
  9.14624
  9.09080
  8.85289
  7.68350
  6.59692
  3.58495
  2.49307
  1.17831
  0.94658
  0.75335
  0.71878
 
 13.68892
 12.88395
 12.27816
 11.72305
 11.21797
 10.76266
 10.35674
 10.00019
  9.69324
  9.43561
  9.22666
  9.06611
  8.95387
  8.89036
  8.87639
  8.90592
  8.97296
  9.07593
  9.20145
  9.24869
  9.21998
  9.01967
  8.09227
  7.18243
  4.07541
  2.86281
  1.31938
  1.03782
  0.77067
  0.71865
 
 13.64424
 12.88428
 12.27966
 11.72546
 11.22112
 10.76664
 10.36162
 10.00612
  9.70037
  9.44408
  9.23664
  9.07784
  8.96774
  8.90694
  8.89664
  8.93137
  9.00612
  9.12140
  9.27096
  9.34232
  9.36009
  9.23794
  8.55516
  7.84044
  4.85818
  3.50499
  1.57301
  1.19502
  0.80139
  0.71853
 
 13.62031
 12.88459
 12.28091
 11.72692
 11.22265
 10.76843
 10.36372
 10.00852
  9.70301
  9.44720
  9.24110
  9.08443
  8.97598
  8.91563
  8.90555
  8.94289
  9.02459
  9.14918
  9.30255
  9.37703
  9.43018
  9.39424
  8.83557
  8.13088
  5.45682
  4.07076
  1.80020
  1.32225
  0.83553
  0.71847
 
 13.60617
 12.88506
 12.28144
 11.72742
 11.22310
 10.76911
 10.36475
 10.01005
  9.70505
  9.44976
  9.24416
  9.08799
  8.98012
  8.92059
  8.91170
  8.95072
  9.03490
  9.16322
  9.32450
  9.40702
  9.47345
  9.46398
  9.01712
  8.40242
  5.88749
  4.48831
  2.03076
  1.45686
  0.86858
  0.71843
 
 13.59625
 12.88538
 12.28176
 11.72768
 11.22349
 10.76963
 10.36559
 10.01117
  9.70646
  9.45150
  9.24621
  9.09040
  8.98296
  8.92397
  8.91584
  8.95601
  9.04184
  9.17265
  9.33925
  9.42734
  9.50294
  9.51141
  9.14505
  8.60078
  6.23062
  4.83922
  2.25014
  1.58414
  0.90135
  0.71841
 
 13.58271
 12.88516
 12.28198
 11.72846
 11.22471
 10.77119
 10.36736
 10.01305
  9.70847
  9.45366
  9.24868
  9.09338
  8.98658
  8.92834
  8.92115
  8.96260
  9.05039
  9.18438
  9.35776
  9.45267
  9.54060
  9.57349
  9.31556
  8.87208
  6.74879
  5.40145
  2.63607
  1.85685
  0.96605
  0.71838
 
 13.57376
 12.88240
 12.28029
 11.72921
 11.22788
 10.77538
 10.37148
 10.01635
  9.71058
  9.45464
  9.24891
  9.09357
  8.98739
  8.93035
  8.92487
  8.96822
  9.05735
  9.19052
  9.36597
  9.46821
  9.56579
  9.61501
  9.43014
  9.04459
  7.11670
  5.84602
  2.97229
  2.08882
  1.03015
  0.71836
 
