  2.05115
  2.10668
  2.16010
  2.21167
  2.26116
  2.30841
  2.35344
  2.39647
  2.43799
  2.47812
  2.51689
  2.55473
  2.59272
  2.63183
  2.67212
  2.71357
  2.75570
  2.79670
  2.83406
  2.85153
  2.87075
  2.88908
  2.91310
  2.92016
  2.92532
  2.92585
  2.92643
  2.92655
  2.92655
  2.92660
 
  2.59148
  2.64646
  2.69938
  2.75089
  2.80066
  2.84837
  2.89366
  2.93621
  2.97580
  3.01235
  3.04619
  3.07803
  3.10974
  3.14307
  3.17841
  3.21615
  3.25693
  3.30196
  3.35140
  3.37576
  3.39549
  3.40668
  3.42275
  3.42886
  3.43153
  3.43159
  3.43203
  3.43207
  3.43226
  3.43215
 
  3.03201
  3.09502
  3.15225
  3.20461
  3.25188
  3.29406
  3.33146
  3.36499
  3.39593
  3.42470
  3.45175
  3.47775
  3.50434
  3.53310
  3.56454
  3.59923
  3.63754
  3.67900
  3.72220
  3.74338
  3.76253
  3.77521
  3.78707
  3.79018
  3.79245
  3.79268
  3.79290
  3.79295
  3.79293
  3.79296
 
  3.72595
  3.80366
  3.86880
  3.92271
  3.96528
  3.99704
  4.01935
  4.03502
  4.04768
  4.05851
  4.06826
  4.07800
  4.08973
  4.10525
  4.12463
  4.14706
  4.17191
  4.20040
  4.23332
  4.25027
  4.26441
  4.27235
  4.28024
  4.28211
  4.28334
  4.28347
  4.28361
  4.28362
  4.28366
  4.28365
 
  4.25804
  4.36044
  4.43256
  4.47978
  4.50806
  4.52456
  4.53197
  4.53321
  4.53203
  4.52937
  4.52557
  4.52133
  4.51812
  4.51753
  4.52027
  4.52702
  4.53856
  4.55535
  4.57538
  4.58461
  4.59274
  4.59800
  4.60245
  4.60340
  4.60413
  4.60423
  4.60430
  4.60431
  4.60431
  4.60432
 
  4.69842
  4.79782
  4.87188
  4.92295
  4.95144
  4.95926
  4.95030
  4.93128
  4.91055
  4.89044
  4.87151
  4.85451
  4.84013
  4.82910
  4.82128
  4.81563
  4.81160
  4.81149
  4.81797
  4.82306
  4.82620
  4.82652
  4.82839
  4.82889
  4.82902
  4.82903
  4.82907
  4.82906
  4.82909
  4.82908
 
  5.06337
  5.16835
  5.24298
  5.29017
  5.31065
  5.30691
  5.28390
  5.24987
  5.21493
  5.18175
  5.15082
  5.12265
  5.09725
  5.07482
  5.05511
  5.03694
  5.01978
  5.00645
  5.00041
  4.99981
  4.99787
  4.99483
  4.99377
  4.99360
  4.99323
  4.99318
  4.99317
  4.99316
  4.99319
  4.99318
 
  5.64750
  5.75483
  5.82431
  5.86020
  5.86376
  5.83851
  5.79093
  5.73148
  5.67268
  5.61767
  5.56668
  5.51978
  5.47591
  5.43433
  5.39450
  5.35489
  5.31499
  5.27859
  5.25078
  5.24026
  5.22932
  5.22001
  5.21284
  5.21122
  5.20973
  5.20955
  5.20943
  5.20941
  5.20940
  5.20942
 
  6.10188
  6.20343
  6.26215
  6.28365
  6.26974
  6.22466
  6.15599
  6.07548
  5.99715
  5.92426
  5.85696
  5.79485
  5.73615
  5.67932
  5.62352
  5.56680
  5.50841
  5.45320
  5.40763
  5.38890
  5.37021
  5.35512
  5.34199
  5.33890
  5.33631
  5.33599
  5.33574
  5.33572
  5.33569
  5.33570
 
  6.89365
  7.02143
  7.04891
  7.00248
  6.91170
  6.80783
  6.69920
  6.59101
  6.48883
  6.39144
  6.29551
  6.19900
  6.10479
  6.01488
  5.92853
  5.84301
  5.75657
  5.67241
  5.59424
  5.55770
  5.52293
  5.49701
  5.47127
  5.46503
  5.46008
  5.45944
  5.45898
  5.45892
  5.45885
  5.45886
 
  7.46873
  7.54408
  7.52477
  7.43798
  7.30947
  7.16627
  7.01734
  6.86983
  6.73153
  6.60288
  6.48226
  6.36718
  6.25698
  6.15011
  6.04588
  5.94247
  5.83868
  5.73658
  5.63789
  5.58958
  5.54244
  5.50678
  5.47282
  5.46440
  5.45769
  5.45684
  5.45621
  5.45611
  5.45605
  5.45603
 
  8.26216
  8.20536
  8.09315
  7.94380
  7.76236
  7.55634
  7.33641
  7.11714
  6.91362
  6.73002
  6.56608
  6.41938
  6.28753
  6.16579
  6.05035
  5.93265
  5.80639
  5.67838
  5.55677
  5.49754
  5.43470
  5.38295
  5.34002
  5.32947
  5.32032
  5.31923
  5.31840
  5.31824
  5.31823
  5.31818
 
  8.78746
  8.64930
  8.45711
  8.23374
  7.98495
  7.71867
  7.44567
  7.18021
  6.93661
  6.71859
  6.52569
  6.35450
  6.20187
  6.06292
  5.93314
  5.80340
  5.66653
  5.52770
  5.39311
  5.32644
  5.25585
  5.19796
  5.14945
  5.13751
  5.12721
  5.12600
  5.12505
  5.12488
  5.12485
  5.12480
 
  9.17926
  8.96700
  8.70395
  8.41654
  8.11074
  7.79468
  7.47880
  7.17652
  6.90166
  6.65709
  6.44171
  6.25095
  6.08039
  5.92499
  5.78032
  5.63846
  5.49293
  5.34685
  5.20436
  5.13399
  5.06098
  5.00193
  4.94968
  4.93680
  4.92600
  4.92473
  4.92371
  4.92353
  4.92348
  4.92344
 
  9.48832
  9.20872
  8.88266
  8.53943
  8.18481
  7.82693
  7.47571
  7.14341
  6.84336
  6.57769
  6.34415
  6.13711
  5.95048
  5.77923
  5.61936
  5.46513
  5.31169
  5.15997
  5.01222
  4.94016
  4.86757
  4.80998
  4.75506
  4.74150
  4.73057
  4.72925
  4.72814
  4.72802
  4.72793
  4.72790
 
  9.97974
  9.54647
  9.09563
  8.65682
  8.23112
  7.82136
  7.43105
  7.06409
  6.72593
  6.41920
  6.14281
  5.89503
  5.67558
  5.48376
  5.31142
  5.14349
  4.96956
  4.80005
  4.64565
  4.57341
  4.50290
  4.44770
  4.38997
  4.37545
  4.36460
  4.36318
  4.36207
  4.36193
  4.36184
  4.36180
 
 10.38245
  9.79437
  9.22191
  8.69240
  8.20195
  7.74808
  7.32866
  6.94172
  6.58607
  6.26234
  5.96743
  5.69759
  5.44967
  5.22312
  5.01725
  4.83112
  4.66180
  4.49661
  4.32541
  4.24183
  4.16824
  4.11889
  4.06172
  4.04494
  4.03433
  4.03344
  4.03209
  4.03182
  4.03184
  4.03178
 
 10.88905
 10.11924
  9.39184
  8.73153
  8.13131
  7.58521
  7.08826
  6.63796
  6.23211
  5.86714
  5.53794
  5.23831
  4.96171
  4.70477
  4.46850
  4.25058
  4.04880
  3.85501
  3.66456
  3.57481
  3.49534
  3.44125
  3.38227
  3.36644
  3.35569
  3.35463
  3.35342
  3.35326
  3.35308
  3.35310
 
 11.16303
 10.26564
  9.43541
  8.69017
  8.01932
  7.41562
  6.87274
  6.38633
  5.95399
  5.56891
  5.22277
  4.90662
  4.60976
  4.32631
  4.05989
  3.81368
  3.58895
  3.38092
  3.18659
  3.09504
  3.00534
  2.93746
  2.87990
  2.86620
  2.85492
  2.85362
  2.85256
  2.85238
  2.85230
  2.85226
 
 11.58828
 10.44205
  9.44121
  8.57495
  7.81824
  7.15529
  6.57363
  6.05821
  5.59712
  5.18238
  4.80601
  4.46018
  4.13607
  3.82848
  3.53908
  3.27098
  3.02283
  2.79073
  2.57376
  2.47234
  2.37610
  2.30594
  2.24601
  2.23197
  2.22068
  2.21938
  2.21832
  2.21815
  2.21805
  2.21802
 
 11.87569
 10.56512
  9.46055
  8.52012
  7.71182
  7.01253
  6.40633
  5.87280
  5.39372
  4.96015
  4.56509
  4.20150
  3.86169
  3.54083
  3.23919
  2.95819
  2.69731
  2.45114
  2.21938
  2.11136
  2.01171
  1.94088
  1.87705
  1.86228
  1.85085
  1.84951
  1.84837
  1.84824
  1.84809
  1.84809
 
 12.09957
 10.67509
  9.50325
  8.51255
  7.66919
  6.94496
  6.32033
  5.77211
  5.27898
  4.83115
  4.42220
  4.04573
  3.69477
  3.36471
  3.05502
  2.76597
  2.49730
  2.24308
  2.00134
  1.88762
  1.78249
  1.70755
  1.64037
  1.62500
  1.61315
  1.61176
  1.61055
  1.61041
  1.61027
  1.61027
 
 12.28579
 10.77856
  9.56121
  8.53458
  7.66550
  6.92335
  6.28450
  5.72403
  5.21932
  4.76024
  4.34058
  3.95428
  3.59473
  3.25740
  2.94139
  2.64627
  2.37146
  2.11141
  1.86169
  1.74285
  1.63184
  1.55182
  1.48126
  1.46519
  1.45268
  1.45121
  1.44994
  1.44979
  1.44967
  1.44965
 
 12.58564
 10.97105
  9.70007
  8.62861
  7.72559
  6.95949
  6.30046
  5.72155
  5.19969
  4.72474
  4.29036
  3.89041
  3.51815
  3.16900
  2.84181
  2.53588
  2.24962
  1.97779
  1.71335
  1.58525
  1.46355
  1.37398
  1.29533
  1.27720
  1.26291
  1.26122
  1.25979
  1.25960
  1.25948
  1.25943
 
 12.82137
 11.14505
  9.84780
  8.75295
  7.83138
  7.05029
  6.37777
  5.78615
  5.25280
  4.76760
  4.32391
  3.91493
  3.53328
  3.17402
  2.83620
  2.51946
  2.22162
  1.93623
  1.65676
  1.51964
  1.38789
  1.28921
  1.20074
  1.17992
  1.16340
  1.16146
  1.15982
  1.15961
  1.15945
  1.15938
 
 13.23661
 11.48856
 10.17387
  9.06185
  8.12928
  7.33212
  6.64202
  6.03277
  5.48349
  4.98382
  4.52621
  4.10267
  3.70419
  3.32498
  2.96476
  2.62392
  2.29959
  1.98131
  1.66244
  1.50209
  1.34261
  1.21766
  1.10111
  1.07273
  1.04992
  1.04722
  1.04501
  1.04471
  1.04445
  1.04444
 
 13.50308
 11.72938
 10.42509
  9.32223
  8.39815
  7.60139
  6.90747
  6.29221
  5.73625
  5.22932
  4.76359
  4.33061
  3.92068
  3.52755
  3.15105
  2.79173
  2.44581
  2.09966
  1.74221
  1.55814
  1.36768
  1.21235
  1.06555
  1.02968
  1.00090
  0.99740
  0.99441
  0.99404
  0.99382
  0.99379
 
 13.81893
 12.02796
 10.76518
  9.70815
  8.81653
  8.04134
  7.35954
  6.74793
  6.18754
  5.67003
  5.19006
  4.74192
  4.31901
  3.91553
  3.52705
  3.14717
  2.76696
  2.37197
  1.94597
  1.71627
  1.46990
  1.25681
  1.04002
  0.98943
  0.95381
  0.94937
  0.94381
  0.94306
  0.94413
  0.94283
 
 13.98395
 12.20053
 10.98782
  9.97845
  9.11818
  8.36575
  7.69955
  7.09747
  6.54116
  6.02330
  5.53968
  5.08575
  4.65620
  4.24577
  3.84925
  3.45868
  3.06181
  2.63691
  2.15667
  1.88500
  1.58285
  1.31532
  1.03699
  0.97121
  0.92826
  0.92305
  0.91539
  0.91440
  0.91690
  0.91390
 
 14.07643
 12.30555
 11.14171
 10.17322
  9.34133
  8.61017
  7.95964
  7.36859
  6.81924
  6.30498
  5.82241
  5.36776
  4.93663
  4.52411
  4.12434
  3.72807
  3.32037
  2.87377
  2.35126
  2.04528
  1.69426
  1.37913
  1.04399
  0.96284
  0.91119
  0.90515
  0.89606
  0.89492
  0.89848
  0.89403
 
 13.97758
 12.34440
 11.29541
 10.38812
  9.57823
  8.84392
  8.17755
  7.57068
  7.01668
  6.50880
  6.03994
  5.60177
  5.18382
  4.77713
  4.37600
  3.97175
  3.54869
  3.07580
  2.51305
  2.18226
  1.80422
  1.46034
  1.06229
  0.95357
  0.89759
  0.89316
  0.88203
  0.88007
  0.88555
  0.87926
 
 14.03077
 12.41789
 11.44427
 10.59092
  9.82429
  9.12441
  8.48563
  7.90062
  7.36388
  6.86955
  6.41137
  5.98181
  5.57112
  5.17040
  4.77318
  4.36903
  3.93859
  3.44275
  2.82778
  2.45248
  2.00952
  1.59360
  1.09889
  0.95881
  0.88138
  0.87487
  0.86223
  0.86017
  0.86642
  0.85861
 
 14.03567
 12.44814
 11.53606
 10.72694
  9.99619
  9.32531
  8.70996
  8.14382
  7.62235
  7.14054
  6.69303
  6.27322
  5.87245
  5.48227
  5.09526
  4.69904
  4.26992
  3.75884
  3.09818
  2.68325
  2.18512
  1.71237
  1.15422
  0.98777
  0.86390
  0.85470
  0.85402
  0.85301
  0.84555
  0.84482
 
 14.11617
 12.53199
 11.68060
 10.92090
 10.23460
  9.60593
  9.03092
  8.50381
  8.02015
  7.57497
  7.16252
  6.77543
  6.40336
  6.03676
  5.66872
  5.28767
  4.87114
  4.37092
  3.69631
  3.23524
  2.62618
  2.00601
  1.25456
  1.03309
  0.86569
  0.84590
  0.82960
  0.82819
  0.83076
  0.82461
 
 14.10236
 12.54144
 11.73951
 11.02186
 10.37167
  9.77583
  9.23094
  8.73199
  8.27503
  7.85557
  7.46831
  7.10622
  6.75913
  6.41740
  6.07374
  5.71557
  5.31756
  4.82415
  4.13165
  3.64528
  2.98910
  2.29282
  1.37976
  1.09694
  0.86643
  0.83833
  0.81934
  0.81781
  0.81908
  0.81365
 
 14.04125
 12.51684
 11.78255
 11.12185
 10.52098
  9.96986
  9.46599
  9.00542
  8.58510
  8.20144
  7.85014
  7.52521
  7.21766
  6.91848
  6.62011
  6.30837
  5.95312
  5.48500
  4.77991
  4.26529
  3.55510
  2.76534
  1.62520
  1.24515
  0.88743
  0.83758
  0.80572
  0.80391
  0.80086
  0.80200
 
 14.04443
 12.52242
 11.81099
 11.17144
 10.59176
 10.06342
  9.58361
  9.14863
  8.75538
  8.40026
  8.07866
  7.78403
  7.50601
  7.23483
  6.96363
  6.67966
  6.35528
  5.92549
  5.26509
  4.76750
  4.05225
  3.20226
  1.84479
  1.36594
  0.90566
  0.84187
  0.80369
  0.80208
  0.79716
  0.79586
 
 14.02003
 12.51923
 11.83296
 11.21375
 10.65127
 10.13818
  9.67179
  9.24873
  8.86634
  8.52221
  8.21370
  7.93701
  7.68588
  7.45200
  7.22340
  6.97536
  6.67264
  6.26305
  5.63323
  5.15199
  4.44324
  3.56411
  2.05727
  1.49115
  0.92990
  0.85170
  0.80231
  0.79809
  0.79460
  0.79208
 
 14.00263
 12.51653
 11.84536
 11.23976
 10.68957
 10.18724
  9.73047
  9.31689
  8.94468
  8.61257
  8.31932
  8.06134
  7.83057
  7.61694
  7.40812
  7.18402
  6.91331
  6.53754
  5.93755
  5.47022
  4.77024
  3.86923
  2.25317
  1.61135
  0.95831
  0.86565
  0.80107
  0.79637
  0.78977
  0.78953
 
 13.99194
 12.52859
 11.86940
 11.27359
 10.73366
 10.24390
  9.80228
  9.40635
  9.05418
  8.74347
  8.47131
  8.23323
  8.02162
  7.82924
  7.65127
  7.47620
  7.27425
  6.96635
  6.41079
  5.96017
  5.28317
  4.38299
  2.60529
  1.84519
  1.01537
  0.89053
  0.80172
  0.79483
  0.78749
  0.78630
 
 13.97434
 12.53369
 11.88607
 11.30005
 10.76924
 10.28833
  9.85565
  9.46905
  9.12681
  8.82699
  8.56710
  8.34321
  8.14844
  7.97640
  7.82333
  7.67919
  7.51583
  7.25498
  6.75468
  6.33417
  5.68520
  4.78996
  2.91478
  2.05987
  1.07281
  0.91985
  0.80409
  0.79425
  0.78535
  0.78433
 
 13.92277
 12.53995
 11.91782
 11.35066
 10.83360
 10.36378
  9.94051
  9.56321
  9.23169
  8.94505
  8.70184
  8.49964
  8.33365
  8.19870
  8.08937
  7.99061
  7.87575
  7.69194
  7.32182
  6.97838
  6.39040
  5.52702
  3.56375
  2.52845
  1.21185
  0.99518
  0.81360
  0.79623
  0.78312
  0.78167
 
 13.88267
 12.54929
 11.93385
 11.37306
 10.86253
 10.39959
  9.98372
  9.61406
  9.29036
  9.01198
  8.77798
  8.58658
  8.43388
  8.31585
  8.22832
  8.15805
  8.08166
  7.95318
  7.66713
  7.38248
  6.86744
  6.06458
  4.06098
  2.90819
  1.34722
  1.07676
  0.82699
  0.79620
  0.78187
  0.78035
 
 13.76430
 12.55583
 11.94886
 11.39547
 10.89173
 10.43574
 10.02695
  9.66470
  9.34891
  9.07926
  8.85529
  8.67581
  8.53766
  8.43807
  8.37488
  8.33816
  8.30988
  8.25341
  8.07960
  7.87405
  7.45893
  6.75897
  4.81649
  3.54330
  1.59264
  1.22342
  0.85574
  0.80529
  0.78342
  0.77900
 
 13.66089
 12.55719
 11.95509
 11.40560
 10.90553
 10.45320
 10.04783
  9.68911
  9.37706
  9.11156
  8.89258
  8.71941
  8.58968
  8.50138
  8.45291
  8.43473
  8.43176
  8.41787
  8.32022
  8.17022
  7.82281
  7.18928
  5.35133
  4.06891
  1.81918
  1.35310
  0.88372
  0.82270
  0.78328
  0.77832
 
 13.58490
 12.55837
 11.95904
 11.41087
 10.91171
 10.46076
 10.05756
  9.70195
  9.39409
  9.13337
  8.91877
  8.74924
  8.62341
  8.54035
  8.49938
  8.49247
  8.50740
  8.52376
  8.47126
  8.35282
  8.06605
  7.52895
  5.79754
  4.44873
  2.01853
  1.48946
  0.91673
  0.83023
  0.78994
  0.77791
 
 13.53057
 12.55923
 11.96261
 11.41533
 10.91667
 10.46690
 10.06525
  9.71142
  9.40528
  9.14650
  8.93471
  8.76908
  8.64748
  8.56857
  8.53248
  8.53275
  8.55884
  8.59129
  8.57518
  8.49498
  8.25808
  7.75778
  6.09716
  4.81912
  2.22204
  1.60602
  0.94666
  0.84881
  0.78688
  0.77764
 
 13.46458
 12.56024
 11.96611
 11.42062
 10.92351
 10.47546
 10.07596
  9.72450
  9.42101
  9.16515
  8.95653
  8.79441
  8.67707
  8.60363
  8.57493
  8.58541
  8.62662
  8.68352
  8.71205
  8.67227
  8.50658
  8.10198
  6.59741
  5.36297
  2.58686
  1.83284
  1.00778
  0.87853
  0.79112
  0.77730
 
 13.42423
 12.56075
 11.96803
 11.42388
 10.92822
 10.48149
 10.08321
  9.73303
  9.43090
  9.17659
  8.96981
  8.80995
  8.69540
  8.62543
  8.60125
  8.61798
  8.66850
  8.74081
  8.79745
  8.78355
  8.66702
  8.33433
  6.96337
  5.78164
  2.90711
  2.03955
  1.06743
  0.90909
  0.79588
  0.77709
 
 13.36396
 12.56150
 11.97019
 11.42826
 10.93502
 10.49027
 10.09365
  9.74496
  9.44436
  9.19193
  8.98757
  8.83089
  8.72029
  8.65518
  8.63720
  8.66242
  8.72564
  8.81947
  8.91567
  8.93857
  8.89547
  8.68077
  7.57016
  6.51680
  3.56724
  2.49861
  1.21000
  0.98641
  0.80918
  0.77681
 
 13.32982
 12.56180
 11.97107
 11.43011
 10.93797
 10.49423
 10.09857
  9.75097
  9.45175
  9.20064
  8.99704
  8.84067
  8.73146
  8.66988
  8.65678
  8.68642
  8.75308
  8.85593
  8.98302
  9.03340
  9.01346
  8.83210
  7.96431
  7.09042
  4.04773
  2.85867
  1.34685
  1.07423
  0.82540
  0.77668
 
 13.29166
 12.56219
 11.97254
 11.43236
 10.94094
 10.49789
 10.10298
  9.75625
  9.45804
  9.20811
  9.00589
  8.85115
  8.74396
  8.68491
  8.67518
  8.70947
  8.78294
  8.89698
  9.04653
  9.11930
  9.14141
  9.03146
  8.40443
  7.73178
  4.81689
  3.48524
  1.59386
  1.22678
  0.85272
  0.77654
 
 13.27004
 12.56242
 11.97378
 11.43388
 10.94232
 10.49943
 10.10478
  9.75832
  9.46033
  9.21086
  9.00989
  8.85721
  8.75156
  8.69279
  8.68311
  8.71977
  8.79993
  8.92238
  9.07441
  9.14982
  9.20607
  9.17963
  8.66863
  8.00348
  5.40689
  4.04250
  1.81585
  1.34886
  0.88412
  0.77648
 
 13.25639
 12.56251
 11.97440
 11.43436
 10.94264
 10.49987
 10.10558
  9.75966
  9.46227
  9.21335
  9.01285
  8.86053
  8.75531
  8.69724
  8.68863
  8.72685
  8.80931
  8.93526
  9.09424
  9.17667
  9.24609
  9.24536
  8.83845
  8.26294
  5.82800
  4.45093
  2.04156
  1.48046
  0.91478
  0.77644
 
 13.24706
 12.56253
 11.97482
 11.43482
 10.94302
 10.50027
 10.10625
  9.76068
  9.46361
  9.21505
  9.01485
  8.86278
  8.75788
  8.70025
  8.69234
  8.73161
  8.81563
  8.94393
  9.10756
  9.19482
  9.27327
  9.28992
  8.95743
  8.45135
  6.16253
  4.79390
  2.25425
  1.60529
  0.94537
  0.77641
 
 13.23633
 12.56253
 11.97483
 11.43528
 10.94402
 10.50170
 10.10787
  9.76241
  9.46545
  9.21702
  9.01709
  8.86551
  8.76117
  8.70425
  8.69715
  8.73758
  8.82334
  8.95454
  9.12443
  9.21787
  9.30729
  9.34589
  9.11428
  8.70602
  6.66682
  5.34361
  2.62986
  1.87120
  1.00616
  0.77638
 
 13.23203
 12.56108
 11.97324
 11.43552
 10.94647
 10.50537
 10.11168
  9.76554
  9.46746
  9.21784
  9.01710
  8.86543
  8.76172
  8.70601
  8.70060
  8.74274
  8.82952
  8.95971
  9.13227
  9.23289
  9.32863
  9.37904
  9.21935
  8.86451
  7.02329
  5.78010
  2.95913
  2.09631
  1.06677
  0.77636
 
