  1.98824
  2.04254
  2.09520
  2.14645
  2.19608
  2.24388
  2.28975
  2.33377
  2.37618
  2.41703
  2.45633
  2.49447
  2.53254
  2.57150
  2.61144
  2.65239
  2.69401
  2.73460
  2.77188
  2.78952
  2.80915
  2.82803
  2.85266
  2.85986
  2.86515
  2.86571
  2.86631
  2.86642
  2.86642
  2.86647
 
  2.51586
  2.57739
  2.63481
  2.68866
  2.73874
  2.78497
  2.82760
  2.86730
  2.90512
  2.94136
  2.97625
  3.01027
  3.04467
  3.08064
  3.11849
  3.15857
  3.20105
  3.24525
  3.28968
  3.31132
  3.33221
  3.34799
  3.36438
  3.36879
  3.37211
  3.37247
  3.37280
  3.37286
  3.37287
  3.37290
 
  2.94975
  3.01863
  3.08038
  3.13579
  3.18468
  3.22721
  3.26404
  3.29668
  3.32723
  3.35628
  3.38426
  3.41168
  3.43988
  3.47015
  3.50293
  3.53865
  3.57764
  3.61965
  3.66358
  3.68525
  3.70505
  3.71834
  3.73059
  3.73375
  3.73613
  3.73638
  3.73659
  3.73663
  3.73664
  3.73666
 
  3.63865
  3.72014
  3.78852
  3.84504
  3.88958
  3.92274
  3.94611
  3.96275
  3.97672
  3.98926
  4.00106
  4.01310
  4.02715
  4.04479
  4.06603
  4.08999
  4.11604
  4.14577
  4.18041
  4.19838
  4.21347
  4.22205
  4.23062
  4.23266
  4.23401
  4.23414
  4.23429
  4.23431
  4.23436
  4.23435
 
  4.17034
  4.27241
  4.34534
  4.39433
  4.42513
  4.44457
  4.45521
  4.45969
  4.46148
  4.46157
  4.46048
  4.45901
  4.45845
  4.46023
  4.46507
  4.47382
  4.48737
  4.50602
  4.52791
  4.53828
  4.54763
  4.55386
  4.55919
  4.56038
  4.56129
  4.56140
  4.56150
  4.56150
  4.56151
  4.56151
 
  4.61147
  4.70767
  4.78047
  4.83219
  4.86314
  4.87494
  4.87101
  4.85734
  4.84146
  4.82545
  4.80995
  4.79577
  4.78382
  4.77508
  4.76949
  4.76617
  4.76470
  4.76707
  4.77560
  4.78166
  4.78611
  4.78778
  4.79067
  4.79144
  4.79183
  4.79185
  4.79191
  4.79192
  4.79195
  4.79194
 
  4.97770
  5.07705
  5.14890
  5.19615
  5.21934
  5.22054
  5.20401
  5.17688
  5.14799
  5.11971
  5.09261
  5.06736
  5.04434
  5.02416
  5.00671
  4.99109
  4.97693
  4.96645
  4.96252
  4.96285
  4.96229
  4.96077
  4.96084
  4.96098
  4.96089
  4.96087
  4.96089
  4.96088
  4.96091
  4.96091
 
  5.56394
  5.66363
  5.72925
  5.76498
  5.77187
  5.75279
  5.71333
  5.66241
  5.61091
  5.56161
  5.51486
  5.47098
  5.42946
  5.39008
  5.35253
  5.31570
  5.27921
  5.24611
  5.22052
  5.21087
  5.20127
  5.19354
  5.18765
  5.18637
  5.18523
  5.18509
  5.18498
  5.18497
  5.18498
  5.18498
 
  6.01962
  6.11419
  6.16974
  6.19178
  6.18182
  6.14350
  6.08337
  6.01174
  5.94093
  5.87390
  5.81092
  5.75188
  5.69554
  5.64093
  5.58743
  5.53354
  5.47872
  5.42695
  5.38369
  5.36582
  5.34837
  5.33470
  5.32290
  5.32018
  5.31792
  5.31765
  5.31742
  5.31740
  5.31739
  5.31740
 
  6.80754
  6.94255
  6.97260
  6.92643
  6.83749
  6.74026
  6.64164
  6.54350
  6.44786
  6.35392
  6.26049
  6.16701
  6.07603
  5.98924
  5.90584
  5.82314
  5.73948
  5.65819
  5.58276
  5.54720
  5.51337
  5.48833
  5.46390
  5.45800
  5.45334
  5.45274
  5.45229
  5.45222
  5.45218
  5.45218
 
  7.38860
  7.46890
  7.45609
  7.37654
  7.25517
  7.11827
  6.97491
  6.83246
  6.69905
  6.57501
  6.45834
  6.34649
  6.23914
  6.13509
  6.03362
  5.93281
  5.83149
  5.73212
  5.63617
  5.58873
  5.54237
  5.50742
  5.47453
  5.46636
  5.45988
  5.45906
  5.45843
  5.45834
  5.45829
  5.45828
 
  8.18251
  8.14338
  8.04558
  7.90715
  7.73347
  7.53247
  7.31561
  7.09853
  6.89754
  6.71703
  6.55660
  6.41370
  6.28555
  6.16723
  6.05475
  5.93940
  5.81485
  5.68854
  5.56924
  5.51125
  5.44922
  5.39775
  5.35554
  5.34516
  5.33609
  5.33503
  5.33422
  5.33405
  5.33405
  5.33396
 
  8.71139
  8.59613
  8.42180
  8.21119
  7.97064
  7.70891
  7.43790
  7.17345
  6.93155
  6.71620
  6.52672
  6.35950
  6.21092
  6.07567
  5.94911
  5.82172
  5.68619
  5.54858
  5.41605
  5.35057
  5.28072
  5.22301
  5.17499
  5.16315
  5.15288
  5.15167
  5.15074
  5.15055
  5.15053
  5.15044
 
  9.10909
  8.91992
  8.67476
  8.40019
  8.10279
  7.79156
  7.47805
  7.17719
  6.90435
  6.66258
  6.45069
  6.26392
  6.09742
  5.94577
  5.80441
  5.66499
  5.52090
  5.37601
  5.23530
  5.16590
  5.09353
  5.03466
  4.98274
  4.96994
  4.95915
  4.95787
  4.95685
  4.95668
  4.95663
  4.95656
 
  9.39758
  9.20020
  8.89597
  8.53711
  8.15844
  7.79275
  7.44928
  7.13377
  6.85236
  6.60259
  6.37724
  6.16929
  5.97826
  5.80383
  5.64311
  5.49173
  5.34484
  5.19832
  5.05029
  4.97734
  4.90517
  4.84901
  4.79390
  4.78034
  4.76952
  4.76811
  4.76708
  4.76693
  4.76683
  4.76681
 
  9.93099
  9.50897
  9.06837
  8.63880
  8.22143
  7.81915
  7.43551
  7.07445
  6.74151
  6.43929
  6.16683
  5.92261
  5.70643
  5.51770
  5.34833
  5.18324
  5.01186
  4.84429
  4.69101
  4.61914
  4.54894
  4.49396
  4.43643
  4.42197
  4.41118
  4.40976
  4.40865
  4.40852
  4.40843
  4.40843
 
 10.33742
  9.75989
  9.19690
  8.67596
  8.19337
  7.74670
  7.33396
  6.95320
  6.60330
  6.28479
  5.99468
  5.72926
  5.48529
  5.26213
  5.05917
  4.87550
  4.70823
  4.54476
  4.37492
  4.29184
  4.21856
  4.16931
  4.11229
  4.09558
  4.08503
  4.08414
  4.08280
  4.08254
  4.08255
  4.08255
 
 10.71913
 10.12438
  9.45512
  8.77995
  8.13721
  7.55805
  7.04721
  6.60814
  6.24135
  5.92268
  5.61386
  5.29914
  5.00288
  4.74149
  4.50727
  4.29037
  4.08680
  3.89539
  3.71642
  3.63282
  3.55369
  3.49292
  3.43408
  3.41994
  3.40899
  3.40748
  3.40639
  3.40628
  3.40614
  3.40615
 
 11.14529
 10.24622
  9.41776
  8.67758
  8.01414
  7.41922
  6.88543
  6.40723
  5.98110
  5.60029
  5.25703
  4.94281
  4.64750
  4.36563
  4.10093
  3.85688
  3.63486
  3.42944
  3.23687
  3.14583
  3.05645
  2.98864
  2.93090
  2.91711
  2.90576
  2.90444
  2.90338
  2.90319
  2.90312
  2.90304
 
 11.56630
 10.43138
  9.43854
  8.57910
  7.82838
  7.17069
  6.59357
  6.08193
  5.62381
  5.21135
  4.83681
  4.49251
  4.16980
  3.86359
  3.57556
  3.30880
  3.06216
  2.83181
  2.61691
  2.51655
  2.42109
  2.35118
  2.29099
  2.27680
  2.26538
  2.26407
  2.26298
  2.26282
  2.26271
  2.26262
 
 11.84650
 10.55875
  9.46727
  8.53510
  7.73167
  7.03498
  6.42991
  5.89690
  5.41850
  4.98591
  4.59206
  4.22986
  3.89149
  3.57199
  3.27153
  2.99144
  2.73127
  2.48623
  2.25649
  2.14974
  2.05116
  1.98086
  1.91685
  1.90195
  1.89041
  1.88906
  1.88790
  1.88777
  1.88762
  1.88761
 
 12.06395
 10.67015
  9.51489
  8.53344
  7.69419
  6.97080
  6.34514
  5.79542
  5.30158
  4.85391
  4.44584
  4.07072
  3.72123
  3.39251
  3.08393
  2.79559
  2.52731
  2.27389
  2.03401
  1.92156
  1.81759
  1.74333
  1.67616
  1.66071
  1.64880
  1.64740
  1.64618
  1.64604
  1.64590
  1.64595
 
 12.24545
 10.77322
  9.57416
  8.55727
  7.69195
  6.94978
  6.30883
  5.74588
  5.23981
  4.78053
  4.36158
  3.97657
  3.61847
  3.28246
  2.96750
  2.67303
  2.39850
  2.13912
  1.89112
  1.77350
  1.66366
  1.58440
  1.51403
  1.49794
  1.48542
  1.48395
  1.48267
  1.48252
  1.48239
  1.48246
 
 12.54209
 10.96158
  9.70757
  8.64554
  7.74648
  6.98079
  6.32030
  5.73953
  5.21668
  4.74165
  4.30791
  3.90904
  3.53800
  3.18995
  2.86368
  2.55840
  2.27255
  2.00144
  1.73859
  1.61159
  1.49106
  1.40239
  1.32421
  1.30615
  1.29192
  1.29024
  1.28881
  1.28863
  1.28850
  1.28848
 
 12.77954
 11.12937
  9.84481
  8.75814
  7.84131
  7.06260
  6.39109
  5.79992
  5.26704
  4.78246
  4.33950
  3.93135
  3.55054
  3.19207
  2.85502
  2.53895
  2.24181
  1.95739
  1.67945
  1.54337
  1.41280
  1.31513
  1.22735
  1.20666
  1.19027
  1.18834
  1.18671
  1.18650
  1.18634
  1.18618
 
 13.19479
 11.46201
 10.15364
  9.04797
  8.12112
  7.32931
  6.64404
  6.03879
  5.49239
  4.99463
  4.53819
  4.11533
  3.71732
  3.33856
  2.97886
  2.63879
  2.31552
  1.99853
  1.68112
  1.52169
  1.36340
  1.23968
  1.12435
  1.09629
  1.07374
  1.07108
  1.06889
  1.06859
  1.06834
  1.06826
 
 13.45135
 11.69876
 10.40325
  9.30751
  8.38871
  7.59650
  6.90643
  6.29438
  5.74098
  5.23606
  4.77186
  4.34005
  3.93100
  3.53856
  3.16265
  2.80404
  2.45910
  2.11409
  1.75795
  1.57472
  1.38553
  1.23162
  1.08659
  1.05126
  1.02290
  1.01946
  1.01651
  1.01614
  1.01592
  1.01620
 
 13.74068
 11.99482
 10.75279
  9.70681
  8.81944
  8.04462
  7.36112
  6.74756
  6.18650
  5.66965
  5.19130
  4.74529
  4.32448
  3.92273
  3.53554
  3.15648
  2.77671
  2.38226
  1.95736
  1.72863
  1.48378
  1.27248
  1.05827
  1.00866
  0.97397
  0.96962
  0.96400
  0.96320
  0.96430
  0.96441
 
 13.77976
 12.15070
 11.01712
 10.03981
  9.17901
  8.40614
  7.71099
  7.08336
  6.51509
  5.99805
  5.52394
  5.08334
  4.66483
  4.25943
  3.86280
  3.46888
  3.06710
  2.63727
  2.15573
  1.88791
  1.59613
  1.33887
  1.05646
  0.98421
  0.94671
  0.94337
  0.93480
  0.93320
  0.93656
  0.93524
 
 13.85879
 12.24837
 11.16796
 10.23505
  9.40502
  8.65452
  7.97503
  7.35760
  6.79520
  6.28068
  5.80662
  5.36455
  4.94396
  4.53612
  4.13592
  3.73583
  3.32239
  2.86930
  2.34418
  2.04295
  1.70585
  1.40447
  1.06361
  0.97347
  0.92879
  0.92522
  0.91491
  0.91297
  0.91770
  0.91494
 
 13.90523
 12.30991
 11.27672
 10.37974
  9.57669
  8.84661
  8.18240
  7.57604
  7.02129
  6.51173
  6.04064
  5.60018
  5.18054
  4.77318
  4.37240
  3.96949
  3.54861
  3.07828
  2.51822
  2.18900
  1.81291
  1.47099
  1.07643
  0.96939
  0.91591
  0.91176
  0.90023
  0.89810
  0.90373
  0.89964
 
 13.93507
 12.37039
 11.41891
 10.58068
  9.82386
  9.12986
  8.49365
  7.90855
  7.36969
  6.87185
  6.40949
  5.97607
  5.56312
  5.16263
  4.76780
  4.36749
  3.94086
  3.44530
  2.82530
  2.44722
  2.00466
  1.59576
  1.12300
  0.98595
  0.89004
  0.88453
  0.88514
  0.88401
  0.87729
  0.87798
 
 13.94800
 12.40326
 11.50838
 10.71117
  9.98855
  9.32287
  8.71024
  8.14480
  7.62239
  7.13843
  6.68801
  6.26515
  5.86203
  5.47085
  5.08419
  4.68967
  4.26341
  3.75572
  3.09859
  2.68573
  2.19024
  1.72023
  1.16622
  1.00159
  0.88062
  0.87201
  0.87149
  0.87032
  0.86265
  0.86335
 
 14.01280
 12.47447
 11.64112
 10.89452
 10.21721
  9.59445
  9.02262
  8.49646
  8.01199
  7.56459
  7.14916
  6.75904
  6.38504
  6.01839
  5.65217
  5.27463
  4.86259
  4.36602
  3.69325
  3.23351
  2.62769
  2.01151
  1.26433
  1.04481
  0.88207
  0.86281
  0.84605
  0.84460
  0.84706
  0.84176
 
 13.99196
 12.47540
 11.68994
 10.98440
 10.34301
  9.75335
  9.21230
  8.71523
  8.25853
  7.83808
  7.44908
  7.08511
  6.73697
  6.39575
  6.05418
  5.69954
  5.30600
  4.81640
  4.12618
  3.64135
  2.98857
  2.29648
  1.38817
  1.10744
  0.88196
  0.85455
  0.83530
  0.83371
  0.83494
  0.82998
 
 13.92393
 12.43979
 11.71818
 11.06742
 10.47435
  9.92947
  9.43032
  8.97318
  8.55519
  8.17295
  7.82247
  7.49805
  7.19121
  6.89339
  6.59708
  6.28819
  5.93646
  5.47211
  4.77081
  4.25842
  3.55132
  2.76552
  1.63246
  1.25488
  0.90104
  0.85217
  0.82133
  0.81948
  0.81588
  0.81740
 
 13.91491
 12.43567
 11.73810
 11.10925
 10.53767
 10.01535
  9.53968
  9.10734
  8.71554
  8.36102
  8.03975
  7.74590
  7.47035
  7.20420
  6.94066
  6.66650
  6.35249
  5.92895
  5.26310
  4.75518
  4.02368
  3.16788
  1.84538
  1.38303
  0.92988
  0.86181
  0.81292
  0.81005
  0.81016
  0.81075
 
 13.90851
 12.42254
 11.74171
 11.13708
 10.59063
 10.08850
  9.62737
  9.20429
  8.81749
  8.46898
  8.16289
  7.89699
  7.65699
  7.42806
  7.19838
  6.94892
  6.64963
  6.24486
  5.61970
  5.14293
  4.43954
  3.55698
  2.05810
  1.49861
  0.94297
  0.86630
  0.81640
  0.81329
  0.80755
  0.80664
 
 13.87591
 12.42541
 11.76291
 11.16492
 10.62101
 10.12366
  9.67108
  9.26121
  8.89275
  8.56446
  8.27512
  8.02108
  7.79408
  7.58398
  7.37864
  7.15803
  6.89069
  6.51810
  5.92184
  5.45741
  4.76140
  3.86437
  2.25540
  1.61763
  0.96996
  0.87849
  0.81543
  0.81089
  0.80415
  0.80386
 
 13.86588
 12.43513
 11.78238
 11.19248
 10.65794
 10.17332
  9.73652
  9.34524
  8.99748
  8.69098
  8.42290
  8.18874
  7.98090
  7.79217
  7.61772
  7.44617
  7.24778
  6.94367
  6.39246
  5.94466
  5.27161
  4.37600
  2.60587
  1.84973
  1.02593
  0.90257
  0.81573
  0.80900
  0.80164
  0.80034
 
 13.84850
 12.43932
 11.79768
 11.21719
 10.69132
 10.21532
  9.78727
  9.40511
  9.06715
  8.77144
  8.51556
  8.29555
  8.10451
  7.93606
  7.78651
  7.64589
  7.48617
  7.22935
  6.73393
  6.31651
  5.67164
  4.78102
  2.91383
  2.06324
  1.08250
  0.93116
  0.81783
  0.80826
  0.79928
  0.79819
 
 13.80029
 12.44628
 11.82879
 11.26641
 10.75421
 10.28925
  9.87069
  9.49780
  9.17020
  8.88699
  8.64683
  8.44737
  8.28401
  8.15178
  8.04542
  7.95020
  7.83966
  7.66093
  7.29657
  6.95650
  6.37263
  5.51413
  3.56035
  2.52935
  1.21982
  1.00524
  0.82688
  0.80996
  0.79677
  0.79529
 
 13.75983
 12.45622
 11.84680
 11.29118
 10.78519
 10.32633
  9.91400
  9.54761
  9.22688
  8.95130
  8.71993
  8.53104
  8.38087
  8.26540
  8.18067
  8.11356
  8.04102
  7.91734
  7.63767
  7.35706
  6.84691
  6.04926
  4.05502
  2.90707
  1.35420
  1.08597
  0.83982
  0.80974
  0.79523
  0.79384
 
 13.64482
 12.46277
 11.86219
 11.31387
 10.81451
 10.36211
  9.95626
  9.59662
  9.28328
  9.01598
  8.79427
  8.61694
  8.48091
  8.38342
  8.32244
  8.28821
  8.26310
  8.21099
  8.04375
  7.84276
  7.43347
  6.73980
  4.80734
  3.53895
  1.59790
  1.23146
  0.86793
  0.81834
  0.79672
  0.79237
 
 13.54534
 12.46375
 11.86736
 11.32270
 10.82677
 10.37798
  9.97569
  9.61967
  9.31013
  9.04699
  8.83013
  8.65894
  8.53105
  8.44446
  8.39770
  8.38142
  8.38088
  8.37082
  8.27971
  8.13456
  7.79338
  7.16653
  5.33966
  4.06293
  1.82305
  1.35993
  0.89529
  0.83554
  0.79658
  0.79163
 
 13.47260
 12.46464
 11.87038
 11.32671
 10.83155
 10.38428
  9.98430
  9.63159
  9.32638
  9.06803
  8.85548
  8.68777
  8.56355
  8.48189
  8.44229
  8.43691
  8.45391
  8.47358
  8.42695
  8.31321
  8.03325
  7.50421
  5.78413
  4.43921
  2.02162
  1.49618
  0.92784
  0.84229
  0.80333
  0.79119
 
 13.42002
 12.46560
 11.87372
 11.33053
 10.83556
 10.38940
  9.99126
  9.64060
  9.33715
  9.08064
  8.87077
  8.70681
  8.58668
  8.50904
  8.47412
  8.47568
  8.50347
  8.53866
  8.52795
  8.45248
  8.22247
  7.72993
  6.08163
  4.80964
  2.22391
  1.61152
  0.95733
  0.86084
  0.80012
  0.79089
 
 13.35607
 12.46652
 11.87710
 11.33537
 10.84172
 10.39723
 10.00131
  9.65312
  9.35226
  9.09852
  8.89165
  8.73108
  8.61507
  8.54272
  8.51492
  8.52632
  8.56873
  8.62767
  8.66055
  8.62494
  8.46599
  8.06981
  6.57900
  5.35103
  2.58692
  1.83729
  1.01762
  0.88987
  0.80430
  0.79051
 
 13.31713
 12.46694
 11.87880
 11.33860
 10.84638
 10.40321
 10.00835
  9.66126
  9.36166
  9.10942
  8.90435
  8.74598
  8.63264
  8.56361
  8.54019
  8.55760
  8.60902
  8.68288
  8.74300
  8.73265
  8.62248
  8.29844
  6.94258
  5.76772
  2.90584
  2.04315
  1.07657
  0.91982
  0.80898
  0.79028
 
 13.25913
 12.46750
 11.88094
 11.34324
 10.85372
 10.41232
 10.01870
  9.67267
  9.37444
  9.12402
  8.92136
  8.76603
  8.65648
  8.59213
  8.57467
  8.60028
  8.66391
  8.75854
  8.85679
  8.88213
  8.84416
  8.63782
  7.54459
  6.49905
  3.56333
  2.50012
  1.21774
  0.99597
  0.82203
  0.78999
 
 13.22622
 12.46771
 11.88170
 11.34506
 10.85675
 10.41633
 10.02354
  9.67848
  9.38151
  9.13236
  8.93041
  8.77535
  8.66713
  8.60620
  8.59347
  8.62332
  8.69015
  8.79337
  8.92164
  8.97380
  8.95811
  8.78441
  7.93490
  7.06962
  4.04159
  2.85810
  1.35358
  1.08293
  0.83811
  0.78983
 
 13.18946
 12.46810
 11.88307
 11.34709
 10.85928
 10.41966
 10.02767
  9.68351
  9.38757
  9.13954
  8.93889
  8.78538
  8.67907
  8.62057
  8.61107
  8.64535
  8.71871
  8.83269
  8.98274
  9.05654
  9.08133
  8.97721
  8.36862
  7.70676
  4.80754
  3.48101
  1.59901
  1.23440
  0.86477
  0.78969
 
 13.16853
 12.46833
 11.88430
 11.34831
 10.86035
 10.42077
 10.02921
  9.68547
  9.38975
  9.14215
  8.94269
  8.79118
  8.68634
  8.62809
  8.61859
  8.65517
  8.73504
  8.85715
  9.00930
  9.08537
  9.14346
  9.12151
  8.62761
  7.97392
  5.39555
  4.03623
  1.81979
  1.35535
  0.89561
  0.78962
 
 13.17901
 12.47502
 11.88242
 11.34308
 10.85486
 10.41651
 10.02693
  9.68542
  9.39166
  9.14554
  8.94690
  8.79493
  8.68700
  8.62307
  8.60968
  8.65382
  8.75707
  8.89484
  9.03531
  9.10524
  9.17209
  9.18248
  8.79992
  8.22637
  5.81093
  4.44519
  2.04463
  1.48683
  0.92518
  0.78957
 
 13.14618
 12.46855
 11.88513
 11.34882
 10.86043
 10.42120
 10.03039
  9.68770
  9.39298
  9.14621
  8.94742
  8.79649
  8.69238
  8.63523
  8.62741
  8.66648
  8.75005
  8.87775
  9.04098
  9.12837
  9.20788
  9.22759
  8.90922
  8.41541
  6.14721
  4.78382
  2.25562
  1.61051
  0.95587
  0.78954
 
 13.13585
 12.46846
 11.88524
 11.34949
 10.86182
 10.42282
 10.03209
  9.68937
  9.39467
  9.14805
  8.94955
  8.79908
  8.69553
  8.63902
  8.63200
  8.67218
  8.75741
  8.88789
  9.05707
  9.15041
  9.24049
  9.28131
  9.06119
  8.66499
  6.64841
  5.33082
  2.62903
  1.87507
  1.01581
  0.78951
 
 13.13289
 12.46800
 11.88425
 11.35002
 10.86397
 10.42558
 10.03454
  9.69132
  9.39653
  9.15001
  8.95120
  8.79988
  8.69605
  8.64054
  8.63532
  8.67672
  8.76160
  8.89194
  9.06701
  9.16752
  9.26292
  9.30348
  9.14007
  8.86035
  7.02018
  5.72855
  2.94787
  2.11658
  1.07154
  0.78948
 
