  6.53125
  6.59910
  6.61998
  6.60421
  6.56004
  6.49684
  6.41846
  6.32910
  6.23373
  6.13361
  6.02927
  5.92206
  5.81511
  5.71203
  5.61535
  5.52921
  5.45769
  5.40122
  5.35588
  5.33442
  5.31414
  5.29979
  5.28759
  5.28478
  5.28260
  5.28244
  5.28258
  5.28264
  5.28259
  5.28218
 
  7.17462
  7.22507
  7.21266
  7.15272
  7.05718
  6.93909
  6.80363
  6.65577
  6.50162
  6.34351
  6.18364
  6.02470
  5.86908
  5.71983
  5.57875
  5.44838
  5.33162
  5.23046
  5.14914
  5.11715
  5.08740
  5.06469
  5.04217
  5.03700
  5.03296
  5.03198
  5.03021
  5.02981
  5.02992
  5.03157
 
  7.63255
  7.66788
  7.62363
  7.52123
  7.37753
  7.21053
  7.02698
  6.83312
  6.63605
  6.43816
  6.24129
  6.04797
  5.85975
  5.67895
  5.50666
  5.34406
  5.19306
  5.05665
  4.94166
  4.89506
  4.85367
  4.82501
  4.79902
  4.79336
  4.78904
  4.78807
  4.78642
  4.78605
  4.78614
  4.78763
 
  8.28008
  8.28663
  8.18422
  8.00664
  7.78080
  7.53423
  7.27641
  7.01502
  6.75812
  6.50725
  6.26210
  6.02413
  5.79338
  5.57094
  5.35682
  5.15040
  4.95211
  4.76524
  4.59664
  4.52296
  4.45936
  4.41968
  4.38922
  4.38319
  4.37881
  4.37810
  4.37716
  4.37697
  4.37699
  4.37765
 
  8.74202
  8.72020
  8.56599
  8.32472
  8.03232
  7.72428
  7.41170
  7.10261
  6.80499
  6.51895
  6.24239
  5.97550
  5.71726
  5.46776
  5.22636
  4.99133
  4.76196
  4.54089
  4.33297
  4.23770
  4.15526
  4.10489
  4.06901
  4.06224
  4.05745
  4.05681
  4.05616
  4.05603
  4.05603
  4.05632
 
  9.10193
  9.05204
  8.85109
  8.55503
  8.20744
  7.85023
  7.49534
  7.15035
  6.82256
  6.51074
  6.21142
  5.92365
  5.64569
  5.37683
  5.11594
  4.86056
  4.60914
  4.36330
  4.12566
  4.01332
  3.91512
  3.85467
  3.81234
  3.80439
  3.79875
  3.79807
  3.79746
  3.79734
  3.79733
  3.79749
 
  9.39713
  9.31956
  9.07598
  8.73204
  8.33774
  7.94008
  7.55132
  7.17813
  6.82680
  6.49492
  6.17803
  5.87407
  5.58101
  5.29743
  5.02181
  4.75115
  4.48321
  4.21858
  3.95771
  3.83162
  3.72010
  3.65024
  3.60096
  3.59155
  3.58481
  3.58398
  3.58328
  3.58315
  3.58313
  3.58329
 
  9.86586
  9.73415
  9.41477
  8.99027
  8.52058
  8.05990
  7.61995
  7.20504
  6.81878
  6.45705
  6.11402
  5.78596
  5.47098
  5.16620
  4.86961
  4.57745
  4.28637
  3.99508
  3.70020
  3.55329
  3.42033
  3.33370
  3.27017
  3.25747
  3.24815
  3.24697
  3.24591
  3.24572
  3.24570
  3.24597
 
 10.23118
 10.04721
  9.66171
  9.17130
  8.64275
  8.13477
  7.65757
  7.21291
  6.80172
  6.41807
  6.05615
  5.71071
  5.38035
  5.06091
  4.75001
  4.44337
  4.13678
  3.82748
  3.50903
  3.34714
  3.19767
  3.09674
  3.01950
  3.00339
  2.99131
  2.98976
  2.98837
  2.98811
  2.98808
  2.98840
 
 10.89212
 10.58656
 10.06492
  9.44994
  8.81683
  8.22855
  7.69032
  7.19761
  6.74617
  6.32547
  5.93293
  5.55904
  5.20473
  4.86300
  4.53065
  4.20234
  3.87260
  3.53680
  3.18337
  2.99798
  2.82013
  2.69174
  2.58448
  2.56030
  2.54152
  2.53922
  2.53761
  2.53738
  2.53724
  2.53696
 
 11.35382
 10.93852
 10.30824
  9.60371
  8.90097
  8.26129
  7.68561
  7.16403
  6.68658
  6.24338
  5.83194
  5.44062
  5.07232
  4.71835
  4.37439
  4.03415
  3.69152
  3.34185
  2.97048
  2.77184
  2.57587
  2.42777
  2.29625
  2.26515
  2.24053
  2.23775
  2.23649
  2.23641
  2.23611
  2.23465
 
 12.16897
 11.31833
 10.45745
  9.67205
  8.95118
  8.28680
  7.67418
  7.10971
  6.58292
  6.09807
  5.65561
  5.24325
  4.86044
  4.49565
  4.14291
  3.79786
  3.45219
  3.08830
  2.68996
  2.47823
  2.26347
  2.09032
  1.92014
  1.88228
  1.84745
  1.84355
  1.84283
  1.84300
  1.84254
  1.83939
 
 12.55323
 11.58406
 10.61661
  9.74776
  8.96118
  8.24551
  7.59327
  6.99916
  6.45091
  5.95214
  5.50384
  5.08755
  4.70084
  4.33429
  3.97818
  3.62820
  3.27626
  2.90582
  2.50060
  2.28363
  2.05929
  1.87291
  1.67954
  1.63212
  1.59199
  1.58764
  1.58595
  1.58599
  1.58535
  1.58251
 
 12.82589
 11.75876
 10.70709
  9.77401
  8.93773
  8.18472
  7.50453
  6.88811
  6.32642
  5.81994
  5.36971
  4.95264
  4.56390
  4.19825
  3.84180
  3.49029
  3.13606
  2.76364
  2.35708
  2.13852
  1.90975
  1.71586
  1.50655
  1.45201
  1.40830
  1.40342
  1.40017
  1.39989
  1.39922
  1.39767
 
 13.02596
 11.86302
 10.73805
  9.75498
  8.88451
  8.11016
  7.41765
  6.79143
  6.22501
  5.71864
  5.26873
  4.85040
  4.45570
  4.08343
  3.71879
  3.35979
  3.00222
  2.63492
  2.24241
  2.02939
  1.79707
  1.59279
  1.37281
  1.31479
  1.26799
  1.26228
  1.25745
  1.25687
  1.25632
  1.25628
 
 13.38781
 12.02856
 10.76702
  9.69582
  8.76934
  7.96200
  7.25165
  6.61275
  6.03550
  5.52753
  5.07395
  4.65186
  4.25148
  3.87767
  3.51587
  3.16048
  2.80754
  2.44660
  2.06203
  1.85237
  1.62073
  1.41220
  1.17684
  1.11377
  1.06323
  1.05649
  1.04958
  1.04857
  1.04810
  1.05013
 
 13.68067
 12.14743
 10.77523
  9.63402
  8.66563
  7.83291
  7.10672
  6.46037
  5.87754
  5.36828
  4.91259
  4.48779
  4.08385
  3.70742
  3.34959
  2.99897
  2.65174
  2.29831
  1.92316
  1.71802
  1.48909
  1.27963
  1.03658
  0.97077
  0.91807
  0.91090
  0.90333
  0.90219
  0.90172
  0.90428
 
 14.29646
 12.37570
 10.78694
  9.51101
  8.46521
  7.58646
  6.82716
  6.16416
  5.58178
  5.06884
  4.60734
  4.17646
  3.76667
  3.38241
  3.03130
  2.69302
  2.36034
  2.02570
  1.67404
  1.48056
  1.26022
  1.05376
  0.80747
  0.73972
  0.68510
  0.67813
  0.67194
  0.67115
  0.67052
  0.67110
 
 14.83944
 12.54255
 10.79691
  9.44389
  8.35232
  7.43987
  6.65554
  5.97132
  5.38114
  4.86258
  4.39140
  3.95156
  3.53775
  3.15315
  2.80650
  2.48131
  2.15851
  1.83694
  1.50467
  1.32139
  1.10979
  0.90937
  0.66851
  0.60142
  0.54697
  0.54020
  0.53597
  0.53557
  0.53496
  0.53336
 
 15.86114
 12.91874
 10.92739
  9.44197
  8.25980
  7.27883
  6.46540
  5.76875
  5.16266
  4.62935
  4.14628
  3.70003
  3.28320
  2.89384
  2.53664
  2.21580
  1.90752
  1.60181
  1.29408
  1.12946
  0.93437
  0.74432
  0.51349
  0.45001
  0.39751
  0.39078
  0.38631
  0.38580
  0.38524
  0.38423
 
 16.76633
 13.30378
 11.14277
  9.54991
  8.30016
  7.26015
  6.41185
  5.70122
  5.08300
  4.53626
  4.04380
  3.59206
  3.17055
  2.77431
  2.40594
  2.07321
  1.77219
  1.47527
  1.17917
  1.02404
  0.83930
  0.65728
  0.43323
  0.37162
  0.32063
  0.31381
  0.30862
  0.30791
  0.30747
  0.30753
 
 17.58179
 13.68588
 11.39709
  9.70690
  8.40065
  7.31937
  6.44043
  5.71181
  5.08121
  4.52194
  4.01858
  3.55855
  3.13022
  2.72720
  2.35025
  2.00503
  1.69892
  1.40551
  1.11496
  0.96425
  0.78436
  0.60622
  0.38574
  0.32511
  0.27486
  0.26807
  0.26277
  0.26203
  0.26162
  0.26182
 
 18.31482
 14.04897
 11.65825
  9.88074
  8.52309
  7.41558
  6.51464
  5.76790
  5.12337
  4.55195
  4.03757
  3.56815
  3.13216
  2.72241
  2.33788
  1.98145
  1.66257
  1.36928
  1.08046
  0.93120
  0.75279
  0.57569
  0.35604
  0.29560
  0.24543
  0.23869
  0.23347
  0.23275
  0.23234
  0.23238
 
 19.55463
 14.69712
 12.14785
 10.23383
  8.79219
  7.65241
  6.72572
  5.95095
  5.27960
  4.68458
  4.14943
  3.66180
  3.21035
  2.78693
  2.38779
  2.01150
  1.66383
  1.35560
  1.06279
  0.91172
  0.73061
  0.55015
  0.32559
  0.26368
  0.21218
  0.20532
  0.20019
  0.19951
  0.19905
  0.19881
 
 20.55115
 15.24844
 12.57705
 10.56771
  9.07425
  7.91178
  6.96942
  6.17514
  5.48158
  4.86515
  4.31118
  3.80718
  3.34116
  2.90405
  2.49027
  2.09539
  1.72170
  1.38516
  1.08253
  0.92627
  0.73822
  0.54998
  0.31484
  0.24989
  0.19578
  0.18862
  0.18336
  0.18269
  0.18217
  0.18187
 
 22.33345
 16.30057
 13.43114
 11.28857
  9.76589
  8.56208
  7.58162
  6.74630
  6.01103
  5.35409
  4.76246
  4.22391
  3.72573
  3.25740
  2.81071
  2.37660
  1.95182
  1.54677
  1.19193
  1.01637
  0.80287
  0.58741
  0.31716
  0.24246
  0.18029
  0.17207
  0.16602
  0.16526
  0.16469
  0.16449
 
 23.49261
 17.02875
 14.07649
 11.89844
 10.38105
  9.15027
  8.13424
  7.26332
  6.49856
  5.81580
  5.19830
  4.63269
  4.10827
  3.61479
  3.14147
  2.67523
  2.21048
  1.75841
  1.33626
  1.13107
  0.88535
  0.64028
  0.33356
  0.24904
  0.17760
  0.16785
  0.16064
  0.15986
  0.15898
  0.15880
 
 24.86682
 17.98862
 15.02930
 12.89285
 11.34964
 10.08609
  9.03664
  8.13260
  7.33263
  6.61344
  5.96002
  5.35854
  4.79538
  4.25932
  3.74225
  3.23481
  2.72668
  2.20638
  1.65910
  1.36987
  1.05455
  0.74877
  0.37934
  0.27549
  0.18395
  0.17053
  0.15936
  0.15790
  0.15626
  0.15451
 
 25.73465
 18.51350
 15.62937
 13.61366
 12.09515
 10.82844
  9.75743
  8.82488
  7.99640
  7.25087
  6.57357
  5.95043
  5.36704
  4.81087
  4.27180
  3.73707
  3.19117
  2.61329
  1.97157
  1.61156
  1.22006
  0.86032
  0.42873
  0.30687
  0.19571
  0.17792
  0.16101
  0.15850
  0.15627
  0.15248
 
 26.30757
 18.83856
 16.07104
 14.15446
 12.66530
 11.40371
 10.32377
  9.37603
  8.53192
  7.77186
  7.08145
  6.44632
  5.85135
  5.28282
  4.72911
  4.17481
  3.60025
  2.97737
  2.26085
  1.84410
  1.37448
  0.96687
  0.47974
  0.34048
  0.20903
  0.18644
  0.16293
  0.15911
  0.15605
  0.15128
 
 26.63371
 19.03152
 16.43309
 14.60337
 13.14489
 11.88395
 10.78936
  9.82249
  8.96397
  8.19537
  7.50097
  6.86459
  6.26844
  5.69685
  5.13790
  4.57548
  3.98392
  3.31741
  2.51643
  2.04375
  1.51473
  1.06791
  0.53803
  0.37645
  0.22177
  0.19473
  0.16534
  0.15994
  0.15457
  0.15049
 
 27.21149
 19.28191
 16.91005
 15.17745
 13.78182
 12.55994
 11.48966
 10.53562
  9.68189
  8.91212
  8.21246
  7.56808
  6.96210
  6.37892
  5.80545
  5.22317
  4.60143
  3.88370
  2.99141
  2.44665
  1.81464
  1.26116
  0.63905
  0.44387
  0.24808
  0.21156
  0.16945
  0.16133
  0.15349
  0.14954
 
 27.53784
 19.44083
 17.26323
 15.60866
 14.25866
 13.06153
 12.00333
 11.05531
 10.20693
  9.44306
  8.74976
  8.11168
  7.51068
  6.92925
  6.35167
  5.75468
  5.10613
  4.35694
  3.42009
  2.82969
  2.11159
  1.44280
  0.72589
  0.50682
  0.27485
  0.22819
  0.17255
  0.16210
  0.15360
  0.14898
 
 27.92067
 19.67194
 17.78250
 16.26624
 14.99044
 13.84665
 12.83009
 11.92004
 11.10996
 10.38271
  9.71924
  9.10234
  8.51718
  7.94765
  7.37510
  6.76985
  6.09480
  5.30149
  4.27785
  3.60310
  2.74697
  1.89676
  0.93650
  0.65089
  0.33008
  0.26293
  0.18199
  0.16624
  0.15183
  0.14821
 
 28.11548
 19.74965
 18.02061
 16.62415
 15.43171
 14.34872
 13.37368
 12.49210
 11.70147
 10.99028
 10.34578
  9.75310
  9.19301
  8.64604
  8.09377
  7.50654
  6.84171
  6.03226
  4.94970
  4.22365
  3.28207
  2.30938
  1.12581
  0.77565
  0.37611
  0.29242
  0.19102
  0.17080
  0.15101
  0.14780
 
 28.32518
 19.82677
 18.28761
 17.01770
 15.91355
 14.90612
 13.99500
 13.16988
 12.42912
 11.76338
 11.16170
 10.61059
 10.09185
  9.58624
  9.07435
  8.52380
  7.88721
  7.08889
  5.97888
  5.20679
  4.16803
  3.02793
  1.44367
  0.98779
  0.45376
  0.34223
  0.20772
  0.18026
  0.15099
  0.14738
 
 28.40642
 19.85237
 18.42239
 17.22627
 16.17892
 15.22367
 14.35935
 13.57672
 12.87370
 12.24236
 11.67337
 11.15479
 10.67002
 10.20079
  9.72715
  9.21504
  8.61415
  7.84404
  6.74367
  5.96031
  4.88090
  3.63957
  1.74091
  1.16245
  0.52102
  0.38606
  0.22250
  0.18882
  0.15246
  0.14717
 
 28.40434
 19.86348
 18.50447
 17.35783
 16.35008
 15.43274
 14.60332
 13.85293
 13.17852
 12.57317
 12.02897
 11.53539
 11.07761
 10.63864
 10.19905
  9.72458
  9.16345
  8.43043
  7.35382
  6.56917
  5.46467
  4.15509
  2.03422
  1.32105
  0.57809
  0.42330
  0.23672
  0.19784
  0.15426
  0.14704
 
 28.35431
 19.87141
 18.56160
 17.45042
 16.47198
 15.58332
 14.78076
 14.05506
 13.40215
 12.81595
 12.28998
 11.81549
 11.37998
 10.96831
 10.56142
 10.12443
  9.60316
  8.90585
  7.85180
  7.07034
  5.95754
  4.60992
  2.31219
  1.46765
  0.62960
  0.45849
  0.25024
  0.20577
  0.15647
  0.14696
 
 28.20488
 19.88275
 18.64055
 17.57870
 16.64024
 15.79030
 15.02441
 14.33336
 13.71248
 13.15636
 12.66002
 12.21636
 11.81496
 11.44283
 11.08298
 10.70270
 10.24852
  9.62448
  8.63833
  7.87931
  6.76332
  5.36135
  2.81003
  1.76604
  0.72303
  0.51979
  0.27451
  0.22171
  0.16092
  0.14685
 
 28.06505
 19.89423
 18.69922
 17.67043
 16.75760
 15.93178
 15.18815
 14.51873
 13.91868
 13.38356
 12.90897
 12.48878
 12.11363
 11.77188
 11.44813
 11.11158
 10.71058
 10.14963
  9.23216
  8.50304
  7.40027
  5.97343
  3.24938
  2.05812
  0.80771
  0.57513
  0.29644
  0.23632
  0.16543
  0.14679
 
 27.75345
 19.91769
 18.79771
 17.81850
 16.94214
 16.14859
 15.43421
 14.79364
 14.22401
 13.72181
 13.28345
 12.90372
 12.57431
 12.28504
 12.02333
 11.76199
 11.45501
 11.01542
 10.25000
  9.60026
  8.55753
  7.12887
  4.16330
  2.71986
  0.99550
  0.69738
  0.34442
  0.26857
  0.17629
  0.14670
 
 27.30722
 19.93417
 18.85745
 17.90364
 17.04475
 16.26709
 15.56796
 14.94387
 14.39296
 13.91206
 13.49722
 13.14335
 12.84279
 12.58662
 12.36409
 12.15064
 11.90582
 11.55428
 10.90975
 10.32849
  9.35376
  7.96150
  4.89291
  3.28222
  1.16077
  0.80587
  0.38596
  0.29658
  0.18628
  0.14666
 
 26.18188
 19.94308
 18.91049
 17.98595
 17.14957
 16.39236
 15.71242
 15.10804
 14.57881
 14.12189
 13.73383
 13.41004
 13.14434
 12.92960
 12.75740
 12.60678
 12.44316
 12.20234
 11.72051
 11.25115
 10.40987
  9.11997
  6.00103
  4.20053
  1.45246
  0.99661
  0.45755
  0.34442
  0.20445
  0.14661
 
 25.22911
 19.94308
 18.93230
 18.02328
 17.20018
 16.45573
 15.78818
 15.19639
 14.67983
 14.23629
 13.86315
 13.55683
 13.31185
 13.12216
 12.98087
 12.86944
 12.75716
 12.58697
 12.21310
 11.82462
 11.09309
  9.90783
  6.82783
  4.92828
  1.70828
  1.16527
  0.51959
  0.38561
  0.22062
  0.14659
 
 24.53964
 19.94168
 18.94370
 18.04433
 17.22984
 16.49396
 15.83500
 15.25220
 14.74447
 14.31005
 13.94612
 13.64988
 13.41770
 13.24518
 13.12619
 13.04269
 12.96619
 12.84693
 12.55076
 12.21945
 11.57450
 10.49452
  7.49443
  5.51312
  1.93744
  1.32239
  0.57585
  0.42126
  0.23571
  0.14658
 
 24.06345
 19.94057
 18.95190
 18.05960
 17.25087
 16.52069
 15.86739
 15.29047
 14.78864
 14.36035
 14.00332
 13.71516
 13.49279
 13.33245
 13.22890
 13.16546
 13.11586
 13.03477
 12.79939
 12.51582
 11.94033
 10.94063
  8.02952
  6.02254
  2.19256
  1.46422
  0.62752
  0.45508
  0.24940
  0.14657
 
 23.45822
 19.94011
 18.96399
 18.08078
 17.27927
 16.55606
 15.90978
 15.34037
 14.84611
 14.42585
 14.07801
 13.80080
 13.59159
 13.44760
 13.36505
 13.32936
 13.31790
 13.29193
 13.14509
 12.93156
 12.46090
 11.59109
  8.86353
  6.85482
  2.72771
  1.72099
  0.72160
  0.51653
  0.27421
  0.14656
 
 23.07419
 19.94043
 18.97240
 18.09477
 17.29758
 16.57849
 15.93635
 15.37137
 14.88171
 14.46669
 14.12488
 13.85462
 13.65381
 13.52031
 13.45134
 13.43405
 13.44835
 13.46056
 13.37605
 13.21235
 12.81787
 12.04784
  9.49232
  7.51389
  3.18694
  1.95009
  0.80690
  0.57222
  0.29649
  0.14655
 
 22.48872
 19.94121
 18.98518
 18.11501
 17.32385
 16.61038
 15.97382
 15.41401
 14.93008
 14.52192
 14.18951
 13.93058
 13.74254
 13.62350
 13.57264
 13.58104
 13.63437
 13.70654
 13.71998
 13.63510
 13.36930
 12.77746
 10.56909
  8.70435
  4.14421
  2.52753
  0.99541
  0.69539
  0.34428
  0.14654
 
 22.15681
 19.94106
 18.99103
 18.12459
 17.33678
 16.62663
 15.99319
 15.43619
 14.95583
 14.55143
 14.22388
 13.97020
 13.78845
 13.67735
 13.63706
 13.65997
 13.73418
 13.83946
 13.91142
 13.87571
 13.68904
 13.21281
 11.27485
  9.52328
  4.88989
  3.14363
  1.16177
  0.80333
  0.38607
  0.14654
 
 21.80292
 19.93993
 18.99593
 18.13348
 17.34912
 16.64241
 16.01245
 15.45906
 14.98244
 14.58247
 14.25932
 14.01119
 13.83621
 13.73352
 13.70452
 13.74279
 13.83919
 13.97999
 14.11813
 14.14095
 14.05145
 13.72064
 12.15752
 10.60735
  6.02376
  4.12465
  1.45252
  0.99377
  0.45793
  0.14653
 
 21.61671
 19.93883
 18.99759
 18.13712
 17.35461
 16.64973
 16.02202
 15.47080
 14.99643
 14.59850
 14.27744
 14.03219
 13.86087
 13.76268
 13.73967
 13.78611
 13.89431
 14.05446
 14.22897
 14.28534
 14.25367
 14.01296
 12.69950
 11.30894
  6.87327
  4.90565
  1.70637
  1.16283
  0.52012
  0.14653
 
 21.49950
 19.93790
 18.99828
 18.13892
 17.35751
 16.65404
 16.02774
 15.47807
 15.00498
 14.60845
 14.28865
 14.04516
 13.87620
 13.78084
 13.76158
 13.81315
 13.92888
 14.10146
 14.29911
 14.37687
 14.38368
 14.20492
 13.07052
 11.80453
  7.53197
  5.52943
  1.96509
  1.31750
  0.57610
  0.14653
 
 21.41711
 19.93738
 18.99890
 18.14034
 17.35976
 16.65709
 16.03171
 15.48302
 15.01076
 14.61512
 14.29623
 14.05414
 13.88670
 13.79335
 13.77663
 13.83168
 13.95270
 14.13393
 14.34769
 14.44013
 14.47437
 14.34126
 13.34356
 12.17894
  8.07267
  6.06116
  2.36995
  1.46104
  0.62767
  0.14653
 
 21.31026
 19.93761
 19.00073
 18.14326
 17.36357
 16.66164
 16.03679
 15.48886
 15.01760
 14.62347
 14.30604
 14.06548
 13.90003
 13.80918
 13.79554
 13.85502
 13.98273
 14.17513
 14.40935
 14.52147
 14.59235
 14.52240
 13.72317
 12.71540
  8.91577
  6.92030
  3.03740
  1.85709
  0.72154
  0.14653
 
 21.24706
 19.93901
 19.00360
 18.14700
 17.36766
 16.66544
 16.04005
 15.49166
 15.02113
 14.62803
 14.31197
 14.07241
 13.90795
 13.81848
 13.80649
 13.86841
 14.00004
 14.19889
 14.44563
 14.57068
 14.66534
 14.63747
 13.97874
 13.08921
  9.55379
  7.59348
  3.56403
  2.26487
  0.80670
  0.14653
 
