  1.92450
  1.97990
  2.03355
  2.08565
  2.13596
  2.18427
  2.23052
  2.27483
  2.31752
  2.35866
  2.39823
  2.43660
  2.47479
  2.51374
  2.55352
  2.59420
  2.63548
  2.67577
  2.71291
  2.73064
  2.75059
  2.76988
  2.79464
  2.80179
  2.80709
  2.80766
  2.80825
  2.80836
  2.80836
  2.80841
 
  2.45870
  2.51239
  2.56439
  2.61529
  2.66481
  2.71263
  2.75844
  2.80192
  2.84285
  2.88116
  2.91706
  2.95116
  2.98506
  3.02027
  3.05706
  3.09574
  3.13692
  3.18202
  3.23160
  3.25619
  3.27653
  3.28862
  3.30570
  3.31206
  3.31501
  3.31512
  3.31558
  3.31563
  3.31579
  3.31571
 
  2.89367
  2.94935
  3.00220
  3.05306
  3.10160
  3.14745
  3.19023
  3.22962
  3.26538
  3.29751
  3.32646
  3.35314
  3.37978
  3.40845
  3.43976
  3.47436
  3.51319
  3.55776
  3.60831
  3.63330
  3.65213
  3.66085
  3.67415
  3.67974
  3.68164
  3.68157
  3.68194
  3.68198
  3.68217
  3.68207
 
  3.56646
  3.64292
  3.70809
  3.76321
  3.80812
  3.84324
  3.86976
  3.89008
  3.90747
  3.92294
  3.93720
  3.95124
  3.96700
  3.98619
  4.00891
  4.03443
  4.06224
  4.09360
  4.12936
  4.14770
  4.16320
  4.17228
  4.18171
  4.18400
  4.18558
  4.18575
  4.18592
  4.18593
  4.18598
  4.18597
 
  4.08520
  4.18631
  4.26046
  4.31217
  4.34626
  4.36865
  4.38186
  4.38882
  4.39329
  4.39624
  4.39794
  4.39900
  4.40079
  4.40484
  4.41182
  4.42253
  4.43784
  4.45826
  4.48198
  4.49313
  4.50328
  4.51019
  4.51628
  4.51769
  4.51878
  4.51892
  4.51902
  4.51902
  4.51904
  4.51905
 
  4.50484
  4.62916
  4.71056
  4.75706
  4.77885
  4.78780
  4.78787
  4.78267
  4.77648
  4.76910
  4.75842
  4.74432
  4.73087
  4.72186
  4.71744
  4.71644
  4.71816
  4.72447
  4.73549
  4.74111
  4.74631
  4.74991
  4.75321
  4.75397
  4.75459
  4.75466
  4.75472
  4.75473
  4.75474
  4.75475
 
  4.85871
  5.00021
  5.08552
  5.12569
  5.13547
  5.13164
  5.11935
  5.10271
  5.08636
  5.06921
  5.04732
  5.02002
  4.99330
  4.97254
  4.95745
  4.94539
  4.93447
  4.92759
  4.92647
  4.92676
  4.92719
  4.92760
  4.92805
  4.92818
  4.92830
  4.92832
  4.92833
  4.92833
  4.92833
  4.92834
 
  5.43356
  5.59230
  5.67651
  5.70195
  5.68963
  5.66287
  5.62838
  5.59085
  5.55537
  5.51992
  5.47878
  5.43062
  5.38305
  5.34263
  5.30850
  5.27652
  5.24364
  5.21409
  5.19160
  5.18221
  5.17381
  5.16803
  5.16253
  5.16129
  5.16033
  5.16020
  5.16011
  5.16009
  5.16008
  5.16010
 
  5.88958
  6.04951
  6.12451
  6.13361
  6.10130
  6.05433
  6.00016
  5.94378
  5.89049
  5.83815
  5.78096
  5.71732
  5.65447
  5.59848
  5.54829
  5.49941
  5.44873
  5.40102
  5.36089
  5.34315
  5.32687
  5.31527
  5.30392
  5.30125
  5.29918
  5.29892
  5.29872
  5.29868
  5.29866
  5.29868
 
  6.72711
  6.85920
  6.89570
  6.86113
  6.78326
  6.69162
  6.59419
  6.49612
  6.40293
  6.31348
  6.22435
  6.13386
  6.04564
  5.96230
  5.88272
  5.80337
  5.72196
  5.64310
  5.57087
  5.53666
  5.50405
  5.47991
  5.45651
  5.45081
  5.44633
  5.44576
  5.44531
  5.44524
  5.44521
  5.44521
 
  7.31662
  7.40567
  7.39655
  7.31763
  7.19743
  7.06549
  6.92977
  6.79527
  6.66744
  6.54676
  6.43260
  6.32344
  6.21909
  6.11840
  6.02043
  5.92264
  5.82355
  5.72657
  5.63353
  5.58719
  5.54183
  5.50769
  5.47589
  5.46799
  5.46170
  5.46090
  5.46030
  5.46021
  5.46016
  5.46014
 
  8.30858
  8.13517
  7.95069
  7.76941
  7.59131
  7.41629
  7.24456
  7.07639
  6.91140
  6.75074
  6.59532
  6.44493
  6.30098
  6.16330
  6.03268
  5.90999
  5.79532
  5.68535
  5.57822
  5.52769
  5.48057
  5.44120
  5.36988
  5.34411
  5.34862
  5.35218
  5.34949
  5.34811
  5.35017
  5.34885
 
  8.83382
  8.59016
  8.33626
  8.08975
  7.85042
  7.61820
  7.39324
  7.17591
  6.96593
  6.76468
  6.57348
  6.39193
  6.22180
  6.06361
  5.91820
  5.78664
  5.66842
  5.55673
  5.44518
  5.39028
  5.33576
  5.28592
  5.19428
  5.16260
  5.17437
  5.17983
  5.17560
  5.17355
  5.17619
  5.17468
 
  9.08042
  8.88128
  8.63226
  8.35861
  8.06620
  7.76304
  7.45944
  7.16873
  6.90471
  6.67015
  6.46383
  6.28111
  6.11712
  5.96663
  5.82574
  5.68749
  5.54619
  5.40417
  5.26463
  5.19531
  5.12337
  5.06522
  5.01378
  5.00108
  4.99042
  4.98916
  4.98815
  4.98799
  4.98793
  4.98786
 
  9.39162
  9.12848
  8.81913
  8.49160
  8.15168
  7.80742
  7.46871
  7.14786
  6.85821
  6.60195
  6.37686
  6.17739
  5.99740
  5.83173
  5.67667
  5.52686
  5.37765
  5.22962
  5.08453
  5.01340
  4.94172
  4.88485
  4.83048
  4.81705
  4.80622
  4.80492
  4.80383
  4.80370
  4.80358
  4.80357
 
  9.79620
  9.53170
  9.13207
  8.67043
  8.20144
  7.77257
  7.38842
  7.04522
  6.73978
  6.46631
  6.21347
  5.97438
  5.75330
  5.55458
  5.37486
  5.20836
  5.04885
  4.89049
  4.73435
  4.66215
  4.59263
  4.53836
  4.48017
  4.46630
  4.45534
  4.45385
  4.45278
  4.45265
  4.45253
  4.45256
 
 10.11637
  9.77309
  9.28966
  8.74904
  8.21263
  7.73133
  7.30742
  6.93426
  6.60494
  6.31039
  6.03441
  5.76894
  5.52226
  5.30177
  5.10425
  4.92227
  4.74897
  4.57930
  4.41606
  4.34246
  4.27260
  4.21836
  4.15863
  4.14460
  4.13357
  4.13204
  4.13094
  4.13083
  4.13069
  4.13075
 
 10.79851
 10.06039
  9.36004
  8.72206
  8.14023
  7.60927
  7.12473
  6.68445
  6.28653
  5.92779
  5.60358
  5.30828
  5.03597
  4.78362
  4.55227
  4.33972
  4.14363
  3.95504
  3.76815
  3.67933
  3.60003
  3.54549
  3.48627
  3.47053
  3.45961
  3.45851
  3.45729
  3.45711
  3.45696
  3.45699
 
 11.01654
 10.27499
  9.48573
  8.71859
  8.01559
  7.40734
  6.88276
  6.42500
  6.01932
  5.65211
  5.30873
  4.98198
  4.67664
  4.39655
  4.14080
  3.90328
  3.68019
  3.47601
  3.28808
  3.19512
  3.10516
  3.03885
  2.98047
  2.96622
  2.95494
  2.95354
  2.95249
  2.95232
  2.95224
  2.95214
 
 11.53760
 10.42211
  9.44329
  8.59291
  7.84786
  7.19348
  6.61816
  6.10782
  5.65119
  5.24054
  4.86799
  4.52571
  4.20472
  3.89975
  3.61265
  3.34688
  3.10159
  2.87291
  2.65984
  2.56032
  2.46527
  2.39527
  2.33479
  2.32048
  2.30894
  2.30760
  2.30651
  2.30634
  2.30625
  2.30613
 
 11.83776
 10.55568
  9.46960
  8.54210
  7.74300
  7.05034
  6.44881
  5.91882
  5.44288
  5.01225
  4.62003
  4.25918
  3.92196
  3.60346
  3.30394
  3.02477
  2.76565
  2.52192
  2.29378
  2.18791
  2.09004
  2.02004
  1.95574
  1.94069
  1.92904
  1.92768
  1.92650
  1.92637
  1.92622
  1.92620
 
 12.06383
 10.66783
  9.51312
  8.53420
  7.69890
  6.98032
  6.35949
  5.81403
  5.32334
  4.87784
  4.47120
  4.09705
  3.74836
  3.42043
  3.11267
  2.82513
  2.55768
  2.30531
  2.06692
  1.95538
  1.85233
  1.77862
  1.71119
  1.69559
  1.68357
  1.68216
  1.68092
  1.68079
  1.68064
  1.68071
 
 12.24595
 10.76901
  9.56871
  8.55380
  7.69253
  6.95559
  6.32013
  5.76205
  5.25947
  4.80245
  4.38487
  4.00065
  3.64314
  3.30772
  2.99340
  2.69960
  2.42577
  2.16730
  1.92072
  1.80403
  1.69522
  1.61669
  1.54616
  1.52992
  1.51733
  1.51584
  1.51454
  1.51440
  1.51425
  1.51436
 
 12.53011
 10.95111
  9.69900
  8.64063
  7.74617
  6.98543
  6.32977
  5.75316
  5.23330
  4.76025
  4.32773
  3.92959
  3.55905
  3.21147
  2.88569
  2.58090
  2.29563
  2.02530
  1.76371
  1.63763
  1.51823
  1.43052
  1.35252
  1.33443
  1.32022
  1.31854
  1.31710
  1.31692
  1.31678
  1.31678
 
 12.74736
 11.11236
  9.83681
  8.75709
  7.84540
  7.07046
  6.40177
  5.81273
  5.28153
  4.79824
  4.35630
  3.94895
  3.56882
  3.21095
  2.87443
  2.55888
  2.26230
  1.97859
  1.70178
  1.56656
  1.43713
  1.34054
  1.25339
  1.23281
  1.21655
  1.21464
  1.21302
  1.21281
  1.21264
  1.21248
 
 13.12662
 11.43039
 10.14268
  9.04954
  8.12903
  7.33968
  6.65461
  6.04878
  5.50219
  5.00479
  4.54913
  4.12731
  3.73040
  3.35267
  2.99391
  2.65463
  2.33210
  2.01591
  1.69949
  1.54074
  1.38345
  1.26083
  1.14689
  1.11920
  1.09696
  1.09434
  1.09219
  1.09190
  1.09167
  1.09153
 
 13.37342
 11.65690
 10.38137
  9.29856
  8.38698
  7.59856
  6.91014
  6.29882
  5.74618
  5.24223
  4.77915
  4.34855
  3.94069
  3.54935
  3.17449
  2.81694
  2.47309
  2.12918
  1.77408
  1.59138
  1.40296
  1.25002
  1.10670
  1.07191
  1.04398
  1.04058
  1.03767
  1.03731
  1.03706
  1.03741
 
 13.67704
 11.94441
 10.70868
  9.66977
  8.78981
  8.02283
  7.34700
  6.74026
  6.18453
  5.67158
  5.19594
  4.75167
  4.33189
  3.93067
  3.54384
  3.16536
  2.78662
  2.39355
  1.97023
  1.74226
  1.49811
  1.28754
  1.07500
  1.02627
  0.99242
  0.98818
  0.98250
  0.98158
  0.98230
  0.98332
 
 13.84280
 12.11560
 10.92599
  9.93138
  9.08101
  8.33595
  7.67564
  7.07900
  6.52846
  6.01663
  5.53894
  5.09033
  4.66485
  4.25690
  3.86166
  3.47183
  3.07580
  2.65247
  2.17519
  1.90573
  1.60640
  1.34180
  1.06822
  1.00471
  0.96453
  0.95968
  0.95167
  0.95028
  0.95207
  0.95298
 
 13.80152
 12.20011
 11.11859
 10.18568
  9.35755
  8.61083
  7.93663
  7.32569
  6.77063
  6.26390
  5.79765
  5.36276
  4.94784
  4.54361
  4.14510
  3.74505
  3.33056
  2.87658
  2.35188
  2.05152
  1.71577
  1.41582
  1.07709
  0.98795
  0.94491
  0.94166
  0.93111
  0.92873
  0.93232
  0.93191
 
 13.85664
 12.26577
 11.22680
 10.32660
  9.52316
  8.79558
  8.13619
  7.53649
  6.98979
  6.48915
  6.02722
  5.59537
  5.18261
  4.77963
  4.38089
  3.97797
  3.55565
  3.08398
  2.52414
  2.19584
  1.82136
  1.48114
  1.08892
  0.98295
  0.93148
  0.92775
  0.91590
  0.91322
  0.91745
  0.91606
 
 13.89946
 12.33370
 11.36999
 10.52373
  9.76329
  9.06966
  8.43712
  7.85850
  7.32826
  6.84051
  6.38893
  5.96588
  5.56141
  5.16646
  4.77430
  4.37412
  3.94575
  3.44841
  2.82843
  2.45140
  2.01079
  1.60403
  1.13409
  0.99835
  0.90494
  0.89999
  0.90021
  0.89832
  0.88987
  0.89364
 
 13.91929
 12.37098
 11.46042
 10.65275
  9.92452
  9.25780
  8.64796
  8.08855
  7.57473
  7.10120
  6.66220
  6.25057
  5.85679
  5.47183
  5.08839
  4.69429
  4.26634
  3.75675
  3.09953
  2.68778
  2.19452
  1.72710
  1.17637
  1.01321
  0.89506
  0.88711
  0.88625
  0.88426
  0.87465
  0.87851
 
 13.98718
 12.44401
 11.59212
 10.83279
 10.14832
  9.52333
  8.95358
  8.43316
  7.95736
  7.52085
  7.11754
  6.73944
  6.37532
  6.01495
  5.65143
  5.27335
  4.85863
  4.36019
  3.68938
  3.23223
  2.62972
  2.01655
  1.27263
  1.05472
  0.89597
  0.87731
  0.86026
  0.85845
  0.85859
  0.85618
 
 13.95467
 12.43911
 11.63853
 10.92258
 10.27522
  9.68374
  9.14448
  8.65230
  8.20308
  7.79208
  7.41369
  7.06041
  6.72132
  6.38619
  6.04776
  5.69351
  5.29841
  4.80778
  4.11976
  3.63756
  2.98836
  2.29977
  1.39536
  1.11639
  0.89534
  0.86866
  0.84926
  0.84733
  0.84674
  0.84399
 
 13.86107
 12.39055
 11.66215
 11.00690
 10.41160
  9.86659
  9.36925
  8.91567
  8.50269
  8.12667
  7.78317
  7.46601
  7.16583
  6.87335
  6.58102
  6.27473
  5.92442
  5.46113
  4.76162
  4.25095
  3.54685
  2.76508
  1.63867
  1.26336
  0.91325
  0.86532
  0.83515
  0.83298
  0.82815
  0.83098
 
 13.83646
 12.37805
 11.67877
 11.04902
 10.47765
  9.95660
  9.48318
  9.05396
  8.66602
  8.31600
  7.99969
  7.71097
  7.44029
  7.17839
  6.91844
  6.64723
  6.33565
  5.91439
  5.25134
  4.74543
  4.01702
  3.16535
  1.85036
  1.39066
  0.94146
  0.87438
  0.82649
  0.82352
  0.82280
  0.82410
 
 13.82418
 12.37811
 11.69663
 11.08203
 10.52454
 10.01720
  9.55750
  9.14239
  8.76929
  8.43525
  8.13652
  7.86755
  7.61949
  7.38365
  7.15354
  6.91589
  6.63999
  6.25053
  5.61329
  5.12491
  4.42231
  3.55802
  2.06333
  1.50382
  0.95418
  0.87747
  0.82975
  0.82639
  0.82213
  0.81986
 
 13.78056
 12.35975
 11.70080
 11.10498
 10.56319
 10.06855
  9.61921
  9.21287
  8.84779
  8.52255
  8.23556
  7.98326
  7.75815
  7.55057
  7.34813
  7.13071
  6.86690
  6.49810
  5.90630
  5.44490
  4.75279
  3.85953
  2.25724
  1.62329
  0.98072
  0.89032
  0.82857
  0.82419
  0.81744
  0.81699
 
 13.76446
 12.36456
 11.71794
 11.13294
 10.60267
 10.12157
  9.68777
  9.29892
  8.95315
  8.64828
  8.38155
  8.14865
  7.94222
  7.75526
  7.58307
  7.41439
  7.21961
  6.91987
  6.37396
  5.92941
  5.26041
  4.36909
  2.60617
  1.85386
  1.03582
  0.91380
  0.82870
  0.82213
  0.81503
  0.81335
 
 13.72136
 12.35981
 11.73503
 11.16539
 10.64536
 10.17151
  9.74298
  9.35922
  9.02001
  8.72397
  8.46900
  8.25175
  8.06619
  7.90560
  7.76270
  7.61996
  7.44683
  7.18432
  6.70875
  6.30381
  5.65767
  4.76717
  2.92289
  2.06308
  1.09053
  0.94197
  0.83090
  0.82127
  0.81285
  0.81113
 
 13.70183
 12.37726
 11.76531
 11.20711
 10.69835
 10.23591
  9.81938
  9.44816
  9.12207
  8.84028
  8.60146
  8.40328
  8.24122
  8.11032
  8.00544
  7.91201
  7.80390
  7.62874
  7.27002
  6.93381
  6.35472
  5.50153
  3.55697
  2.53017
  1.22747
  1.01486
  0.83946
  0.82290
  0.80960
  0.80813
 
 13.68801
 12.39757
 11.78361
 11.22634
 10.72107
 10.26495
  9.85650
  9.49439
  9.17751
  8.90488
  8.67523
  8.48623
  8.33319
  8.21255
  8.12448
  8.06481
  8.01449
  7.90787
  7.61802
  7.32657
  6.81625
  6.02155
  4.04352
  2.92670
  1.35854
  1.08905
  0.85163
  0.82558
  0.80820
  0.80663
 
 13.58008
 12.40578
 11.79918
 11.24828
 10.74903
 10.29898
  9.89690
  9.54163
  9.23229
  8.96820
  8.74847
  8.57129
  8.43253
  8.32976
  8.26497
  8.23725
  8.23322
  8.19777
  8.02071
  7.80828
  7.39660
  6.70346
  4.78967
  3.55880
  1.60199
  1.23290
  0.87892
  0.83463
  0.80813
  0.80511
 
 13.46168
 12.39688
 11.80285
 11.26078
 10.76745
 10.32112
  9.92126
  9.56750
  9.25990
  8.99838
  8.78285
  8.61271
  8.48561
  8.39959
  8.35320
  8.33728
  8.33736
  8.32858
  8.24054
  8.09845
  7.76266
  7.14285
  5.32822
  4.05712
  1.82682
  1.36659
  0.90652
  0.84789
  0.80899
  0.80434
 
 13.38922
 12.39710
 11.80606
 11.26528
 10.77282
 10.32791
  9.93018
  9.57951
  9.27605
  9.01918
  8.80785
  8.64114
  8.51767
  8.43659
  8.39737
  8.39229
  8.40963
  8.42996
  8.38535
  8.27416
  7.99945
  7.47826
  5.77078
  4.42994
  2.02466
  1.50278
  0.93865
  0.85392
  0.81594
  0.80388
 
 13.33809
 12.39708
 11.80880
 11.26919
 10.77760
 10.33385
  9.93759
  9.58849
  9.28656
  9.03153
  8.82292
  8.65994
  8.54054
  8.46346
  8.42892
  8.43064
  8.45851
  8.49406
  8.48494
  8.41164
  8.18624
  7.70074
  6.06618
  4.80037
  2.22575
  1.61694
  0.96772
  0.87249
  0.81268
  0.80358
 
 13.27642
 12.39761
 11.81168
 11.27392
 10.78385
 10.34196
  9.94769
  9.60083
  9.30139
  9.04909
  8.84349
  8.68388
  8.56856
  8.49670
  8.46917
  8.48065
  8.52298
  8.58197
  8.61571
  8.58156
  8.42623
  8.03644
  6.56035
  5.33932
  2.58707
  1.84169
  1.02724
  0.90090
  0.81699
  0.80319
 
 13.23881
 12.39845
 11.81368
 11.27704
 10.78820
 10.34749
  9.95447
  9.60887
  9.31074
  9.05991
  8.85603
  8.69854
  8.58585
  8.51728
  8.49408
  8.51153
  8.56279
  8.63656
  8.69712
  8.68773
  8.58033
  8.26192
  6.92129
  5.75399
  2.90466
  2.04671
  1.08550
  0.93030
  0.82174
  0.80295
 
 13.18283
 12.39973
 11.81631
 11.28146
 10.79452
 10.35565
  9.96426
  9.62017
  9.32354
  9.07443
  8.87282
  8.71833
  8.60940
  8.54542
  8.52807
  8.55360
  8.61701
  8.71140
  8.80957
  8.83522
  8.79867
  8.59627
  7.51798
  6.48118
  3.55964
  2.50170
  1.22532
  1.00533
  0.83475
  0.80264
 
 13.15116
 12.40015
 11.81708
 11.28318
 10.79734
 10.35937
  9.96887
  9.62585
  9.33058
  9.08278
  8.88189
  8.72763
  8.61994
  8.55929
  8.54663
  8.57636
  8.64292
  8.74578
  8.87371
  8.92585
  8.91094
  8.74035
  7.90454
  7.04813
  4.03568
  2.85767
  1.36019
  1.09150
  0.85072
  0.80249
 
 13.11542
 12.40025
 11.81824
 11.28520
 10.80006
 10.36283
  9.97308
  9.63086
  9.33654
  9.08987
  8.89029
  8.73761
  8.63183
  8.57362
  8.56411
  8.59815
  8.67108
  8.78453
  8.93411
  9.00777
  9.03274
  8.93016
  8.33241
  7.68045
  4.79839
  3.47710
  1.60412
  1.24195
  0.87674
  0.80233
 
 13.09543
 12.40039
 11.81947
 11.28652
 10.80143
 10.36429
  9.97476
  9.63278
  9.33864
  9.09240
  8.89404
  8.74333
  8.63904
  8.58103
  8.57151
  8.60783
  8.68726
  8.80874
  8.96022
  9.03613
  9.09434
  9.07326
  8.58706
  7.94299
  5.38432
  4.03032
  1.82374
  1.36178
  0.90698
  0.80226
 
 13.10602
 12.40749
 11.81809
 11.28159
 10.79603
 10.36001
  9.97250
  9.63279
  9.34059
  9.09574
  8.89813
  8.74693
  8.63951
  8.57588
  8.56250
  8.60638
  8.70909
  8.84621
  8.98611
  9.05577
  9.12233
  9.13319
  8.75738
  8.19197
  5.79740
  4.43730
  2.04762
  1.49260
  0.93600
  0.80222
 
 13.07397
 12.40071
 11.82050
 11.28743
 10.80201
 10.36502
  9.97610
  9.63495
  9.34168
  9.09624
  8.89856
  8.74840
  8.64480
  8.58790
  8.58011
  8.61896
  8.70213
  8.82916
  8.99153
  9.07859
  9.15792
  9.17794
  8.86444
  8.37877
  6.13182
  4.77412
  2.25715
  1.61628
  0.96618
  0.80219
 
 13.06381
 12.40072
 11.82062
 11.28789
 10.80299
 10.36641
  9.97767
  9.63663
  9.34341
  9.09808
  8.90063
  8.75092
  8.64788
  8.59163
  8.58463
  8.62460
  8.70944
  8.83918
  9.00739
  9.10028
  9.19008
  9.23102
  9.01418
  8.62492
  6.62981
  5.31827
  2.62827
  1.87878
  1.02510
  0.80215
 
 13.05927
 12.39897
 11.81892
 11.28813
 10.80544
 10.37004
  9.98142
  9.63971
  9.34540
  9.09893
  8.90071
  8.75092
  8.64850
  8.59343
  8.58806
  8.62965
  8.71531
  8.84394
  9.01472
  9.11463
  9.21038
  9.26245
  9.11482
  8.77661
  6.98107
  5.75121
  2.95449
  2.10088
  1.08392
  0.80212
 
