  1.86618
  1.91943
  1.97191
  2.02384
  2.07493
  2.12485
  2.17322
  2.21970
  2.26399
  2.30593
  2.34550
  2.38317
  2.42025
  2.45791
  2.49613
  2.53477
  2.57383
  2.61401
  2.65560
  2.67631
  2.69632
  2.71263
  2.73740
  2.74644
  2.75124
  2.75155
  2.75228
  2.75234
  2.75258
  2.75247
 
  2.39206
  2.44722
  2.50063
  2.55284
  2.60353
  2.65236
  2.69898
  2.74305
  2.78431
  2.82271
  2.85848
  2.89229
  2.92594
  2.96108
  2.99803
  3.03714
  3.07897
  3.12474
  3.17471
  3.19940
  3.21992
  3.23228
  3.24993
  3.25651
  3.25953
  3.25964
  3.26012
  3.26017
  3.26036
  3.26027
 
  2.81442
  2.88036
  2.94039
  2.99526
  3.04474
  3.08885
  3.12800
  3.16329
  3.19625
  3.22740
  3.25726
  3.28655
  3.31707
  3.35032
  3.38635
  3.42451
  3.46431
  3.50659
  3.55165
  3.57412
  3.59437
  3.60799
  3.62219
  3.62575
  3.62838
  3.62868
  3.62897
  3.62899
  3.62905
  3.62904
 
  3.48481
  3.56515
  3.63362
  3.69134
  3.73818
  3.77461
  3.80201
  3.82314
  3.84166
  3.85868
  3.87484
  3.89100
  3.90888
  3.92996
  3.95428
  3.98107
  4.00985
  4.04214
  4.07912
  4.09819
  4.11444
  4.12414
  4.13434
  4.13684
  4.13856
  4.13875
  4.13894
  4.13895
  4.13901
  4.13900
 
  4.00234
  4.10409
  4.17931
  4.23254
  4.26867
  4.29371
  4.30999
  4.32012
  4.32755
  4.33317
  4.33744
  4.34097
  4.34511
  4.35127
  4.36018
  4.37273
  4.38987
  4.41185
  4.43690
  4.44891
  4.46003
  4.46778
  4.47467
  4.47631
  4.47757
  4.47773
  4.47785
  4.47787
  4.47788
  4.47789
 
  4.41936
  4.54630
  4.62741
  4.67235
  4.69397
  4.70659
  4.71319
  4.71491
  4.71324
  4.70819
  4.69952
  4.68823
  4.67777
  4.67135
  4.66917
  4.67035
  4.67437
  4.68261
  4.69514
  4.70174
  4.70804
  4.71256
  4.71671
  4.71773
  4.71853
  4.71864
  4.71872
  4.71873
  4.71872
  4.71874
 
  4.77171
  4.91749
  5.00154
  5.03786
  5.04583
  5.04652
  5.04342
  5.03654
  5.02588
  5.01077
  4.99045
  4.96616
  4.94289
  4.92504
  4.91240
  4.90276
  4.89448
  4.88985
  4.89040
  4.89173
  4.89333
  4.89469
  4.89604
  4.89643
  4.89675
  4.89680
  4.89683
  4.89682
  4.89682
  4.89685
 
  5.34567
  5.51069
  5.59308
  5.61274
  5.59734
  5.57617
  5.55359
  5.52864
  5.50002
  5.46645
  5.42655
  5.38166
  5.33796
  5.30073
  5.26925
  5.23993
  5.21014
  5.18332
  5.16282
  5.15451
  5.14727
  5.14243
  5.13786
  5.13686
  5.13613
  5.13603
  5.13595
  5.13594
  5.13592
  5.13595
 
  5.80247
  5.96938
  6.04318
  6.04713
  6.01232
  5.97142
  5.92949
  5.88589
  5.83966
  5.78941
  5.73363
  5.67336
  5.61442
  5.56164
  5.51410
  5.46800
  5.42064
  5.37603
  5.33816
  5.32145
  5.30623
  5.29551
  5.28507
  5.28266
  5.28081
  5.28056
  5.28038
  5.28036
  5.28032
  5.28035
 
  6.64468
  6.78280
  6.82158
  6.78744
  6.71144
  6.62598
  6.53768
  6.44870
  6.36144
  6.27514
  6.18868
  6.10167
  6.01696
  5.93650
  5.85942
  5.78276
  5.70472
  5.62937
  5.55988
  5.52652
  5.49467
  5.47122
  5.44870
  5.44323
  5.43894
  5.43839
  5.43797
  5.43790
  5.43787
  5.43788
 
  7.23983
  7.33266
  7.32966
  7.25789
  7.14466
  7.01845
  6.88742
  6.75709
  6.63350
  6.51712
  6.40703
  6.30147
  6.20019
  6.10206
  6.00636
  5.91104
  5.81503
  5.72152
  5.63135
  5.58573
  5.54093
  5.50732
  5.47643
  5.46873
  5.46260
  5.46184
  5.46126
  5.46116
  5.46111
  5.46109
 
  8.06435
  8.03263
  7.94432
  7.81620
  7.65337
  7.46358
  7.25792
  7.05170
  6.86098
  6.68997
  6.53814
  6.40278
  6.28071
  6.16687
  6.05789
  5.94635
  5.82688
  5.70593
  5.59098
  5.53461
  5.47380
  5.42322
  5.38289
  5.37302
  5.36429
  5.36327
  5.36250
  5.36233
  5.36234
  5.36222
 
  8.60835
  8.50232
  8.33908
  8.13994
  7.91105
  7.66097
  7.40141
  7.14802
  6.91668
  6.71125
  6.53080
  6.37151
  6.22914
  6.09810
  5.97444
  5.85018
  5.71915
  5.58628
  5.45729
  5.39302
  5.32419
  5.26732
  5.22085
  5.20945
  5.19948
  5.19831
  5.19743
  5.19724
  5.19723
  5.19710
 
  9.01310
  8.83590
  8.60420
  8.34281
  8.05824
  7.75933
  7.45755
  7.16775
  6.90533
  6.67326
  6.47018
  6.29120
  6.13101
  5.98393
  5.84595
  5.70989
  5.56991
  5.42909
  5.29135
  5.22298
  5.15154
  5.09348
  5.04277
  5.03030
  5.01976
  5.01851
  5.01752
  5.01735
  5.01730
  5.01722
 
  9.33152
  9.08705
  8.79297
  8.47678
  8.14478
  7.80563
  7.47011
  7.15157
  6.86450
  6.61127
  6.38953
  6.19368
  6.01729
  5.85493
  5.70277
  5.55520
  5.40743
  5.26057
  5.11692
  5.04654
  4.97539
  4.91879
  4.86499
  4.85172
  4.84099
  4.83970
  4.83862
  4.83848
  4.83839
  4.83837
 
  9.74841
  9.49671
  9.10716
  8.65301
  8.19059
  7.76867
  7.39158
  7.05477
  6.75431
  6.48460
  6.23501
  5.99912
  5.78117
  5.58544
  5.40852
  5.24449
  5.08689
  4.92972
  4.77440
  4.70285
  4.63402
  4.58022
  4.52225
  4.50843
  4.49752
  4.49603
  4.49495
  4.49483
  4.49471
  4.49476
 
 10.07087
  9.74744
  9.27085
  8.73002
  8.19463
  7.72160
  7.31039
  6.94931
  6.62671
  6.33461
  6.06026
  5.79760
  5.55422
  5.33690
  5.14233
  4.96295
  4.79165
  4.62304
  4.46044
  4.38761
  4.31856
  4.26478
  4.20502
  4.19096
  4.17990
  4.17837
  4.17727
  4.17715
  4.17702
  4.17710
 
 10.76461
 10.03368
  9.34109
  8.71031
  8.13527
  7.61075
  7.13240
  6.69799
  6.30564
  5.95213
  5.63281
  5.34201
  5.07358
  4.82431
  4.59526
  4.38435
  4.18937
  4.00176
  3.81611
  3.72804
  3.64955
  3.59557
  3.53596
  3.51974
  3.50875
  3.50767
  3.50642
  3.50625
  3.50607
  3.50613
 
 11.06930
 10.20356
  9.40253
  8.68324
  8.03558
  7.45250
  6.92767
  6.45654
  6.03630
  5.66062
  5.32200
  5.01218
  4.72117
  4.44352
  4.18281
  3.94254
  3.72416
  3.52234
  3.33329
  3.24376
  3.15515
  3.08712
  3.02838
  3.01419
  3.00248
  3.00112
  3.00002
  2.99983
  2.99975
  2.99964
 
 11.51677
 10.41107
  9.44089
  8.59762
  7.85859
  7.20935
  6.63830
  6.13146
  5.67762
  5.26914
  4.89837
  4.55757
  4.23793
  3.93423
  3.64838
  3.38391
  3.14011
  2.91314
  2.70194
  2.60330
  2.50880
  2.43876
  2.37760
  2.36301
  2.35123
  2.34987
  2.34875
  2.34858
  2.34848
  2.34834
 
 11.81113
 10.54945
  9.47681
  8.55777
  7.76359
  7.07343
  6.47287
  5.94323
  5.46784
  5.03808
  4.64699
  4.28745
  3.95155
  3.63426
  3.33582
  3.05762
  2.79944
  2.55696
  2.33062
  2.22571
  2.12845
  2.05849
  1.99376
  1.97853
  1.96672
  1.96534
  1.96415
  1.96402
  1.96386
  1.96384
 
 12.03274
 10.66392
  9.52559
  8.55583
  7.72464
  7.00685
  6.38490
  5.83787
  5.34637
  4.90097
  4.49512
  4.12219
  3.77482
  3.44809
  3.14134
  2.85459
  2.58775
  2.33632
  2.09953
  1.98892
  1.88649
  1.81295
  1.74543
  1.72975
  1.71767
  1.71624
  1.71500
  1.71486
  1.71471
  1.71481
 
 12.21241
 10.76567
  9.58288
  8.57731
  7.71965
  6.98267
  6.34514
  5.78461
  5.28061
  4.82334
  4.40634
  4.02326
  3.66703
  3.33279
  3.01945
  2.72634
  2.45296
  2.19521
  1.95006
  1.83424
  1.72608
  1.64785
  1.57749
  1.56128
  1.54869
  1.54721
  1.54591
  1.54576
  1.54562
  1.54577
 
 12.49798
 10.94573
  9.70850
  8.65844
  7.76752
  7.00721
  6.35027
  5.77201
  5.25120
  4.77800
  4.34595
  3.94868
  3.57919
  3.23261
  2.90769
  2.60356
  2.31873
  2.04901
  1.78862
  1.66332
  1.54466
  1.45749
  1.38002
  1.36206
  1.34794
  1.34627
  1.34484
  1.34466
  1.34452
  1.34454
 
 12.72120
 11.10284
  9.83657
  8.76322
  7.85557
  7.08300
  6.41563
  5.82738
  5.29677
  4.81401
  4.37260
  3.96582
  3.58635
  3.22921
  2.89345
  2.57859
  2.28260
  1.99962
  1.72392
  1.58945
  1.46088
  1.36506
  1.27860
  1.25820
  1.24207
  1.24018
  1.23857
  1.23837
  1.23820
  1.23799
 
 13.10767
 11.41383
 10.12670
  9.03677
  8.12068
  7.33646
  6.65656
  6.05521
  5.51171
  5.01616
  4.56147
  4.14011
  3.74358
  3.36639
  3.00829
  2.66974
  2.34798
  2.03279
  1.71768
  1.55983
  1.40371
  1.28222
  1.16921
  1.14174
  1.11968
  1.11709
  1.11496
  1.11467
  1.11444
  1.11428
 
 13.34861
 11.63848
 10.36483
  9.28506
  8.37691
  7.59245
  6.90807
  6.30040
  5.75060
  5.24871
  4.78716
  4.35770
  3.95083
  3.56043
  3.18641
  2.82950
  2.48620
  2.14329
  1.79001
  1.60852
  1.42152
  1.26983
  1.12762
  1.09313
  1.06545
  1.06208
  1.05919
  1.05883
  1.05858
  1.05910
 
 13.62978
 11.92626
 10.70263
  9.66955
  8.79097
  8.02307
  7.34531
  6.73698
  6.18112
  5.66942
  5.19599
  4.75437
  4.33704
  3.93771
  3.55216
  3.17450
  2.79638
  2.40445
  1.98333
  1.75682
  1.51429
  1.30513
  1.09411
  1.04594
  1.01272
  1.00854
  1.00281
  1.00186
  1.00266
  1.00416
 
 13.68008
 12.08437
 10.96099
  9.99120
  9.13684
  8.37043
  7.68175
  7.06061
  6.49880
  5.98810
  5.52002
  5.08495
  4.67109
  4.26923
  3.87520
  3.48318
  3.08303
  2.65536
  2.17722
  1.91161
  1.62234
  1.36748
  1.08886
  1.01843
  0.98331
  0.98030
  0.97142
  0.96948
  0.97219
  0.97324
 
 13.76301
 12.18343
 11.10891
 10.18019
  9.35457
  8.60936
  7.93589
  7.32512
  6.76979
  6.26254
  5.79568
  5.36035
  4.94540
  4.54181
  4.14459
  3.74649
  3.33456
  2.88349
  2.36184
  2.06305
  1.72886
  1.43015
  1.09343
  1.00533
  0.96395
  0.96088
  0.95007
  0.94763
  0.95142
  0.95153
 
 13.81187
 12.24601
 11.21540
 10.32026
  9.51993
  8.79418
  8.13552
  7.53578
  6.98841
  6.48671
  6.02359
  5.59069
  5.17749
  4.77497
  4.37757
  3.97687
  3.55754
  3.08920
  2.53268
  2.20605
  1.83320
  1.49428
  1.10419
  0.99939
  0.95002
  0.94652
  0.93433
  0.93156
  0.93605
  0.93504
 
 13.84308
 12.30706
 11.35372
 10.51418
  9.75802
  9.06690
  8.43542
  7.85665
  7.32536
  6.83594
  6.38241
  5.95756
  5.55206
  5.15729
  4.76653
  4.36894
  3.94415
  3.45072
  2.83445
  2.45922
  2.02050
  1.61534
  1.14794
  1.01346
  0.92216
  0.91764
  0.91800
  0.91606
  0.90758
  0.91153
 
 13.85348
 12.33789
 11.43903
 10.63937
  9.91623
  9.25263
  8.64417
  8.08474
  7.56981
  7.09437
  6.65306
  6.23923
  5.84411
  5.45924
  5.07728
  4.68605
  4.26211
  3.75682
  3.10350
  2.69362
  2.20234
  1.73678
  1.18899
  1.02723
  0.91148
  0.90406
  0.90343
  0.90138
  0.89165
  0.89555
 
 13.90445
 12.39879
 11.56090
 10.81135
 10.13332
  9.51225
  8.94423
  8.42369
  7.94637
  7.50732
  7.10099
  6.72010
  6.35456
  5.99489
  5.63422
  5.26090
  4.85206
  4.35850
  3.69001
  3.23374
  2.63319
  2.02268
  1.28259
  1.06654
  0.91172
  0.89349
  0.87600
  0.87419
  0.87436
  0.87190
 
 13.86600
 12.38753
 11.59987
 10.89326
 10.25238
  9.66501
  9.12785
  8.63610
  8.18597
  7.77309
  7.39232
  7.03682
  6.69671
  6.36255
  6.02709
  5.67763
  5.28848
  4.80289
  4.11747
  3.63629
  2.98925
  2.30369
  1.40378
  1.12684
  0.91011
  0.88399
  0.86431
  0.86233
  0.86178
  0.85897
 
 13.77039
 12.33327
 11.61425
 10.96616
 10.37601
  9.83496
  9.34026
  8.88822
  8.47588
  8.09982
  7.75585
  7.43820
  7.13808
  6.84673
  6.55667
  6.25385
  5.90803
  5.44946
  4.75423
  4.24572
  3.54428
  2.76587
  1.64576
  1.27269
  0.92606
  0.87898
  0.84965
  0.84745
  0.84213
  0.84514
 
 13.74622
 12.31866
 11.62645
 11.00225
 10.43517
  9.91745
  9.44658
  9.01917
  8.63246
  8.28320
  7.96736
  7.67909
  7.40927
  7.14897
  6.89146
  6.62361
  6.31620
  5.89941
  5.24070
  4.73709
  4.01159
  3.16366
  1.85594
  1.39888
  0.95347
  0.88731
  0.84044
  0.83748
  0.83627
  0.83781
 
 13.72864
 12.30139
 11.62822
 11.02812
 10.48507
  9.98694
  9.53043
  9.11262
  8.73167
  8.38899
  8.08792
  7.82600
  7.58997
  7.36590
  7.14225
  6.89962
  6.60741
  6.20961
  5.59254
  5.12161
  4.42576
  3.55038
  2.06417
  1.51180
  0.96592
  0.89114
  0.84314
  0.84011
  0.83418
  0.83328
 
 13.69280
 12.29948
 11.64495
 11.05277
 10.51380
 10.02143
  9.57377
  9.16891
  8.80544
  8.48195
  8.19684
  7.94649
  7.72335
  7.51783
  7.31778
  7.10333
  6.84313
  6.47830
  5.89106
  5.43268
  4.74439
  3.85490
  2.25946
  1.62935
  0.99180
  0.90242
  0.84182
  0.83754
  0.83069
  0.83021
 
 13.67879
 12.30396
 11.65983
 11.07721
 10.54901
 10.07012
  9.63846
  9.25173
  8.90808
  8.60531
  8.34068
  8.10984
  7.90544
  7.72049
  7.55036
  7.38393
  7.19185
  6.89577
  6.35518
  5.91416
  5.24945
  4.36255
  2.60681
  1.85828
  1.04596
  0.92523
  0.84167
  0.83518
  0.82810
  0.82632
 
 13.64415
 12.29855
 11.67159
 11.10258
 10.58569
 10.11636
  9.69307
  9.31402
  8.97784
  8.68318
  8.42844
  8.21104
  8.02617
  7.86786
  7.72820
  7.58787
  7.41573
  7.15683
  6.68701
  6.28408
  5.64560
  4.76519
  2.92280
  2.05692
  1.10093
  0.95748
  0.84371
  0.83291
  0.82380
  0.82395
 
 13.61452
 12.31338
 11.70412
 11.14868
 10.64273
 10.18323
  9.76952
  9.40093
  9.07704
  8.79700
  8.55954
  8.36245
  8.20125
  8.07118
  7.96725
  7.87508
  7.76896
  7.59701
  7.24356
  6.91116
  6.33700
  5.48930
  3.55380
  2.53115
  1.23529
  1.02455
  0.85187
  0.83563
  0.82233
  0.82074
 
 13.57814
 12.32413
 11.72219
 11.17324
 10.67308
 10.21954
  9.81188
  9.44963
  9.13250
  8.85996
  8.63116
  8.44443
  8.29608
  8.18232
  8.09929
  8.03434
  7.96499
  7.84673
  7.57684
  7.30394
  6.80458
  6.01903
  4.04370
  2.90516
  1.36784
  1.10375
  0.86415
  0.83525
  0.82009
  0.81914
 
 13.47243
 12.33189
 11.73814
 11.19601
 10.70205
 10.25466
  9.85324
  9.49758
  9.18767
  8.92328
  8.70394
  8.52858
  8.39412
  8.29789
  8.23796
  8.20486
  8.18144
  8.13266
  7.97268
  7.77849
  7.38035
  6.70061
  4.78967
  3.53082
  1.60825
  1.24708
  0.89125
  0.84307
  0.82131
  0.81752
 
 13.37891
 12.33273
 11.74299
 11.20438
 10.71373
 10.26981
  9.87194
  9.52007
  9.21445
  8.95490
  8.74115
  8.57227
  8.44540
  8.35836
  8.31039
  8.29398
  8.29557
  8.28723
  8.19679
  8.05625
  7.73272
  7.13996
  5.33094
  4.02463
  1.82776
  1.38166
  0.92013
  0.85385
  0.82348
  0.81670
 
 13.31268
 12.33466
 11.74660
 11.20887
 10.71906
 10.27659
  9.88082
  9.53180
  9.22978
  8.97415
  8.76383
  8.59794
  8.47509
  8.39439
  8.35538
  8.35042
  8.36791
  8.38859
  8.34527
  8.23606
  7.96604
  7.45236
  5.75771
  4.42101
  2.02775
  1.50935
  0.94930
  0.86534
  0.82819
  0.81621
 
 13.26338
 12.33605
 11.75034
 11.21276
 10.72293
 10.28148
  9.88762
  9.54068
  9.24036
  8.98645
  8.77870
  8.61656
  8.49781
  8.42107
  8.38661
  8.38835
  8.41631
  8.45204
  8.44380
  8.37206
  8.15054
  7.67163
  6.05107
  4.79141
  2.22766
  1.62238
  0.97798
  0.88393
  0.82484
  0.81588
 
 13.20368
 12.33731
 11.75391
 11.21757
 10.72895
 10.28915
  9.89740
  9.55292
  9.25516
  9.00394
  8.79914
  8.64032
  8.52564
  8.45410
  8.42662
  8.43802
  8.48029
  8.53919
  8.57320
  8.53994
  8.38746
  8.00339
  6.54199
  5.32791
  2.58731
  1.84614
  1.03677
  0.91175
  0.82923
  0.81547
 
 13.16740
 12.33786
 11.75571
 11.22088
 10.73359
 10.29496
  9.90427
  9.56084
  9.26433
  9.01462
  8.81161
  8.65488
  8.54279
  8.47453
  8.45142
  8.46876
  8.51981
  8.59333
  8.65388
  8.64501
  8.53961
  8.22597
  6.90025
  5.74056
  2.90361
  2.05033
  1.09439
  0.94063
  0.83405
  0.81522
 
 13.11340
 12.33845
 11.75784
 11.22549
 10.74079
 10.30396
  9.91441
  9.57199
  9.27683
  9.02896
  8.82834
  8.67458
  8.56617
  8.50251
  8.48527
  8.51066
  8.57368
  8.66759
  8.76548
  8.79120
  8.75536
  8.55592
  7.49155
  6.46352
  3.55610
  2.50343
  1.23294
  1.01461
  0.84700
  0.81489
 
 13.08230
 12.33718
 11.75750
 11.22740
 10.74520
 10.30989
  9.92110
  9.57887
  9.28366
  9.03580
  8.83557
  8.68296
  8.57659
  8.51606
  8.50305
  8.53374
  8.60302
  8.70452
  8.82187
  8.87077
  8.86997
  8.73383
  7.87106
  6.92655
  4.06127
  2.90363
  1.36537
  1.08813
  0.85933
  0.81472
 
 13.04850
 12.33739
 11.75836
 11.22892
 10.74751
 10.31314
  9.92532
  9.58405
  9.28974
  9.04279
  8.84363
  8.69253
  8.58844
  8.53115
  8.52178
  8.55525
  8.62719
  8.73981
  8.88907
  8.96258
  8.98736
  8.88554
  8.29672
  7.65394
  4.78934
  3.47356
  1.60934
  1.24936
  0.88814
  0.81456
 
 13.05141
 12.34613
 11.75919
 11.22503
 10.74158
 10.30737
  9.92146
  9.58314
  9.29205
  9.04807
  8.85101
  8.70008
  8.59259
  8.52845
  8.51407
  8.55626
  8.65631
  8.78941
  8.92215
  8.98507
  9.03859
  9.02466
  8.55591
  7.90804
  5.36845
  4.02777
  1.82800
  1.36866
  0.91724
  0.81448
 
 13.03928
 12.34554
 11.75900
 11.22510
 10.74187
 10.30803
  9.92243
  9.58440
  9.29365
  9.05004
  8.85343
  8.70298
  8.59610
  8.53274
  8.51937
  8.56297
  8.66511
  8.80151
  8.94073
  9.01005
  9.07621
  9.08715
  8.71629
  8.15809
  5.78412
  4.42962
  2.05044
  1.49822
  0.94657
  0.81443
 
 13.00730
 12.33887
 11.76142
 11.23074
 10.74754
 10.31276
  9.92594
  9.58670
  9.29493
  9.05065
  8.85387
  8.70442
  8.60132
  8.54468
  8.53689
  8.57548
  8.65813
  8.78448
  8.94608
  9.03267
  9.11164
  9.13170
  8.82157
  8.34291
  6.11679
  4.76459
  2.25844
  1.62177
  0.97648
  0.81440
 
 12.99749
 12.33838
 11.76113
 11.23120
 10.74883
 10.31448
  9.92770
  9.58835
  9.29659
  9.05246
  8.85598
  8.70694
  8.60437
  8.54838
  8.54137
  8.58108
  8.66538
  8.79447
  8.96187
  9.05420
  9.14358
  9.18444
  8.96959
  8.58584
  6.61164
  5.30595
  2.62729
  1.88223
  1.03460
  0.81436
 
 12.99275
 12.33702
 11.76014
 11.23223
 10.75198
 10.31859
  9.93176
  9.59159
  9.29862
  9.05327
  8.85597
  8.70689
  8.60493
  8.55012
  8.54473
  8.58606
  8.67125
  8.79916
  8.96901
  9.06846
  9.16387
  9.21572
  9.06915
  8.73554
  6.96021
  5.73701
  2.95207
  2.10280
  1.09231
  0.81433
 
