  1.65570
  1.70916
  1.76174
  1.81358
  1.86440
  1.91393
  1.96197
  2.00838
  2.05317
  2.09622
  2.13741
  2.17699
  2.21587
  2.25485
  2.29391
  2.33317
  2.37240
  2.41032
  2.44539
  2.46260
  2.48299
  2.50353
  2.52898
  2.53602
  2.54143
  2.54204
  2.54266
  2.54275
  2.54279
  2.54326
 
  2.13915
  2.19587
  2.25137
  2.30604
  2.35957
  2.41160
  2.46174
  2.50963
  2.55495
  2.59754
  2.63746
  2.67522
  2.71229
  2.75002
  2.78852
  2.82789
  2.86866
  2.91265
  2.96106
  2.98529
  3.00587
  3.01883
  3.03718
  3.04390
  3.04713
  3.04730
  3.04781
  3.04782
  3.04799
  3.05101
 
  2.54074
  2.60717
  2.66896
  2.72676
  2.78032
  2.82957
  2.87478
  2.91677
  2.95677
  2.99503
  3.03175
  3.06722
  3.10248
  3.13854
  3.17572
  3.21456
  3.25561
  3.29892
  3.34374
  3.36586
  3.38652
  3.40121
  3.41613
  3.42019
  3.42320
  3.42353
  3.42383
  3.42384
  3.42384
  3.42637
 
  3.19068
  3.27077
  3.34123
  3.40304
  3.45591
  3.50013
  3.53664
  3.56759
  3.59587
  3.62229
  3.64730
  3.67152
  3.69638
  3.72314
  3.75191
  3.78236
  3.81447
  3.84959
  3.88873
  3.90879
  3.92661
  3.93818
  3.95026
  3.95327
  3.95544
  3.95569
  3.95592
  3.95595
  3.95601
  3.95531
 
  3.70280
  3.80051
  3.87761
  3.93727
  3.98258
  4.01754
  4.04408
  4.06474
  4.08292
  4.09926
  4.11370
  4.12656
  4.13919
  4.15309
  4.16887
  4.18742
  4.20969
  4.23586
  4.26487
  4.27944
  4.29346
  4.30371
  4.31298
  4.31528
  4.31710
  4.31730
  4.31746
  4.31754
  4.31755
  4.31423
 
  4.12930
  4.22840
  4.30859
  4.37152
  4.41713
  4.44644
  4.46198
  4.46843
  4.47187
  4.47394
  4.47524
  4.47654
  4.47905
  4.48390
  4.49101
  4.49956
  4.50918
  4.52186
  4.53997
  4.55089
  4.56121
  4.56831
  4.57535
  4.57718
  4.57859
  4.57872
  4.57884
  4.57890
  4.57894
  4.57396
 
  4.48904
  4.59363
  4.67539
  4.73640
  4.77677
  4.79786
  4.80291
  4.79765
  4.78941
  4.78020
  4.77061
  4.76146
  4.75375
  4.74848
  4.74545
  4.74354
  4.74220
  4.74373
  4.75119
  4.75731
  4.76355
  4.76808
  4.77258
  4.77381
  4.77482
  4.77488
  4.77495
  4.77503
  4.77507
  4.76936
 
  5.07268
  5.18179
  5.26171
  5.31547
  5.34350
  5.34786
  5.33294
  5.30618
  5.27692
  5.24762
  5.21887
  5.19146
  5.16599
  5.14308
  5.12220
  5.10166
  5.08051
  5.06193
  5.05035
  5.04771
  5.04578
  5.04445
  5.04350
  5.04344
  5.04341
  5.04336
  5.04333
  5.04339
  5.04340
  5.03844
 
  5.53300
  5.64052
  5.71395
  5.75735
  5.77151
  5.75915
  5.72556
  5.67953
  5.63181
  5.58517
  5.54021
  5.49757
  5.45744
  5.41997
  5.38433
  5.34819
  5.31026
  5.27471
  5.24720
  5.23701
  5.22734
  5.21982
  5.21342
  5.21201
  5.21085
  5.21069
  5.21056
  5.21057
  5.21057
  5.20789
 
  6.37455
  6.46366
  6.51005
  6.52053
  6.49693
  6.44335
  6.36689
  6.27869
  6.19194
  6.10970
  6.03273
  5.96086
  5.89336
  5.82912
  5.76660
  5.70214
  5.63363
  5.56692
  5.50953
  5.48441
  5.45825
  5.43666
  5.41887
  5.41463
  5.41094
  5.41051
  5.41018
  5.41010
  5.41010
  5.41426
 
  6.95047
  7.05209
  7.06837
  7.02191
  6.93530
  6.83265
  6.72168
  6.60836
  6.49945
  6.39610
  6.29810
  6.20431
  6.11417
  6.02656
  5.94103
  5.85632
  5.77204
  5.69147
  5.61410
  5.57377
  5.53381
  5.50395
  5.47746
  5.47074
  5.46537
  5.46480
  5.46434
  5.46411
  5.46408
  5.47408
 
  7.78752
  7.78096
  7.71973
  7.61863
  7.48222
  7.31766
  7.13554
  6.95072
  6.77898
  6.62449
  6.48674
  6.36331
  6.25117
  6.14577
  6.04443
  5.94126
  5.83211
  5.72256
  5.61897
  5.56797
  5.51196
  5.46482
  5.42896
  5.42017
  5.41214
  5.41130
  5.41070
  5.41038
  5.41039
  5.42590
 
  8.35390
  8.27724
  8.14463
  7.97519
  7.77458
  7.55103
  7.31591
  7.08466
  6.87320
  6.68534
  6.52009
  6.37369
  6.24166
  6.11851
  6.00121
  5.88370
  5.76139
  5.63836
  5.51922
  5.45972
  5.39535
  5.34187
  5.29949
  5.28907
  5.27977
  5.27877
  5.27803
  5.27771
  5.27770
  5.29154
 
  8.78362
  8.63816
  8.43892
  8.20831
  7.95250
  7.68011
  7.40250
  7.13452
  6.89176
  6.67724
  6.48951
  6.32375
  6.17432
  6.03547
  5.90399
  5.77433
  5.64201
  5.50954
  5.38019
  5.31596
  5.24855
  5.19364
  5.14641
  5.13477
  5.12485
  5.12372
  5.12284
  5.12260
  5.12257
  5.13036
 
  9.10370
  8.94750
  8.69270
  8.38327
  8.04965
  7.72167
  7.41037
  7.12476
  6.87397
  6.65383
  6.45301
  6.26317
  6.08693
  5.92634
  5.77881
  5.63948
  5.50322
  5.36669
  5.22846
  5.16010
  5.09244
  5.03985
  4.98837
  4.97572
  4.96561
  4.96431
  4.96334
  4.96319
  4.96311
  4.96308
 
  9.59100
  9.37244
  9.01603
  8.59182
  8.15624
  7.75853
  7.40303
  7.08494
  6.80005
  6.54365
  6.30691
  6.08420
  5.87860
  5.69336
  5.52532
  5.36895
  5.21802
  5.06639
  4.91610
  4.84744
  4.78144
  4.72962
  4.67310
  4.65968
  4.64914
  4.64757
  4.64647
  4.64652
  4.64639
  4.63442
 
 10.11840
  9.60036
  9.09381
  8.62206
  8.18237
  7.77305
  7.39274
  7.04010
  6.71448
  6.41664
  6.14436
  5.89491
  5.66594
  5.45731
  5.26860
  5.09910
  4.94547
  4.79326
  4.63001
  4.54863
  4.47747
  4.43049
  4.37444
  4.35731
  4.34695
  4.34600
  4.34452
  4.34446
  4.34450
  4.32826
 
 10.68629
  9.99126
  9.33134
  8.72818
  8.17646
  7.67165
  7.21002
  6.78971
  6.40909
  6.06539
  5.75452
  5.47143
  5.21059
  4.96911
  4.74802
  4.54542
  4.35882
  4.17827
  3.99662
  3.90936
  3.83134
  3.77751
  3.71718
  3.70042
  3.68917
  3.68804
  3.68671
  3.68658
  3.68642
  3.68148
 
 11.01131
 10.18685
  9.42045
  8.72815
  8.10131
  7.53396
  7.02075
  6.55783
  6.14293
  5.77095
  5.43588
  5.13133
  4.84972
  4.58644
  4.34260
  4.11706
  3.90715
  3.70617
  3.51017
  3.41705
  3.33121
  3.26950
  3.20664
  3.19177
  3.17951
  3.17809
  3.17704
  3.17679
  3.17656
  3.18613
 
 11.43325
 10.38307
  9.45469
  8.64216
  7.92571
  7.29278
  6.73336
  6.23512
  5.78813
  5.38538
  5.01974
  4.68390
  4.36937
  4.07102
  3.79049
  3.53087
  3.29153
  3.06912
  2.86277
  2.76630
  2.67275
  2.60208
  2.53902
  2.52371
  2.51127
  2.50986
  2.50870
  2.50846
  2.50835
  2.51436
 
 11.71269
 10.51424
  9.48564
  8.59740
  7.82449
  7.14881
  6.55776
  6.03496
  5.56560
  5.14153
  4.75594
  4.40171
  4.07073
  3.75782
  3.46325
  3.18842
  2.93338
  2.69457
  2.47285
  2.37035
  2.27462
  2.20471
  2.13841
  2.12255
  2.11024
  2.10878
  2.10752
  2.10740
  2.10725
  2.10485
 
 11.92295
 10.62202
  9.52827
  8.58898
  7.77796
  7.07327
  6.45956
  5.91836
  5.43248
  4.99285
  4.59280
  4.22540
  3.88278
  3.55972
  3.25586
  2.97160
  2.70730
  2.45911
  2.22678
  2.11861
  2.01787
  1.94471
  1.87620
  1.86010
  1.84768
  1.84619
  1.84489
  1.84478
  1.84462
  1.84161
 
 12.09508
 10.71868
  9.58011
  8.60456
  7.76634
  7.04155
  6.41150
  5.85628
  5.35762
  4.90603
  4.49483
  4.11720
  3.76542
  3.43432
  3.12325
  2.83217
  2.56115
  2.30650
  2.06572
  1.95232
  1.84591
  1.76830
  1.69756
  1.68112
  1.66833
  1.66681
  1.66548
  1.66534
  1.66519
  1.66398
 
 12.37285
 10.89243
  9.69779
  8.67701
  7.80504
  7.05634
  6.40648
  5.83316
  5.31704
  4.84860
  4.42129
  4.02839
  3.66245
  3.31845
  2.99550
  2.69329
  2.41083
  2.14420
  1.88819
  1.76541
  1.64889
  1.56299
  1.48608
  1.46815
  1.45405
  1.45239
  1.45096
  1.45078
  1.45063
  1.45152
 
 12.59287
 11.04609
  9.82038
  8.77580
  7.88720
  7.12662
  6.46670
  5.88339
  5.35670
  4.87736
  4.43899
  4.03501
  3.65814
  3.30346
  2.97005
  2.65749
  2.36401
  2.08423
  1.81299
  1.68125
  1.55540
  1.46163
  1.37641
  1.35622
  1.34028
  1.33841
  1.33682
  1.33661
  1.33644
  1.33700
 
 12.96431
 11.34261
 10.09375
  9.03181
  8.13445
  7.36305
  6.69166
  6.09596
  5.55624
  5.06320
  4.61031
  4.19060
  3.79616
  3.42181
  3.06694
  2.73154
  2.41278
  2.10127
  1.79099
  1.63605
  1.48316
  1.36453
  1.25421
  1.22738
  1.20585
  1.20332
  1.20124
  1.20096
  1.20075
  1.20040
 
 13.17798
 11.54491
 10.30956
  9.25727
  8.36698
  7.59513
  6.91965
  6.31870
  5.77449
  5.27749
  4.82027
  4.39478
  3.99157
  3.60459
  3.23386
  2.88023
  2.54051
  2.20192
  1.85377
  1.67494
  1.49074
  1.34168
  1.20345
  1.17019
  1.14342
  1.14016
  1.13738
  1.13702
  1.13677
  1.13734
 
 13.40292
 11.78458
 10.60048
  9.59448
  8.73412
  7.97992
  7.31299
  6.71434
  6.16827
  5.66652
  5.20279
  4.77013
  4.36027
  3.96656
  3.58531
  3.21136
  2.83705
  2.44951
  2.03351
  1.80962
  1.56954
  1.36279
  1.15676
  1.11120
  1.08044
  1.07657
  1.07090
  1.06985
  1.07037
  1.07319
 
 13.42732
 11.90675
 10.81477
  9.86892
  9.03453
  8.28626
  7.61418
  7.00842
  6.46087
  5.96337
  5.50743
  5.08335
  4.67904
  4.28510
  3.89754
  3.51078
  3.11502
  2.69151
  2.21777
  1.95452
  1.66774
  1.41560
  1.14316
  1.07613
  1.04512
  1.04275
  1.03387
  1.03166
  1.03384
  1.03707
 
 13.47647
 11.97617
 10.93287
 10.02827
  9.22367
  8.49815
  7.84315
  7.24988
  6.71110
  6.21943
  5.76710
  5.34498
  4.94156
  4.54745
  4.15790
  3.76584
  3.35871
  2.91194
  2.39478
  2.09851
  1.76730
  1.47169
  1.14210
  1.05796
  1.02224
  1.02012
  1.00919
  1.00633
  1.00943
  1.01203
 
 13.49882
 12.01618
 11.01687
 10.14636
  9.36802
  8.66304
  8.02410
  7.44321
  6.91382
  6.42916
  5.98202
  5.56379
  5.16340
  4.77151
  4.38274
  3.98885
  3.57487
  3.11118
  2.55941
  2.23554
  1.86616
  1.53091
  1.14883
  1.04842
  1.00603
  1.00376
  0.99134
  0.98802
  0.99172
  0.99324
 
 13.49372
 12.04737
 11.12512
 10.31118
  9.57806
  8.90896
  8.29852
  7.74001
  7.22812
  6.75722
  6.32115
  5.91242
  5.52117
  5.13841
  4.75755
  4.36792
  3.94950
  3.46157
  2.85096
  2.47930
  2.04543
  1.64551
  1.18750
  1.05788
  0.97465
  0.97194
  0.97294
  0.97037
  0.96035
  0.96671
 
 13.48242
 12.06132
 11.19327
 10.41971
  9.72012
  9.07897
  8.49187
  7.95297
  7.45768
  7.00099
  6.57743
  6.18009
  5.79976
  5.42763
  5.05650
  4.67428
  4.25777
  3.75889
  3.11202
  2.70622
  2.22075
  1.76182
  1.22512
  1.06875
  0.96211
  0.95682
  0.95711
  0.95435
  0.94273
  0.94886
 
 13.51590
 12.11003
 11.30165
 10.57743
  9.92213
  9.32238
  8.77439
  8.27289
  7.81364
  7.39183
  7.00192
  6.63663
  6.28565
  5.93942
  5.59105
  5.22888
  4.82996
  4.34499
  3.68436
  3.23280
  2.63922
  2.03735
  1.31204
  1.10303
  0.96129
  0.94512
  0.92700
  0.92454
  0.92356
  0.92258
 
 13.48149
 12.10385
 11.34351
 10.66023
 10.04011
  9.47212
  8.95301
  8.47825
  8.04417
  7.64654
  7.28032
  6.93878
  6.61206
  6.29072
  5.96756
  5.62988
  5.25187
  4.77643
  4.10067
  3.62546
  2.98722
  2.31241
  1.42955
  1.16006
  0.95809
  0.93436
  0.91414
  0.91148
  0.91017
  0.90827
 
 13.40443
 12.06774
 11.37185
 10.74341
 10.17072
  9.64564
  9.16562
  8.72723
  8.32760
  7.96348
  7.63085
  7.32413
  7.03478
  6.75424
  6.47518
  6.18365
  5.84953
  5.40292
  4.72052
  4.22000
  3.52974
  2.76529
  1.66893
  1.30396
  0.96972
  0.92568
  0.89906
  0.89647
  0.88882
  0.89303
 
 13.39724
 12.06923
 11.39706
 10.78987
 10.23770
  9.73348
  9.27478
  8.85850
  8.48197
  8.14216
  7.83522
  7.55559
  7.29454
  7.04350
  6.79595
  6.53897
  6.24355
  5.83983
  5.19588
  4.70144
  3.98828
  3.15567
  1.87511
  1.42745
  0.99536
  0.93239
  0.88881
  0.88570
  0.88238
  0.88498
 
 13.37119
 12.07061
 11.42437
 10.83544
 10.29622
  9.80184
  9.35133
  8.94352
  8.57771
  8.25158
  7.96179
  7.70339
  7.46837
  7.24767
  7.03139
  6.79932
  6.51990
  6.13979
  5.54480
  5.08383
  4.39788
  3.53857
  2.07250
  1.53654
  1.00925
  0.93492
  0.88982
  0.88743
  0.88073
  0.88001
 
 13.36355
 12.07181
 11.43516
 10.85578
 10.32655
  9.84298
  9.40375
  9.00749
  8.65332
  8.33915
  8.06203
  7.81760
  7.59849
  7.39638
  7.20195
  6.99537
  6.74528
  6.39742
  5.83556
  5.38984
  4.71295
  3.83817
  2.26257
  1.65244
  1.03388
  0.94459
  0.88804
  0.88476
  0.87685
  0.87665
 
 13.35402
 12.07736
 11.45173
 10.88425
 10.36844
  9.89973
  9.47621
  9.09567
  8.75648
  8.45700
  8.19545
  7.96900
  7.77256
  7.59971
  7.44158
  7.27779
  7.07641
  6.78354
  6.27912
  5.86095
  5.21076
  4.33676
  2.61500
  1.86770
  1.08309
  0.96995
  0.88788
  0.88108
  0.87238
  0.87240
 
 13.34034
 12.08236
 11.46679
 10.90795
 10.40036
  9.93983
  9.52461
  9.15281
  8.82295
  8.53371
  8.28361
  8.07025
  7.88912
  7.73461
  7.59919
  7.46432
  7.30019
  7.05421
  6.60546
  6.21699
  5.59580
  4.73258
  2.91968
  2.07021
  1.13567
  0.99686
  0.88942
  0.87946
  0.86953
  0.86980
 
 13.30817
 12.09300
 11.49554
 10.95068
 10.45413
 10.00335
  9.59734
  9.23561
  8.91763
  8.64263
  8.40945
  8.21599
  8.05807
  7.93114
  7.83035
  7.74164
  7.64023
  7.47721
  7.14164
  6.82341
  6.26837
  5.44240
  3.54208
  2.53524
  1.26479
  1.06069
  0.89718
  0.88165
  0.86807
  0.86630
 
 13.29161
 12.10808
 11.51056
 10.96783
 10.47551
 10.03081
  9.63242
  9.27923
  8.97005
  8.70399
  8.47985
  8.29541
  8.14618
  8.02887
  7.94380
  7.88729
  7.84140
  7.74334
  7.47190
  7.19696
  6.71234
  5.94823
  4.01756
  2.92395
  1.39123
  1.13110
  0.90815
  0.88438
  0.86616
  0.86454
 
 13.17445
 12.10569
 11.52496
 10.99389
 10.50938
 10.07004
  9.67553
  9.32602
  9.02173
  8.76247
  8.54767
  8.37622
  8.24495
  8.15108
  8.09278
  8.06089
  8.03881
  7.99292
  7.84118
  7.65665
  7.27718
  6.62364
  4.75647
  3.51705
  1.62876
  1.27672
  0.93419
  0.88842
  0.86610
  0.86277
 
 13.09437
 12.10791
 11.53015
 11.00191
 10.52043
 10.08457
  9.69376
  9.34817
  9.04812
  8.79350
  8.58392
  8.41854
  8.29448
  8.20951
  8.16295
  8.14740
  8.14967
  8.14253
  8.05689
  7.92349
  7.61617
  7.04903
  5.28773
  4.00191
  1.84373
  1.40839
  0.96162
  0.89809
  0.86830
  0.86187
 
 13.03808
 12.11130
 11.53442
 11.00650
 10.52564
 10.09107
  9.70249
  9.35985
  9.06342
  8.81260
  8.60625
  8.44350
  8.32307
  8.24407
  8.20610
  8.20189
  8.22014
  8.24157
  8.20051
  8.09601
  7.83964
  7.35132
  5.70710
  4.38829
  2.04039
  1.53463
  0.98928
  0.90799
  0.87331
  0.86134
 
 12.99645
 12.11264
 11.53723
 11.00994
 10.52972
 10.09655
  9.70985
  9.36902
  9.07391
  8.82438
  8.62037
  8.46133
  8.34501
  8.26997
  8.23645
  8.23862
  8.26675
  8.30289
  8.29658
  8.22838
  8.01719
  7.55916
  5.99272
  4.75766
  2.23570
  1.64350
  1.01668
  0.92677
  0.86963
  0.86098
 
 12.94434
 12.11365
 11.54027
 11.01437
 10.53553
 10.10421
  9.71961
  9.38107
  9.08828
  8.84124
  8.64001
  8.48422
  8.37187
  8.30186
  8.27504
  8.28655
  8.32855
  8.38721
  8.42215
  8.39112
  8.24562
  7.87805
  6.47039
  5.28412
  2.58891
  1.86354
  1.07302
  0.95266
  0.87412
  0.86053
 
 12.91141
 12.11403
 11.54205
 11.01743
 10.53990
 10.10960
  9.72600
  9.38855
  9.09709
  8.85160
  8.65214
  8.49833
  8.38841
  8.32152
  8.29887
  8.31612
  8.36662
  8.43954
  8.50059
  8.49337
  8.39266
  8.09185
  6.81770
  5.68831
  2.90014
  2.06465
  1.12848
  0.97977
  0.87901
  0.86026
 
 12.86158
 12.11438
 11.54435
 11.02188
 10.54631
 10.11748
  9.73493
  9.39863
  9.10881
  8.86548
  8.66852
  8.51747
  8.41092
  8.34836
  8.33141
  8.35642
  8.41847
  8.51120
  8.60893
  8.63557
  8.60162
  8.40932
  7.38856
  6.39404
  3.54281
  2.51071
  1.26254
  1.05006
  0.89187
  0.85989
 
 12.83355
 12.11463
 11.54550
 11.02406
 10.54947
 10.12131
  9.73934
  9.40361
  9.11460
  8.87231
  8.67661
  8.52708
  8.42236
  8.36209
  8.34808
  8.37709
  8.44512
  8.54816
  8.66544
  8.71043
  8.71246
  8.58415
  7.74181
  6.85725
  4.04503
  2.89607
  1.39040
  1.12133
  0.90500
  0.85971
 
 12.80426
 12.11508
 11.54635
 11.02544
 10.55144
 10.12415
  9.74323
  9.40878
  9.12115
  8.88011
  8.68507
  8.53579
  8.43236
  8.37540
  8.36603
  8.39912
  8.47016
  8.58114
  8.72843
  8.80129
  8.82594
  8.72664
  8.16331
  7.55140
  4.75476
  3.46079
  1.62981
  1.27802
  0.93166
  0.85954
 
 12.78773
 12.11544
 11.54727
 11.02654
 10.55258
 10.12559
  9.74505
  9.41088
  9.12335
  8.88258
  8.68863
  8.54128
  8.43928
  8.38246
  8.37301
  8.40838
  8.48593
  8.60460
  8.75269
  8.82730
  8.88572
  8.86709
  8.40220
  7.79504
  5.33063
  4.00338
  1.84356
  1.39290
  0.95960
  0.85945
 
 12.79908
 12.12275
 11.54648
 11.02209
 10.54756
 10.12137
  9.74263
  9.41064
  9.12507
  8.88579
  8.69264
  8.54484
  8.43977
  8.37742
  8.36413
  8.40681
  8.50705
  8.64104
  8.77800
  8.84638
  8.91192
  8.92369
  8.56616
  8.03089
  5.73278
  4.40078
  2.06170
  1.52045
  0.98660
  0.85940
 
 12.76962
 12.11569
 11.54810
 11.02703
 10.55302
 10.12637
  9.74661
  9.41337
  9.12662
  8.88643
  8.69296
  8.54612
  8.44482
  8.38908
  8.38123
  8.41896
  8.50005
  8.62416
  8.78294
  8.86815
  8.94647
  8.96738
  8.66683
  8.20896
  6.05845
  4.72872
  2.26430
  1.64268
  1.01501
  0.85936
 
 12.75900
 12.11541
 11.54850
 11.02798
 10.55419
 10.12761
  9.74785
  9.41465
  9.12806
  8.88819
  8.69507
  8.54860
  8.44774
  8.39259
  8.38555
  8.42439
  8.50702
  8.63376
  8.79823
  8.88900
  8.97724
  9.01836
  8.81047
  8.44297
  6.54119
  5.25884
  2.62464
  1.89572
  1.07038
  0.85931
 
 12.75208
 12.11456
 11.54881
 11.02941
 10.55623
 10.12960
  9.74923
  9.41537
  9.12857
  8.88887
  8.69614
  8.55012
  8.44973
  8.39504
  8.38846
  8.42771
  8.51093
  8.63910
  8.80741
  8.90173
  8.99564
  9.04941
  8.90230
  8.59281
  6.89119
  5.66993
  2.93700
  2.11665
  1.12551
  0.85928
 
