  1.60753
  1.66118
  1.71392
  1.76585
  1.81669
  1.86619
  1.91415
  1.96052
  2.00534
  2.04852
  2.08991
  2.12974
  2.16884
  2.20797
  2.24704
  2.28611
  2.32494
  2.36236
  2.39705
  2.41417
  2.43465
  2.45529
  2.48024
  2.48701
  2.49228
  2.49290
  2.49349
  2.49357
  2.49363
  2.49409
 
  2.08378
  2.13951
  2.19426
  2.24845
  2.30179
  2.35395
  2.40455
  2.45325
  2.49975
  2.54382
  2.58547
  2.62504
  2.66373
  2.70259
  2.74159
  2.78073
  2.82054
  2.86333
  2.91094
  2.93499
  2.95551
  2.96849
  2.98691
  2.99367
  2.99701
  2.99719
  2.99771
  2.99773
  2.99786
  3.00108
 
  2.48461
  2.54384
  2.60116
  2.65722
  2.71171
  2.76421
  2.81432
  2.86165
  2.90589
  2.94685
  2.98473
  3.02007
  3.05453
  3.08965
  3.12561
  3.16272
  3.20184
  3.24550
  3.29546
  3.32058
  3.34027
  3.35048
  3.36585
  3.37206
  3.37457
  3.37459
  3.37505
  3.37507
  3.37521
  3.37778
 
  3.12487
  3.20288
  3.27227
  3.33400
  3.38783
  3.43389
  3.47299
  3.50694
  3.53821
  3.56746
  3.59506
  3.62148
  3.64801
  3.67581
  3.70512
  3.73606
  3.76896
  3.80480
  3.84404
  3.86391
  3.88161
  3.89328
  3.90591
  3.90911
  3.91143
  3.91170
  3.91195
  3.91198
  3.91203
  3.91133
 
  3.63136
  3.72996
  3.80790
  3.86854
  3.91530
  3.95247
  3.98182
  4.00551
  4.02642
  4.04516
  4.06184
  4.07682
  4.09146
  4.10719
  4.12456
  4.14442
  4.16767
  4.19465
  4.22436
  4.23916
  4.25351
  4.26412
  4.27386
  4.27630
  4.27825
  4.27847
  4.27864
  4.27871
  4.27871
  4.27525
 
  4.05485
  4.15623
  4.23887
  4.30430
  4.35244
  4.38426
  4.40224
  4.41105
  4.41678
  4.42106
  4.42452
  4.42795
  4.43264
  4.43975
  4.44908
  4.45952
  4.47048
  4.48419
  4.50341
  4.51494
  4.52597
  4.53366
  4.54110
  4.54303
  4.54454
  4.54467
  4.54480
  4.54487
  4.54491
  4.53969
 
  4.41235
  4.52101
  4.60666
  4.67122
  4.71470
  4.73849
  4.74582
  4.74258
  4.73624
  4.72891
  4.72122
  4.71408
  4.70867
  4.70606
  4.70584
  4.70632
  4.70652
  4.70925
  4.71822
  4.72525
  4.73248
  4.73778
  4.74265
  4.74397
  4.74505
  4.74513
  4.74520
  4.74528
  4.74530
  4.73933
 
  4.99402
  5.10950
  5.19516
  5.25378
  5.28573
  5.29307
  5.28033
  5.25524
  5.22747
  5.19968
  5.17251
  5.14696
  5.12389
  5.10406
  5.08667
  5.06915
  5.04995
  5.03295
  5.02347
  5.02211
  5.02150
  5.02114
  5.02065
  5.02068
  5.02074
  5.02070
  5.02068
  5.02074
  5.02075
  5.01555
 
  5.45458
  5.56935
  5.64926
  5.69811
  5.71661
  5.70750
  5.67623
  5.63192
  5.58568
  5.54051
  5.49708
  5.45626
  5.41853
  5.38425
  5.35227
  5.31945
  5.28386
  5.25030
  5.22528
  5.21653
  5.20830
  5.20179
  5.19608
  5.19482
  5.19377
  5.19362
  5.19351
  5.19353
  5.19353
  5.19074
 
  6.30054
  6.39618
  6.44872
  6.46469
  6.44578
  6.39610
  6.32283
  6.23724
  6.15279
  6.07264
  5.99761
  5.92776
  5.86261
  5.80127
  5.74207
  5.68091
  5.61533
  5.55146
  5.49708
  5.47350
  5.44875
  5.42818
  5.41154
  5.40756
  5.40407
  5.40366
  5.40337
  5.40328
  5.40326
  5.40765
 
  6.88489
  6.98644
  7.00682
  6.96690
  6.88705
  6.78944
  6.68192
  6.57131
  6.46531
  6.36513
  6.27019
  6.17916
  6.09154
  6.00633
  5.92323
  5.84123
  5.76013
  5.68291
  5.60870
  5.56983
  5.53122
  5.50239
  5.47726
  5.47086
  5.46571
  5.46518
  5.46474
  5.46451
  5.46449
  5.47485
 
  7.73056
  7.72404
  7.66469
  7.56695
  7.43516
  7.27619
  7.10019
  6.92146
  6.75521
  6.60547
  6.47173
  6.35155
  6.24183
  6.13813
  6.03814
  5.93678
  5.83054
  5.72437
  5.62390
  5.57431
  5.51961
  5.47350
  5.43894
  5.43050
  5.42270
  5.42189
  5.42133
  5.42101
  5.42102
  5.43694
 
  8.30465
  8.22626
  8.09457
  7.92816
  7.73240
  7.51507
  7.28697
  7.06281
  6.85773
  6.67537
  6.51470
  6.37188
  6.24235
  6.12062
  6.00414
  5.88790
  5.76812
  5.64815
  5.53181
  5.47360
  5.41051
  5.35808
  5.31686
  5.30674
  5.29766
  5.29670
  5.29600
  5.29568
  5.29568
  5.30983
 
  8.73901
  8.59263
  8.39502
  8.16803
  7.91750
  7.65161
  7.38112
  7.12024
  6.88383
  6.67474
  6.49152
  6.32930
  6.18239
  6.04501
  5.91440
  5.78589
  5.65572
  5.52583
  5.39885
  5.33576
  5.26959
  5.21576
  5.16955
  5.15818
  5.14847
  5.14738
  5.14652
  5.14629
  5.14625
  5.15422
 
  9.05368
  8.91225
  8.66282
  8.35332
  8.01996
  7.69717
  7.39470
  7.11862
  6.87508
  6.65963
  6.46169
  6.27368
  6.09911
  5.94062
  5.79541
  5.65808
  5.52310
  5.38803
  5.25201
  5.18478
  5.11829
  5.06670
  5.01619
  5.00377
  4.99387
  4.99260
  4.99165
  4.99152
  4.99143
  4.99141
 
  9.55023
  9.34043
  8.99238
  8.57556
  8.14652
  7.75475
  7.40454
  7.09114
  6.81021
  6.55709
  6.32303
  6.10264
  5.89927
  5.71634
  5.55059
  5.39617
  5.24656
  5.09588
  4.94679
  4.87910
  4.81422
  4.76334
  4.70760
  4.69441
  4.68403
  4.68248
  4.68138
  4.68145
  4.68131
  4.66912
 
 10.08087
  9.57477
  9.07881
  8.61603
  8.18384
  7.78069
  7.40539
  7.05672
  6.73415
  6.43852
  6.16783
  5.91962
  5.69187
  5.48467
  5.29766
  5.13014
  4.97865
  4.82830
  4.66613
  4.58508
  4.51450
  4.46831
  4.41308
  4.39610
  4.38586
  4.38494
  4.38346
  4.38339
  4.38347
  4.36688
 
 10.65519
  9.97633
  9.32987
  8.73736
  8.19384
  7.69514
  7.23785
  6.82030
  6.44113
  6.09783
  5.78668
  5.50307
  5.24206
  5.00120
  4.78154
  4.58117
  4.39734
  4.21913
  4.03839
  3.95106
  3.87306
  3.81947
  3.75964
  3.74306
  3.73179
  3.73066
  3.72933
  3.72919
  3.72908
  3.72399
 
 10.98489
 10.17744
  9.42472
  8.74295
  8.12398
  7.56226
  7.05281
  6.59206
  6.17802
  5.80590
  5.47010
  5.16465
  4.88258
  4.61970
  4.37711
  4.15361
  3.94633
  3.74762
  3.55258
  3.45941
  3.37337
  3.31150
  3.24878
  3.23405
  3.22169
  3.22026
  3.21920
  3.21893
  3.21874
  3.22851
 
 11.40715
 10.37707
  9.46264
  8.65932
  7.94854
  7.31874
  6.76069
  6.26296
  5.81637
  5.41412
  5.04916
  4.71430
  4.40110
  4.10439
  3.82555
  3.56724
  3.32863
  3.10685
  2.90140
  2.80538
  2.71198
  2.64110
  2.57768
  2.56225
  2.54968
  2.54826
  2.54709
  2.54685
  2.54674
  2.55288
 
 11.69474
 10.50769
  9.48733
  8.60527
  7.83711
  7.16513
  6.57694
  6.05649
  5.58921
  5.16704
  4.78317
  4.43047
  4.10072
  3.78873
  3.49485
  3.22066
  2.96635
  2.72840
  2.50767
  2.40564
  2.31017
  2.24017
  2.17330
  2.15724
  2.14477
  2.14329
  2.14200
  2.14189
  2.14173
  2.13925
 
 11.90884
 10.61406
  9.52497
  8.59014
  7.78340
  7.08282
  6.47291
  5.93517
  5.45237
  5.01543
  4.61765
  4.25204
  3.91055
  3.58796
  3.28422
  3.00023
  2.73667
  2.48947
  2.25818
  2.15052
  2.05017
  1.97707
  1.90790
  1.89156
  1.87895
  1.87743
  1.87611
  1.87600
  1.87584
  1.87274
 
 12.08125
 10.70903
  9.57367
  8.60193
  7.76784
  7.04734
  6.42144
  5.87013
  5.37491
  4.92628
  4.51750
  4.14169
  3.79094
  3.46009
  3.14887
  2.85794
  2.58767
  2.33406
  2.09434
  1.98148
  1.87554
  1.79809
  1.72673
  1.71004
  1.69707
  1.69552
  1.69417
  1.69403
  1.69387
  1.69264
 
 12.35340
 10.88040
  9.69025
  8.67393
  7.80616
  7.06137
  6.41510
  5.84504
  5.33178
  4.86579
  4.44047
  4.04906
  3.68396
  3.34018
  3.01718
  2.71519
  2.43349
  2.16787
  1.91287
  1.79062
  1.67458
  1.58894
  1.51173
  1.49366
  1.47946
  1.47779
  1.47634
  1.47616
  1.47600
  1.47694
 
 12.56441
 11.03240
  9.81516
  8.77683
  7.89268
  7.13521
  6.47752
  5.89594
  5.37078
  4.89277
  4.45557
  4.05256
  3.67638
  3.32213
  2.98906
  2.67701
  2.38432
  2.10545
  1.83512
  1.70385
  1.57842
  1.48492
  1.39983
  1.37966
  1.36375
  1.36188
  1.36029
  1.36008
  1.35991
  1.36049
 
 12.92161
 11.32495
 10.08984
  9.03658
  8.14391
  7.37465
  6.70381
  6.10793
  5.56802
  5.07495
  4.62222
  4.20287
  3.80905
  3.43552
  3.08161
  2.74715
  2.42928
  2.11868
  1.80937
  1.65494
  1.50257
  1.38440
  1.27469
  1.24803
  1.22663
  1.22411
  1.22205
  1.22177
  1.22157
  1.22120
 
 13.13372
 11.52239
 10.29848
  9.25378
  8.36807
  7.59898
  6.92505
  6.32504
  5.78159
  5.28530
  4.82880
  4.40403
  4.00156
  3.61538
  3.24551
  2.89281
  2.55411
  2.21671
  1.86992
  1.69188
  1.50863
  1.36038
  1.22254
  1.18934
  1.16264
  1.15939
  1.15661
  1.15625
  1.15600
  1.15658
 
 13.36441
 11.75240
 10.57015
  9.56731
  8.71118
  7.96213
  7.30066
  6.70718
  6.16541
  5.66704
  5.20590
  4.77512
  4.36650
  3.97351
  3.59270
  3.21925
  2.84590
  2.46010
  2.04685
  1.82460
  1.58616
  1.38045
  1.17442
  1.12859
  1.09774
  1.09388
  1.08814
  1.08707
  1.08760
  1.09055
 
 13.37977
 11.86751
 10.77684
  9.83259
  9.00051
  8.25549
  7.58742
  6.98628
  6.44375
  5.95147
  5.50070
  5.08140
  4.68096
  4.28974
  3.90384
  3.51792
  3.12268
  2.70030
  2.22913
  1.96768
  1.68289
  1.43215
  1.15983
  1.09246
  1.06126
  1.05887
  1.04988
  1.04763
  1.04981
  1.05328
 
 13.42674
 11.93190
 10.88714
  9.98222
  9.17895
  8.45640
  7.80573
  7.21787
  6.68527
  6.20025
  5.75467
  5.33887
  4.94061
  4.55006
  4.16257
  3.77140
  3.36457
  2.91877
  2.40438
  2.11019
  1.78135
  1.48733
  1.15780
  1.07329
  1.03759
  1.03548
  1.02438
  1.02145
  1.02456
  1.02742
 
 13.44744
 11.96853
 10.96570
 10.09353
  9.31576
  8.61346
  7.97898
  7.40394
  6.88147
  6.40443
  5.96512
  5.55429
  5.16001
  4.77233
  4.38599
  3.99307
  3.57926
  3.11642
  2.56748
  2.24584
  1.87906
  1.54558
  1.16362
  1.06289
  1.02081
  1.01859
  1.00593
  1.00253
  1.00626
  1.00801
 
 13.43943
 11.99538
 11.06715
 10.25004
  9.51653
  8.84966
  8.24362
  7.69133
  7.18709
  6.72480
  6.29776
  5.89771
  5.51373
  5.13608
  4.75824
  4.36988
  3.95162
  3.46440
  2.85659
  2.48719
  2.05602
  1.65808
  1.20084
  1.07121
  0.98844
  0.98591
  0.98693
  0.98422
  0.97381
  0.98062
 
 13.42593
 12.00693
 11.13193
 10.35448
  9.65395
  9.01467
  8.43181
  7.89913
  7.41166
  6.96391
  6.54985
  6.16175
  5.78925
  5.42271
  5.05498
  4.67424
  4.25794
  3.75968
  3.11549
  2.71198
  2.22937
  1.77272
  1.23726
  1.08110
  0.97528
  0.97025
  0.97061
  0.96769
  0.95563
  0.96219
 
 13.45832
 12.05443
 11.23792
 10.50895
  9.85214
  9.25384
  8.70988
  8.21458
  7.76329
  7.35071
  6.97069
  6.61500
  6.27202
  5.93114
  5.58553
  5.22383
  4.82406
  4.33940
  3.68274
  3.23466
  2.64499
  2.04585
  1.32162
  1.11308
  0.97394
  0.95804
  0.93948
  0.93700
  0.93580
  0.93505
 
 13.42064
 12.04823
 11.28146
 10.59443
  9.97324
  9.40664
  8.89103
  8.42164
  7.99442
  7.60477
  7.24716
  6.91410
  6.59453
  6.27819
  5.95785
  5.62106
  5.24278
  4.76811
  4.09644
  3.62458
  2.99010
  2.31821
  1.43758
  1.16903
  0.97014
  0.94678
  0.92619
  0.92348
  0.92202
  0.92028
 
 13.33665
 12.01244
 11.31465
 10.68532
 10.11311
  9.58966
  9.11236
  8.67762
  8.28246
  7.92343
  7.59633
  7.29520
  7.01094
  6.73457
  6.45872
  6.16951
  5.83703
  5.39219
  4.71272
  4.21449
  3.52748
  2.76672
  1.67560
  1.31220
  0.98044
  0.93703
  0.91092
  0.90823
  0.90005
  0.90455
 
 13.32696
 12.01515
 11.34353
 10.73717
 10.18636
  9.68403
  9.22774
  8.81429
  8.44097
  8.10466
  7.80145
  7.52559
  7.26808
  7.02013
  6.77523
  6.52053
  6.22718
  5.82577
  5.18515
  4.69310
  3.98328
  3.15463
  1.88039
  1.43478
  1.00556
  0.94328
  0.90036
  0.89719
  0.89337
  0.89623
 
 13.32122
 12.01986
 11.36375
 10.77139
 10.23385
  9.74508
  9.30267
  8.90371
  8.54565
  8.22560
  7.93981
  7.68276
  7.44541
  7.21926
  6.99861
  6.77181
  6.51160
  6.15018
  5.55269
  5.07589
  4.36179
  3.49048
  2.07171
  1.55191
  1.03348
  0.95354
  0.89386
  0.88984
  0.88995
  0.89111
 
 13.29291
 12.01989
 11.38547
 10.80843
 10.28160
  9.80052
  9.36380
  8.96997
  8.61794
  8.30566
  8.03019
  7.78721
  7.56941
  7.36856
  7.17544
  6.97052
  6.72272
  6.37820
  5.82125
  5.37869
  4.70543
  3.83420
  2.26486
  1.65793
  1.04360
  0.95503
  0.89908
  0.89581
  0.88786
  0.88764
 
 13.28004
 12.02576
 11.40497
 10.84117
 10.32818
  9.86166
  9.43972
  9.06039
  8.72212
  8.42339
  8.16250
  7.93674
  7.74123
  7.56969
  7.41318
  7.25104
  7.05136
  6.76114
  6.26149
  5.84671
  5.20064
  4.33071
  2.61569
  1.87213
  1.09214
  0.97987
  0.89876
  0.89204
  0.88322
  0.88325
 
 13.26600
 12.03089
 11.42048
 10.86558
 10.36089
  9.90240
  9.48857
  9.11768
  8.78843
  8.49962
  8.24989
  8.03697
  7.85664
  7.70342
  7.56964
  7.43628
  7.27339
  7.02951
  6.58522
  6.20019
  5.58345
  4.72477
  2.91915
  2.07366
  1.14418
  1.00636
  0.90021
  0.89038
  0.88027
  0.88056
 
 13.23587
 12.04127
 11.44776
 10.90598
 10.41190
  9.96295
  9.55842
  9.19787
  8.88096
  8.60691
  8.37460
  8.18198
  8.02490
  7.89886
  7.79900
  7.71115
  7.61063
  7.44916
  7.11694
  6.80172
  6.25139
  5.43111
  3.53943
  2.53640
  1.27209
  1.06947
  0.90783
  0.89239
  0.87875
  0.87695
 
 13.22187
 12.05597
 11.46104
 10.92065
 10.43050
  9.98779
  9.59118
  9.23965
  8.93198
  8.66726
  8.44430
  8.26090
  8.11257
  7.99601
  7.91154
  7.85557
  7.81029
  7.71330
  7.44438
  7.17206
  6.69215
  5.93408
  4.01278
  2.92371
  1.39772
  1.13919
  0.91860
  0.89515
  0.87674
  0.87514
 
 13.13159
 12.06282
 11.47471
 10.94015
 10.45557
 10.01878
  9.62837
  9.28346
  8.98316
  8.72677
  8.51346
  8.34151
  8.20699
  8.10756
  8.04532
  8.01959
  8.01781
  7.98722
  7.82354
  7.62601
  7.24221
  6.58741
  4.74006
  3.54028
  1.63216
  1.27674
  0.94354
  0.90322
  0.87603
  0.87331
 
 13.05377
 12.06566
 11.48079
 10.94913
 10.46738
 10.03362
  9.64652
  9.30518
  9.00888
  8.75705
  8.54900
  8.38325
  8.25610
  8.16571
  8.11521
  8.10573
  8.12806
  8.13618
  8.03831
  7.89111
  7.57772
  7.00842
  5.26729
  4.02265
  1.84773
  1.40777
  0.97043
  0.91325
  0.87684
  0.87238
 
 12.97413
 12.05956
 11.48545
 10.95961
 10.48055
 10.04785
  9.66106
  9.31984
  9.02422
  8.77397
  8.56876
  8.40788
  8.28902
  8.21049
  8.17210
  8.16722
  8.18483
  8.20426
  8.16776
  8.07288
  7.81824
  7.30655
  5.66342
  4.41932
  2.04782
  1.53128
  0.99802
  0.92490
  0.87805
  0.87183
 
 12.93443
 12.06050
 11.48775
 10.96283
 10.48481
 10.05365
  9.66865
  9.32926
  9.03533
  8.78681
  8.58364
  8.42532
  8.30959
  8.23493
  8.20161
  8.20389
  8.23216
  8.26854
  8.26288
  8.19543
  7.98608
  7.53215
  5.97861
  4.74966
  2.23783
  1.64872
  1.02594
  0.93692
  0.88004
  0.87146
 
 12.88397
 12.06142
 11.49058
 10.96724
 10.49090
 10.06153
  9.67849
  9.34122
  9.04953
  8.80343
  8.60303
  8.44796
  8.33618
  8.26650
  8.23983
  8.25139
  8.29341
  8.35219
  8.38750
  8.35702
  8.21279
  7.84843
  6.45293
  5.27354
  2.58948
  1.86787
  1.08174
  0.96240
  0.88455
  0.87099
 
 12.85175
 12.06192
 11.49246
 10.97029
 10.49495
 10.06664
  9.68462
  9.34851
  9.05818
  8.81366
  8.61506
  8.46195
  8.35256
  8.28599
  8.26344
  8.28068
  8.33114
  8.40403
  8.46529
  8.45850
  8.35879
  8.06054
  6.79755
  5.67555
  2.89949
  2.06825
  1.13673
  0.98913
  0.88946
  0.87071
 
 12.80312
 12.06237
 11.49485
 10.97453
 10.50084
 10.07385
  9.69301
  9.35823
  9.06970
  8.82742
  8.63130
  8.48091
  8.37482
  8.31253
  8.29565
  8.32062
  8.38252
  8.47501
  8.57269
  8.59962
  8.56634
  8.37567
  7.36362
  6.37692
  3.53976
  2.51267
  1.26980
  1.05862
  0.90233
  0.87033
 
 12.77577
 12.06274
 11.49610
 10.97660
 10.50379
 10.07744
  9.69720
  9.36310
  9.07545
  8.83425
  8.63937
  8.49045
  8.38614
  8.32612
  8.31219
  8.34112
  8.40894
  8.51159
  8.62864
  8.67377
  8.67631
  8.54921
  7.71379
  6.83689
  4.04013
  2.89630
  1.39682
  1.12922
  0.91541
  0.87015
 
 12.74692
 12.06328
 11.49725
 10.97847
 10.50635
 10.08077
  9.70130
  9.36798
  9.08118
  8.84094
  8.64724
  8.49983
  8.39737
  8.33966
  8.32873
  8.36177
  8.43571
  8.54869
  8.68591
  8.75024
  8.78979
  8.73374
  8.12971
  7.41463
  4.78531
  3.51414
  1.63244
  1.26705
  0.94223
  0.86996
 
 12.73143
 12.06345
 11.49777
 10.97926
 10.50738
 10.08221
  9.70325
  9.37047
  9.08415
  8.84437
  8.65122
  8.50447
  8.40287
  8.34627
  8.33686
  8.37207
  8.44928
  8.56748
  8.71503
  8.78943
  8.84802
  8.83002
  8.36860
  7.76727
  5.32042
  3.99851
  1.84762
  1.39900
  0.96952
  0.86987
 
 12.72177
 12.06346
 11.49798
 10.97952
 10.50777
 10.08267
  9.70396
  9.37168
  9.08613
  8.84721
  8.65453
  8.50779
  8.40636
  8.35044
  8.34183
  8.37693
  8.45355
  8.57689
  8.74510
  8.83042
  8.87330
  8.82633
  8.54391
  8.15636
  5.65946
  4.29963
  2.07284
  1.55756
  0.99105
  0.86982
 
 12.71400
 12.06350
 11.49839
 10.98005
 10.50822
 10.08344
  9.70510
  9.37301
  9.08730
  8.84807
  8.65543
  8.50924
  8.40838
  8.35285
  8.34498
  8.38251
  8.46323
  8.58684
  8.74503
  8.82996
  8.90823
  8.92945
  8.63124
  8.17774
  6.04445
  4.72026
  2.26591
  1.64777
  1.02429
  0.86978
 
 12.70344
 12.06312
 11.49890
 10.98080
 10.50919
 10.08439
  9.70613
  9.37418
  9.08872
  8.84982
  8.65753
  8.51171
  8.41128
  8.35633
  8.34926
  8.38785
  8.47012
  8.59634
  8.76019
  8.85061
  8.93864
  8.97993
  8.77391
  8.40991
  6.52415
  5.24759
  2.62432
  1.89915
  1.07907
  0.86973
 
 12.69617
 12.06258
 11.49930
 10.98173
 10.51033
 10.08541
  9.70687
  9.37470
  9.08926
  8.85063
  8.65869
  8.51324
  8.41322
  8.35874
  8.35218
  8.39122
  8.47402
  8.60166
  8.76929
  8.86315
  8.95678
  9.01065
  8.86500
  8.55847
  6.87171
  5.65648
  2.93522
  2.11890
  1.13369
  0.86970
 
