  1.51706
  1.56847
  1.61973
  1.67095
  1.72186
  1.77214
  1.82142
  1.86934
  1.91554
  1.95978
  2.00186
  2.04202
  2.08116
  2.12006
  2.15839
  2.19572
  2.23187
  2.26791
  2.30500
  2.32395
  2.34373
  2.36122
  2.38535
  2.39326
  2.39808
  2.39851
  2.39915
  2.39920
  2.39939
  2.39978
 
  1.97893
  2.03545
  2.09110
  2.14623
  2.20054
  2.25368
  2.30526
  2.35491
  2.40228
  2.44718
  2.48955
  2.52977
  2.56909
  2.60860
  2.64821
  2.68786
  2.72788
  2.77015
  2.81603
  2.83888
  2.85862
  2.87152
  2.88986
  2.89651
  2.89981
  2.90000
  2.90051
  2.90052
  2.90068
  2.90431
 
  2.36472
  2.43104
  2.49354
  2.55276
  2.60843
  2.66042
  2.70889
  2.75445
  2.79809
  2.83996
  2.88016
  2.91888
  2.95703
  2.99547
  3.03438
  3.07423
  3.11546
  3.15798
  3.20102
  3.22197
  3.24185
  3.25649
  3.27193
  3.27620
  3.27934
  3.27969
  3.28000
  3.28000
  3.28002
  3.28309
 
  2.99296
  3.07426
  3.14706
  3.21213
  3.26917
  3.31830
  3.36032
  3.39707
  3.43114
  3.46320
  3.49360
  3.52286
  3.55232
  3.58314
  3.61526
  3.64821
  3.68185
  3.71756
  3.75649
  3.77629
  3.79431
  3.80657
  3.81954
  3.82280
  3.82523
  3.82551
  3.82577
  3.82580
  3.82585
  3.82518
 
  3.49412
  3.59103
  3.67124
  3.73684
  3.78944
  3.83145
  3.86465
  3.89180
  3.91659
  3.93972
  3.96103
  3.98060
  3.99944
  4.01871
  4.03896
  4.06124
  4.08652
  4.11454
  4.14466
  4.16020
  4.17552
  4.18697
  4.19734
  4.19997
  4.20208
  4.20230
  4.20249
  4.20258
  4.20258
  4.19880
 
  3.90121
  4.02594
  4.11362
  4.17188
  4.21126
  4.24355
  4.27063
  4.29247
  4.30934
  4.32180
  4.33123
  4.33905
  4.34667
  4.35549
  4.36598
  4.37869
  4.39410
  4.41196
  4.43240
  4.44397
  4.45613
  4.46579
  4.47407
  4.47603
  4.47777
  4.47794
  4.47811
  4.47826
  4.47823
  4.47249
 
  4.26823
  4.37631
  4.46327
  4.53077
  4.57877
  4.60840
  4.62257
  4.62663
  4.62750
  4.62700
  4.62570
  4.62437
  4.62405
  4.62571
  4.62905
  4.63282
  4.63639
  4.64227
  4.65385
  4.66211
  4.67100
  4.67795
  4.68388
  4.68546
  4.68682
  4.68692
  4.68701
  4.68711
  4.68713
  4.68053
 
  4.85128
  4.96459
  5.05063
  5.11189
  5.14862
  5.16261
  5.15789
  5.14147
  5.12220
  5.10241
  5.08267
  5.06376
  5.04632
  5.03104
  5.01738
  5.00368
  4.98904
  4.97673
  4.97128
  4.97176
  4.97328
  4.97482
  4.97578
  4.97616
  4.97656
  4.97656
  4.97657
  4.97664
  4.97664
  4.97094
 
  5.31558
  5.42767
  5.50777
  5.55928
  5.58276
  5.58067
  5.55790
  5.52274
  5.48546
  5.44870
  5.41303
  5.37910
  5.34718
  5.31753
  5.28944
  5.26083
  5.23064
  5.20285
  5.18291
  5.17645
  5.17063
  5.16614
  5.16214
  5.16131
  5.16064
  5.16052
  5.16044
  5.16047
  5.16046
  5.15747
 
  6.17201
  6.26641
  6.32051
  6.34024
  6.32712
  6.28491
  6.22027
  6.14374
  6.06794
  5.99585
  5.92814
  5.86477
  5.80513
  5.74832
  5.69319
  5.63680
  5.57758
  5.52077
  5.47303
  5.45245
  5.43045
  5.41187
  5.39744
  5.39401
  5.39091
  5.39057
  5.39031
  5.39021
  5.39021
  5.39509
 
  6.77880
  6.84579
  6.86703
  6.85101
  6.80019
  6.71949
  6.61694
  6.50465
  6.39662
  6.29618
  6.20384
  6.11875
  6.03955
  5.96416
  5.89104
  5.81647
  5.73830
  5.66213
  5.59468
  5.56338
  5.52864
  5.49884
  5.47682
  5.47149
  5.46652
  5.46601
  5.46566
  5.46543
  5.46545
  5.47662
 
  7.61808
  7.62107
  7.57230
  7.48495
  7.36314
  7.21353
  7.04609
  6.87493
  6.71517
  6.57089
  6.44169
  6.32540
  6.21928
  6.11929
  6.02328
  5.92643
  5.82546
  5.72543
  5.63195
  5.58597
  5.53432
  5.49013
  5.45814
  5.45031
  5.44295
  5.44219
  5.44167
  5.44134
  5.44137
  5.45806
 
  8.19751
  8.13424
  8.01770
  7.86493
  7.68114
  7.47409
  7.25460
  7.03750
  6.83823
  6.66052
  6.50359
  6.36399
  6.23764
  6.11950
  6.00698
  5.89487
  5.77928
  5.66421
  5.55411
  5.49935
  5.43923
  5.38868
  5.34982
  5.34026
  5.33159
  5.33067
  5.33000
  5.32969
  5.32970
  5.34435
 
  8.63678
  8.50884
  8.32905
  8.11750
  7.88002
  7.62488
  7.36306
  7.10910
  6.87834
  6.67386
  6.49439
  6.33553
  6.19201
  6.05842
  5.93187
  5.80721
  5.68042
  5.55439
  5.43280
  5.37284
  5.30944
  5.25737
  5.21319
  5.20231
  5.19293
  5.19188
  5.19106
  5.19081
  5.19079
  5.19900
 
  8.96636
  8.82813
  8.59550
  8.30844
  7.99559
  7.68540
  7.38905
  7.11619
  6.87656
  6.66617
  6.47384
  6.29142
  6.12179
  5.96716
  5.82504
  5.69057
  5.55881
  5.42746
  5.29587
  5.23115
  5.16716
  5.11740
  5.06844
  5.05639
  5.04677
  5.04552
  5.04460
  5.04447
  5.04438
  5.04436
 
  9.46908
  9.27089
  8.94059
  8.54245
  8.12989
  7.75011
  7.40822
  7.10086
  6.82521
  6.57741
  6.34952
  6.13620
  5.93915
  5.76065
  5.59787
  5.44602
  5.29936
  5.15139
  5.00505
  4.93943
  4.87664
  4.82716
  4.77228
  4.75927
  4.74903
  4.74749
  4.74640
  4.74646
  4.74632
  4.73381
 
 10.00845
  9.51767
  9.03780
  8.58937
  8.17004
  7.77840
  7.41340
  7.07392
  6.75953
  6.47108
  6.20671
  5.96409
  5.74133
  5.53852
  5.35535
  5.19119
  5.04259
  4.89466
  4.73444
  4.65438
  4.58521
  4.54047
  4.48578
  4.46846
  4.45837
  4.45749
  4.45598
  4.45590
  4.45599
  4.43891
 
 10.60600
  9.93896
  9.30596
  8.72563
  8.19331
  7.70497
  7.25731
  6.84871
  6.47781
  6.14212
  5.83797
  5.56074
  5.30535
  5.06913
  4.85312
  4.65554
  4.47374
  4.29698
  4.11733
  4.03053
  3.95329
  3.90041
  3.84024
  3.82310
  3.81181
  3.81072
  3.80935
  3.80920
  3.80907
  3.80375
 
 10.95195
 10.15492
  9.41445
  8.74364
  8.13473
  7.58228
  7.08143
  6.62867
  6.22195
  5.85657
  5.52699
  5.22721
  4.95004
  4.69109
  4.45146
  4.23007
  4.02430
  3.82685
  3.63312
  3.54055
  3.45485
  3.39290
  3.32940
  3.31423
  3.30170
  3.30027
  3.29918
  3.29891
  3.29869
  3.30870
 
 11.38297
 10.36733
  9.46721
  8.67532
  7.97410
  7.35229
  6.80093
  6.30894
  5.86732
  5.46942
  5.10826
  4.77667
  4.46607
  4.17125
  3.89390
  3.63711
  3.40049
  3.18074
  2.97688
  2.88136
  2.78801
  2.71667
  2.65234
  2.63658
  2.62373
  2.62228
  2.62108
  2.62083
  2.62072
  2.62704
 
 11.66064
 10.50047
  9.50093
  8.63288
  7.87396
  7.20778
  6.62297
  6.10466
  5.63927
  5.21903
  4.83717
  4.48658
  4.15902
  3.84916
  3.55724
  3.28455
  3.03128
  2.79448
  2.57541
  2.47426
  2.37921
  2.30896
  2.24117
  2.22479
  2.21204
  2.21052
  2.20920
  2.20909
  2.20892
  2.20635
 
 11.86775
 10.60695
  9.54222
  8.62270
  7.82491
  7.12883
  6.52043
  5.98284
  5.50016
  5.06370
  4.66683
  4.30257
  3.96292
  3.64250
  3.34089
  3.05836
  2.79531
  2.54879
  2.31923
  2.21267
  2.11299
  2.03984
  1.96986
  1.95321
  1.94034
  1.93880
  1.93744
  1.93733
  1.93716
  1.93395
 
 12.03658
 10.70113
  9.59103
  8.63487
  7.80949
  7.09284
  6.46772
  5.91574
  5.41990
  4.97108
  4.56263
  4.18771
  3.83850
  3.50972
  3.20062
  2.91103
  2.64108
  2.38797
  2.15005
  2.03841
  1.93332
  1.85599
  1.78395
  1.76698
  1.75378
  1.75219
  1.75081
  1.75068
  1.75051
  1.74925
 
 12.30704
 10.86827
  9.70097
  8.69909
  7.83967
  7.09887
  6.45382
  5.88366
  5.37017
  4.90418
  4.47918
  4.08849
  3.72465
  3.38256
  3.06131
  2.76047
  2.47919
  2.21422
  1.96113
  1.84018
  1.72522
  1.64002
  1.56239
  1.54411
  1.52974
  1.52804
  1.52657
  1.52639
  1.52622
  1.52720
 
 12.51842
 11.01402
  9.81519
  8.78943
  7.91345
  7.16089
  6.50603
  5.92613
  5.40224
  4.92535
  4.48921
  4.08731
  3.71236
  3.35943
  3.02766
  2.71663
  2.42469
  2.14690
  1.87855
  1.74858
  1.62438
  1.53162
  1.44635
  1.42603
  1.41000
  1.40812
  1.40650
  1.40630
  1.40612
  1.40673
 
 12.86617
 11.29082
 10.06945
  9.02689
  8.14230
  7.37939
  6.71368
  6.12208
  5.58585
  5.09594
  4.64586
  4.22870
  3.83655
  3.46420
  3.11123
  2.77777
  2.46126
  2.15247
  1.84539
  1.69225
  1.54121
  1.42405
  1.31471
  1.28806
  1.26668
  1.26417
  1.26211
  1.26183
  1.26162
  1.26126
 
 13.05874
 11.47633
 10.26944
  9.23706
  8.35971
  7.59672
  6.92739
  6.33115
  5.79119
  5.29817
  4.84469
  4.42261
  4.02240
  3.63795
  3.26945
  2.91805
  2.58085
  2.24543
  1.90116
  1.72444
  1.54244
  1.39511
  1.25821
  1.22527
  1.19875
  1.19552
  1.19276
  1.19241
  1.19215
  1.19277
 
 13.25889
 11.69240
 10.53548
  9.54878
  8.70201
  7.95815
  7.29927
  6.70725
  6.16709
  5.67070
  5.21180
  4.78343
  4.37725
  3.98662
  3.60809
  3.23680
  2.86559
  2.48207
  2.07135
  1.85035
  1.61307
  1.40840
  1.20431
  1.15946
  1.12945
  1.12564
  1.11991
  1.11884
  1.11934
  1.12215
 
 13.27337
 11.80105
 10.73213
  9.80356
  8.98283
  8.24612
  7.58384
  6.98650
  6.44620
  5.95498
  5.50453
  5.08523
  4.68516
  4.29502
  3.91096
  3.52761
  3.13555
  2.71664
  2.24880
  1.98887
  1.70538
  1.45578
  1.18608
  1.12017
  1.09061
  1.08838
  1.07932
  1.07704
  1.07919
  1.08225
 
 13.31188
 11.86039
 10.83829
  9.94966
  9.15823
  8.44421
  7.79932
  7.21504
  6.68428
  6.19979
  5.75389
  5.33753
  4.93918
  4.54954
  4.16400
  3.77574
  3.37263
  2.93087
  2.42030
  2.12786
  1.80057
  1.50789
  1.18156
  1.09884
  1.06543
  1.06357
  1.05230
  1.04932
  1.05241
  1.05472
 
 13.32692
 11.89349
 10.91321
 10.05732
  9.29145
  8.59773
  7.96899
  7.39742
  6.87658
  6.39980
  5.95989
  5.54824
  5.15369
  4.76693
  4.38271
  3.99305
  3.58344
  3.12512
  2.58042
  2.26073
  1.89575
  1.56384
  1.18554
  1.08684
  1.04758
  1.04568
  1.03277
  1.02929
  1.03302
  1.03414
 
 13.31316
 11.91578
 11.00850
 10.20697
  9.48494
  8.82642
  8.22601
  7.67711
  7.17445
  6.71236
  6.28467
  5.88375
  5.49954
  5.12294
  4.74753
  4.36287
  3.94945
  3.46749
  2.86473
  2.49779
  2.06915
  1.67350
  1.22046
  1.09294
  1.01326
  1.01130
  1.01251
  1.00972
  0.99919
  1.00524
 
 13.29669
 11.92435
 11.06862
 10.30571
  9.61609
  8.98476
  8.40732
  7.87796
  7.39208
  6.94464
  6.53003
  6.14123
  5.76871
  5.40352
  5.03856
  4.66201
  4.25111
  3.75870
  3.12010
  2.71935
  2.23968
  1.78585
  1.25522
  1.10136
  0.99901
  0.99468
  0.99531
  0.99229
  0.97998
  0.98588
 
 13.32752
 11.96904
 11.16830
 10.45137
  9.80359
  9.21200
  8.67265
  8.18023
  7.73035
  7.31811
  6.93775
  6.58170
  6.23919
  5.90034
  5.55843
  5.20219
  4.80951
  4.33280
  3.68365
  3.23835
  2.65005
  2.05259
  1.33598
  1.13134
  0.99697
  0.98144
  0.96246
  0.96004
  0.95846
  0.95750
 
 13.29199
 11.96238
 11.20824
 10.53088
  9.91710
  9.35617
  8.84469
  8.37805
  7.95248
  7.56362
  7.20629
  6.87347
  6.55487
  6.24078
  5.92421
  5.59287
  5.22181
  4.75584
  4.09321
  3.62494
  2.99225
  2.32226
  1.45003
  1.18557
  0.99224
  0.96944
  0.94842
  0.94568
  0.94395
  0.94212
 
 13.21053
 11.92654
 11.23772
 10.61549
 10.04883
  9.52979
  9.05587
  8.62363
  8.23024
  7.87241
  7.54620
  7.24600
  6.96331
  6.68957
  6.41763
  6.13372
  5.80802
  5.37092
  4.69983
  4.20612
  3.52417
  2.76888
  1.68713
  1.32697
  1.00025
  0.95803
  0.93288
  0.93001
  0.92098
  0.92578
 
 13.20388
 11.93055
 11.26561
 10.66463
 10.11819
  9.61943
  9.16596
  8.75477
  8.38320
  8.04827
  7.74619
  7.47156
  7.21576
  6.97040
  6.72916
  6.47933
  6.19221
  5.79825
  5.16620
  4.67911
  3.97511
  3.15295
  1.89001
  1.44829
  1.02461
  0.96361
  0.92187
  0.91857
  0.91385
  0.91717
 
 13.18455
 11.93543
 11.29385
 10.70989
 10.17614
  9.68752
  9.24288
  8.84065
  8.47985
  8.15811
  7.87221
  7.61736
  7.38582
  7.16883
  6.95687
  6.73036
  6.45865
  6.08944
  5.50965
  5.05774
  4.38109
  3.53063
  2.08170
  1.55429
  1.03851
  0.96600
  0.92184
  0.91931
  0.91261
  0.91186
 
 13.17678
 11.93863
 11.30799
 10.73429
 10.21049
  9.73213
  9.29768
  8.90552
  8.55448
  8.24262
  7.96744
  7.72514
  7.50938
  7.31250
  7.12512
  6.92677
  6.68518
  6.34472
  5.78951
  5.34962
  4.68555
  3.83140
  2.27805
  1.66519
  1.05908
  0.97524
  0.92099
  0.91482
  0.91094
  0.90828
 
 13.17968
 11.95212
 11.32897
 10.76404
 10.25118
  9.78603
  9.36648
  8.99043
  8.65617
  8.36169
  8.10442
  7.88045
  7.68290
  7.50542
  7.34395
  7.18826
  7.01081
  6.73660
  6.23015
  5.81273
  5.17742
  4.32083
  2.61190
  1.88678
  1.10960
  0.99581
  0.91928
  0.91276
  0.90578
  0.90373
 
 13.15055
 11.94939
 11.34241
 10.79035
 10.28804
  9.83188
  9.42006
  9.05103
  8.72351
  8.43632
  8.18806
  7.97650
  7.79736
  7.64527
  7.51269
  7.38103
  7.22081
  6.98107
  6.54408
  6.16532
  5.55806
  4.70965
  2.91836
  2.08047
  1.16064
  1.02463
  0.92065
  0.91103
  0.90053
  0.90096
 
 13.12179
 11.95948
 11.36923
 10.83030
 10.33878
  9.89247
  9.49026
  9.13184
  8.81677
  8.54429
  8.31324
  8.12155
  7.96509
  7.83939
  7.73975
  7.65246
  7.55331
  7.39453
  7.06794
  6.75822
  6.21740
  5.40901
  3.53440
  2.53893
  1.28638
  1.08644
  0.92815
  0.91283
  0.89903
  0.89723
 
 13.10844
 11.97380
 11.38269
 10.84556
 10.35832
  9.91817
  9.52383
  9.17427
  8.86832
  8.60504
  8.38319
  8.20061
  8.05278
  7.93642
  7.85196
  7.79586
  7.75067
  7.65504
  7.39086
  7.12366
  6.65263
  5.90601
  4.00340
  2.92347
  1.41045
  1.15489
  0.93861
  0.91571
  0.89691
  0.89536
 
 13.02290
 11.98087
 11.39663
 10.86563
 10.38411
  9.94993
  9.56185
  9.21896
  8.92036
  8.66534
  8.45304
  8.28174
  8.14757
  8.04812
  7.98554
  7.95917
  7.95669
  7.92613
  7.76504
  7.57111
  7.19444
  6.55025
  4.72435
  3.53522
  1.64222
  1.29064
  0.96306
  0.92368
  0.89608
  0.89347
 
 12.94956
 11.98417
 11.40315
 10.87495
 10.39625
  9.96518
  9.58043
  9.24110
  8.94650
  8.69602
  8.48895
  8.32382
  8.19699
  8.10660
  8.05570
  8.04544
  8.06673
  8.07409
  7.97715
  7.83225
  7.52438
  6.96469
  5.24660
  4.01365
  1.85565
  1.42027
  0.98945
  0.93350
  0.89684
  0.89251
 
 12.87295
 11.97852
 11.40843
 10.88585
 10.40965
  9.97957
  9.59513
  9.25597
  8.96207
  8.71320
  8.50900
  8.34872
  8.23017
  8.15163
  8.11287
  8.10722
  8.12366
  8.14187
  8.10529
  8.01176
  7.76078
  7.25735
  5.63938
  4.40657
  2.05385
  1.54270
  1.01656
  0.94488
  0.89800
  0.89194
 
 12.83534
 11.97959
 11.41095
 10.88949
 10.41433
  9.98567
  9.60277
  9.26528
  8.97314
  8.72619
  8.52417
  8.36647
  8.25101
  8.17632
  8.14265
  8.14417
  8.17124
  8.20614
  8.19956
  8.13269
  7.92599
  7.47937
  5.95071
  4.73394
  2.24224
  1.65915
  1.04400
  0.95658
  0.90000
  0.89156
 
 12.78743
 11.98065
 11.41400
 10.89431
 10.42084
  9.99388
  9.61286
  9.27742
  8.98752
  8.74307
  8.54391
  8.38950
  8.27800
  8.20833
  8.18128
  8.19212
  8.23292
  8.29001
  8.32353
  8.29261
  8.14962
  7.79077
  6.41850
  5.25265
  2.59082
  1.87660
  1.09886
  0.98136
  0.90456
  0.89108
 
 12.75700
 11.98096
 11.41579
 10.89727
 10.42501
  9.99919
  9.61923
  9.28493
  8.99637
  8.75348
  8.55610
  8.40372
  8.29465
  8.22811
  8.20520
  8.22175
  8.27104
  8.34218
  8.40123
  8.39350
  8.29408
  7.99982
  6.75784
  5.65028
  2.89839
  2.07555
  1.15298
  1.00741
  0.90952
  0.89079
 
 12.71093
 11.98136
 11.41790
 10.90133
 10.43092
 10.00655
  9.62798
  9.29513
  9.00829
  8.76746
  8.57248
  8.42294
  8.31734
  8.25515
  8.23797
  8.26226
  8.32305
  8.41385
  8.50913
  8.53465
  8.50037
  8.31099
  7.31458
  6.34321
  3.53381
  2.51662
  1.28417
  1.07543
  0.92242
  0.89040
 
 12.68514
 11.98164
 11.41896
 10.90331
 10.43368
 10.01015
  9.63229
  9.30019
  9.01423
  8.77442
  8.58069
  8.43263
  8.32887
  8.26900
  8.25483
  8.28311
  8.34988
  8.45095
  8.56567
  8.60929
  8.61032
  8.48307
  7.65896
  6.79682
  4.03043
  2.89686
  1.40963
  1.14480
  0.93546
  0.89021
 
 12.65784
 11.98210
 11.42011
 10.90499
 10.43604
 10.01332
  9.63629
  9.30509
  9.02004
  8.78127
  8.58875
  8.44221
  8.34030
  8.28280
  8.27169
  8.30416
  8.37714
  8.48867
  8.62380
  8.68676
  8.72455
  8.66698
  8.06831
  7.36587
  4.76975
  3.50916
  1.64264
  1.28065
  0.96195
  0.89002
 
 12.64357
 11.98238
 11.42054
 10.90558
 10.43678
 10.01427
  9.63768
  9.30715
  9.02309
  8.78541
  8.59365
  8.44748
  8.34614
  8.28977
  8.28000
  8.31311
  8.38670
  8.50591
  8.66677
  8.74414
  8.77042
  8.69652
  8.33690
  7.87130
  5.22370
  3.89704
  1.86538
  1.44251
  0.98483
  0.88993
 
 12.65532
 11.98970
 11.41995
 10.90134
 10.43196
 10.01045
  9.63581
  9.30739
  9.02485
  8.78806
  8.59689
  8.45052
  8.34642
  8.28452
  8.27116
  8.31315
  8.41204
  8.54422
  8.67904
  8.74606
  8.80980
  8.81975
  8.46530
  7.94286
  5.69609
  4.38092
  2.07047
  1.53680
  1.01480
  0.88987
 
 12.64841
 11.98944
 11.41996
 10.90157
 10.43242
 10.01111
  9.63665
  9.30840
  9.02604
  8.78946
  8.59853
  8.45245
  8.34869
  8.28727
  8.27457
  8.31749
  8.41778
  8.55215
  8.69120
  8.76245
  8.83462
  8.86089
  8.57126
  8.11289
  6.01335
  4.70635
  2.26964
  1.65854
  1.04169
  0.88983
 
 12.61652
 11.98227
 11.42187
 10.90722
 10.43869
 10.01668
  9.64094
  9.31122
  9.02767
  8.79033
  8.59925
  8.45428
  8.35439
  8.29972
  8.29261
  8.33081
  8.41231
  8.53735
  8.69946
  8.78871
  8.87532
  8.91487
  8.70585
  8.34590
  6.49054
  5.22565
  2.62398
  1.90601
  1.09602
  0.88978
 
 12.60963
 11.98163
 11.42208
 10.90815
 10.43984
 10.01796
  9.64209
  9.31217
  9.02849
  8.79116
  8.60031
  8.45576
  8.35638
  8.30220
  8.29555
  8.33420
  8.41625
  8.54276
  8.70870
  8.80147
  8.89376
  8.94606
  8.79719
  8.49286
  6.83302
  5.62999
  2.93205
  2.12354
  1.14962
  0.88975
 
