  1.47356
  1.52446
  1.57531
  1.62621
  1.67691
  1.72709
  1.77641
  1.82447
  1.87095
  1.91557
  1.95812
  1.99881
  2.03844
  2.07769
  2.11619
  2.15346
  2.18924
  2.22460
  2.26078
  2.27931
  2.29900
  2.31666
  2.34016
  2.34753
  2.35225
  2.35270
  2.35330
  2.35334
  2.35352
  2.35391
 
  1.93566
  1.99056
  2.04479
  2.09870
  2.15204
  2.20448
  2.25567
  2.30528
  2.35297
  2.39853
  2.44188
  2.48330
  2.52380
  2.56426
  2.60452
  2.64437
  2.68407
  2.72545
  2.76994
  2.79205
  2.81141
  2.82443
  2.84265
  2.84913
  2.85247
  2.85269
  2.85321
  2.85321
  2.85334
  2.85723
 
  2.31868
  2.38179
  2.44212
  2.50019
  2.55571
  2.60837
  2.65809
  2.70497
  2.74935
  2.79136
  2.83124
  2.86966
  2.90832
  2.94862
  2.99014
  3.03155
  3.07194
  3.11315
  3.15579
  3.17615
  3.19532
  3.20959
  3.22546
  3.22975
  3.23290
  3.23333
  3.23365
  3.23363
  3.23368
  3.23696
 
  2.93700
  3.01733
  3.08955
  3.15444
  3.21169
  3.26143
  3.30445
  3.34254
  3.37822
  3.41213
  3.44451
  3.47577
  3.50698
  3.53910
  3.57206
  3.60560
  3.63969
  3.67562
  3.71432
  3.73385
  3.75164
  3.76388
  3.77714
  3.78053
  3.78305
  3.78334
  3.78362
  3.78365
  3.78370
  3.78306
 
  3.42836
  3.52756
  3.60856
  3.67413
  3.72709
  3.77105
  3.80738
  3.83780
  3.86479
  3.88925
  3.91208
  3.93391
  3.95513
  3.97627
  3.99788
  4.02113
  4.04717
  4.07581
  4.10634
  4.12196
  4.13740
  4.14909
  4.15984
  4.16249
  4.16466
  4.16490
  4.16511
  4.16522
  4.16521
  4.16127
 
  3.83096
  3.95397
  4.04311
  4.10504
  4.14876
  4.18449
  4.21409
  4.23796
  4.25695
  4.27172
  4.28360
  4.29392
  4.30387
  4.31471
  4.32689
  4.34103
  4.35766
  4.37651
  4.39775
  4.40973
  4.42241
  4.43253
  4.44110
  4.44310
  4.44491
  4.44509
  4.44526
  4.44541
  4.44539
  4.43935
 
  4.19074
  4.30146
  4.39151
  4.46242
  4.51402
  4.54736
  4.56520
  4.57273
  4.57670
  4.57892
  4.58000
  4.58077
  4.58249
  4.58628
  4.59176
  4.59749
  4.60262
  4.60980
  4.62259
  4.63149
  4.64118
  4.64882
  4.65499
  4.65661
  4.65802
  4.65814
  4.65823
  4.65834
  4.65834
  4.65141
 
  4.76833
  4.88556
  4.97598
  5.04192
  5.08344
  5.10220
  5.10202
  5.08975
  5.07401
  5.05716
  5.03982
  5.02295
  5.00758
  4.99464
  4.98352
  4.97228
  4.95977
  4.94937
  4.94579
  4.94724
  4.94987
  4.95232
  4.95361
  4.95403
  4.95449
  4.95450
  4.95450
  4.95458
  4.95458
  4.94857
 
  5.23200
  5.34853
  5.43353
  5.49021
  5.51897
  5.52206
  5.50420
  5.47345
  5.43989
  5.40615
  5.37291
  5.34102
  5.31116
  5.28392
  5.25851
  5.23265
  5.20503
  5.17967
  5.16208
  5.15678
  5.15220
  5.14867
  5.14518
  5.14443
  5.14385
  5.14374
  5.14366
  5.14369
  5.14369
  5.14052
 
  6.07247
  6.22103
  6.28574
  6.28729
  6.25110
  6.20414
  6.15139
  6.09383
  6.03285
  5.96931
  5.90524
  5.84201
  5.78046
  5.72125
  5.66451
  5.60986
  5.55724
  5.50789
  5.46252
  5.44087
  5.41982
  5.40406
  5.38984
  5.38644
  5.38365
  5.38335
  5.38306
  5.38290
  5.38293
  5.38809
 
  6.69489
  6.80885
  6.83839
  6.80540
  6.73337
  6.64730
  6.55411
  6.45833
  6.36512
  6.27519
  6.18822
  6.10360
  6.02207
  5.94374
  5.86830
  5.79451
  5.72213
  5.65517
  5.59215
  5.55790
  5.52339
  5.49761
  5.47602
  5.47040
  5.46587
  5.46545
  5.46509
  5.46484
  5.46484
  5.47652
 
  7.57501
  7.57793
  7.53028
  7.44488
  7.32574
  7.17941
  7.01563
  6.84822
  6.69207
  6.55112
  6.42495
  6.31132
  6.20740
  6.10912
  6.01466
  5.91979
  5.82176
  5.72518
  5.63509
  5.59067
  5.54038
  5.49713
  5.46632
  5.45881
  5.45165
  5.45093
  5.45043
  5.45009
  5.45014
  5.46737
 
  8.32985
  8.14290
  7.94689
  7.75513
  7.56753
  7.38403
  7.20481
  7.03018
  6.86000
  6.69536
  6.53733
  6.38565
  6.24183
  6.10625
  5.97977
  5.86348
  5.75751
  5.65779
  5.56156
  5.51660
  5.47472
  5.43820
  5.36397
  5.33603
  5.34437
  5.34916
  5.34597
  5.34397
  5.34658
  5.36023
 
  8.61087
  8.48266
  8.30382
  8.09403
  7.85901
  7.60686
  7.34845
  7.09806
  6.87082
  6.66970
  6.49339
  6.33733
  6.19609
  6.06409
  5.93875
  5.81549
  5.69080
  5.56733
  5.44839
  5.38976
  5.32755
  5.27637
  5.23336
  5.22278
  5.21363
  5.21260
  5.21181
  5.21158
  5.21155
  5.21995
 
  8.96111
  8.77314
  8.53757
  8.27640
  7.99549
  7.70316
  7.40997
  7.12944
  6.87623
  6.65290
  6.45736
  6.28450
  6.12794
  5.98220
  5.84433
  5.71001
  5.57571
  5.44313
  5.31525
  5.25327
  5.19045
  5.14024
  5.09288
  5.08121
  5.07173
  5.07060
  5.06965
  5.06952
  5.06944
  5.06941
 
  9.43254
  9.24188
  8.91888
  8.52719
  8.12034
  7.74573
  7.40847
  7.10521
  6.83308
  6.58823
  6.36292
  6.15189
  5.95695
  5.78042
  5.61948
  5.46929
  5.32413
  5.17764
  5.03273
  4.96770
  4.90561
  4.85688
  4.80299
  4.79026
  4.78026
  4.77876
  4.77769
  4.77776
  4.77762
  4.76475
 
  9.79598
  9.53575
  9.13094
  8.65812
  8.18217
  7.75739
  7.38413
  7.05172
  6.74987
  6.47526
  6.22298
  5.98928
  5.77384
  5.57734
  5.39740
  5.22919
  5.06830
  4.91191
  4.76048
  4.68963
  4.62358
  4.57446
  4.51915
  4.50408
  4.49363
  4.49216
  4.49108
  4.49128
  4.49115
  4.47359
 
 10.55172
  9.90207
  9.28409
  8.71621
  8.19408
  7.71397
  7.27280
  6.86919
  6.50191
  6.16874
  5.86625
  5.59015
  5.33576
  5.10073
  4.88610
  4.69011
  4.51006
  4.33490
  4.15617
  4.06943
  3.99189
  3.93857
  3.87866
  3.86193
  3.85062
  3.84949
  3.84815
  3.84800
  3.84790
  3.84244
 
 10.90395
 10.12437
  9.39864
  8.73984
  8.14057
  7.59578
  7.10086
  6.65257
  6.24902
  5.88580
  5.55762
  5.25875
  4.98245
  4.72454
  4.48614
  4.26618
  4.06201
  3.86603
  3.67319
  3.58064
  3.49441
  3.43162
  3.36789
  3.35297
  3.34031
  3.33883
  3.33775
  3.33747
  3.33728
  3.34768
 
 11.36314
 10.35867
  9.46765
  8.68298
  7.98750
  7.37028
  6.82250
  6.33329
  5.89382
  5.49755
  5.13770
  4.80719
  4.49762
  4.20387
  3.92760
  3.67196
  3.43655
  3.21782
  3.01442
  2.91883
  2.82505
  2.75308
  2.68816
  2.67224
  2.65924
  2.65777
  2.65656
  2.65630
  2.65619
  2.66297
 
 11.66346
 10.50769
  9.51173
  8.64670
  7.89045
  7.22667
  6.64400
  6.12755
  5.66382
  5.24504
  4.86451
  4.51508
  4.18849
  3.87938
  3.58811
  3.31614
  3.06376
  2.82779
  2.60924
  2.50815
  2.41286
  2.34215
  2.27376
  2.25720
  2.24430
  2.24276
  2.24143
  2.24131
  2.24114
  2.23853
 
 11.87936
 10.62038
  9.55670
  8.63837
  7.84187
  7.14717
  6.54017
  6.00393
  5.52260
  5.08744
  4.69179
  4.32864
  3.98988
  3.67010
  3.36895
  3.08693
  2.82453
  2.57868
  2.34969
  2.24329
  2.14353
  2.07008
  1.99966
  1.98288
  1.96989
  1.96832
  1.96695
  1.96685
  1.96668
  1.96292
 
 12.04801
 10.71447
  9.60519
  8.64997
  7.82559
  7.11003
  6.48600
  5.93513
  5.44041
  4.99273
  4.58540
  4.21150
  3.86313
  3.53490
  3.22622
  2.93706
  2.66764
  2.41510
  2.17780
  2.06640
  1.96134
  1.88384
  1.81154
  1.79449
  1.78120
  1.77960
  1.77821
  1.77808
  1.77792
  1.77590
 
 12.30431
 10.87250
  9.70895
  8.70993
  7.85259
  7.11330
  6.46940
  5.90020
  5.38762
  4.92252
  4.49838
  4.10851
  3.74539
  3.40388
  3.08312
  2.78277
  2.50201
  2.23761
  1.98519
  1.86458
  1.74981
  1.66465
  1.58700
  1.56871
  1.55431
  1.55260
  1.55113
  1.55095
  1.55079
  1.55153
 
 12.49587
 11.00541
  9.81490
  8.79495
  7.92280
  7.17264
  6.51928
  5.94037
  5.41730
  4.94117
  4.50572
  4.10448
  3.73017
  3.37788
  3.04674
  2.73636
  2.44509
  2.16799
  1.90035
  1.77075
  1.64685
  1.55428
  1.46914
  1.44883
  1.43281
  1.43093
  1.42933
  1.42911
  1.42894
  1.43020
 
 12.80961
 11.26100
 10.05548
  9.02349
  8.14528
  7.38594
  6.72202
  6.13133
  5.59581
  5.10664
  4.65732
  4.24093
  3.84957
  3.47802
  3.12586
  2.79327
  2.47767
  2.16979
  1.86350
  1.71076
  1.56018
  1.44344
  1.33448
  1.30790
  1.28660
  1.28411
  1.28206
  1.28177
  1.28157
  1.28185
 
 12.99288
 11.44100
 10.25182
  9.23069
  8.35959
  7.59972
  6.93158
  6.33580
  5.79651
  5.30451
  4.85228
  4.43152
  4.03248
  3.64897
  3.28127
  2.93066
  2.59436
  2.25986
  1.91649
  1.74022
  1.55876
  1.41197
  1.27570
  1.24294
  1.21657
  1.21334
  1.21059
  1.21025
  1.20999
  1.20982
 
 13.20091
 11.66202
 10.51944
  9.54112
  8.69844
  7.95606
  7.29721
  6.70502
  6.16543
  5.67041
  5.21339
  4.78712
  4.38284
  3.99367
  3.61619
  3.24565
  2.87501
  2.49217
  2.08245
  1.86209
  1.62558
  1.42169
  1.21864
  1.17418
  1.14445
  1.14064
  1.13488
  1.13381
  1.13432
  1.13682
 
 13.24432
 11.78263
 10.71678
  9.79048
  8.97157
  8.23662
  7.57606
  6.98045
  6.44187
  5.95235
  5.50357
  5.08586
  4.68722
  4.29833
  3.91537
  3.53299
  3.14186
  2.72391
  2.25722
  1.99799
  1.71533
  1.46659
  1.19836
  1.13310
  1.10400
  1.10177
  1.09262
  1.09031
  1.09248
  1.09690
 
 13.29803
 11.85222
 10.82862
  9.93851
  9.14625
  8.43216
  7.78781
  7.20462
  6.67542
  6.19283
  5.74904
  5.33483
  4.93846
  4.55047
  4.16624
  3.77905
  3.37686
  2.93603
  2.42662
  2.13496
  1.80870
  1.51708
  1.19256
  1.11063
  1.07791
  1.07608
  1.06465
  1.06160
  1.06475
  1.06909
 
 13.32565
 11.89397
 10.90836
 10.04810
  9.27921
  8.58383
  7.95460
  7.38354
  6.86406
  6.38926
  5.95179
  5.54274
  5.15061
  4.76582
  4.38316
  3.99470
  3.58604
  3.12864
  2.58513
  2.26629
  1.90251
  1.57186
  1.19566
  1.09785
  1.05951
  1.05768
  1.04455
  1.04098
  1.04479
  1.04803
 
 13.32904
 11.92827
 11.01048
 10.20046
  9.47230
  8.80984
  8.20738
  7.65809
  7.15639
  6.69638
  6.27153
  5.87383
  5.49267
  5.11855
  4.74504
  4.36180
  3.94942
  3.46845
  2.86706
  2.50117
  2.07408
  1.68008
  1.22946
  1.10297
  1.02450
  1.02269
  1.02374
  1.02086
  1.01041
  1.01816
 
 13.32119
 11.94299
 11.07390
 10.30038
  9.60289
  8.96631
  8.38589
  7.85552
  7.37031
  6.92487
  6.51326
  6.12799
  5.75886
  5.39647
  5.03370
  4.65878
  4.24909
  3.75778
  3.12070
  2.72112
  2.24321
  1.79134
  1.26355
  1.11083
  1.00991
  1.00578
  1.00631
  1.00319
  0.99088
  0.99803
 
 13.35196
 11.98730
 11.17202
 10.44346
  9.78697
  9.18945
  8.64657
  8.15273
  7.70327
  7.29295
  6.91566
  6.56334
  6.22450
  5.88872
  5.54930
  5.19497
  4.80376
  4.32844
  3.68112
  3.23724
  2.65107
  2.05604
  1.34304
  1.13990
  1.00782
  0.99241
  0.97306
  0.97067
  0.96893
  0.96870
 
 13.30382
 11.97165
 11.20511
 10.51803
  9.89689
  9.33093
  8.81643
  8.34862
  7.92344
  7.53630
  7.18170
  6.85222
  6.53696
  6.22572
  5.91155
  5.58218
  5.21282
  4.74872
  4.08868
  3.62218
  2.99180
  2.32441
  1.45632
  1.19352
  1.00290
  0.98032
  0.95893
  0.95618
  0.95434
  0.95298
 
 13.19412
 11.91605
 11.22094
 10.59369
 10.02316
  9.50154
  9.02613
  8.59342
  8.20043
  7.84380
  7.51940
  7.22145
  6.94111
  6.66964
  6.39988
  6.11812
  5.79460
  5.35995
  4.69193
  4.20030
  3.52123
  2.76936
  1.69293
  1.33446
  1.01008
  0.96837
  0.94357
  0.94059
  0.93117
  0.93638
 
 13.16780
 11.90580
 11.23875
 10.63608
 10.08845
  9.58899
  9.13533
  8.72435
  8.35342
  8.01946
  7.71869
  7.44559
  7.19143
  6.94780
  6.70836
  6.46051
  6.17562
  5.78434
  5.15579
  4.67104
  3.97022
  3.15180
  1.89495
  1.45520
  1.03413
  0.97370
  0.93244
  0.92906
  0.92389
  0.92760
 
 13.15098
 11.90171
 11.25184
 10.66444
 10.13113
  9.64607
  9.20690
  8.81077
  8.45525
  8.13750
  7.85394
  7.59924
  7.36475
  7.14230
  6.92638
  6.70563
  6.45310
  6.10130
  5.51598
  5.04693
  4.34264
  3.48275
  2.08364
  1.57079
  1.06122
  0.98324
  0.92549
  0.92135
  0.92013
  0.92217
 
 13.11911
 11.89793
 11.26983
 10.69807
 10.17598
  9.69908
  9.26591
  8.87489
  8.52489
  8.21401
  7.93971
  7.69825
  7.48326
  7.28719
  7.10070
  6.90361
  6.66390
  6.32634
  5.77559
  5.33877
  4.67840
  3.82799
  2.28047
  1.67038
  1.06834
  0.98518
  0.93122
  0.92492
  0.92104
  0.91848
 
 13.09282
 11.89736
 11.28704
 10.73053
 10.22225
  9.75883
  9.33892
  8.96144
  8.62571
  8.33019
  8.07282
  7.85038
  7.65718
  7.48663
  7.33097
  7.17216
  6.97988
  6.69783
  6.20836
  5.80279
  5.16800
  4.31240
  2.62125
  1.88778
  1.11687
  1.00592
  0.93011
  0.92209
  0.91615
  0.91380
 
 13.08448
 11.90235
 11.29974
 10.75118
 10.25165
  9.79770
  9.38764
  9.01995
  8.69347
  8.40708
  8.15943
  7.94835
  7.76970
  7.61819
  7.48629
  7.35535
  7.19601
  6.95799
  6.52477
  6.14916
  5.54616
  4.70228
  2.91809
  2.08397
  1.16883
  1.03367
  0.93067
  0.92112
  0.91041
  0.91094
 
 13.06535
 11.91798
 11.32932
 10.79203
 10.30216
  9.85750
  9.45690
  9.09993
  8.78615
  8.51474
  8.28454
  8.09350
  7.93747
  7.81203
  7.71254
  7.62538
  7.52660
  7.36883
  7.04478
  6.73759
  6.20107
  5.39815
  3.53203
  2.54024
  1.29350
  1.09483
  0.93807
  0.92277
  0.90888
  0.90709
 
 13.05800
 11.93632
 11.34585
 10.80933
 10.32283
  9.88358
  9.49020
  9.14164
  8.83676
  8.57454
  8.35375
  8.17212
  8.02507
  7.90924
  7.82498
  7.76883
  7.72345
  7.62793
  7.36524
  7.10012
  6.63325
  5.89230
  3.99885
  2.92341
  1.41681
  1.16266
  0.94836
  0.92568
  0.90667
  0.90517
 
 12.97524
 11.94392
 11.36017
 10.82965
 10.34886
  9.91555
  9.52836
  9.18640
  8.88879
  8.63477
  8.42343
  8.25301
  8.11954
  8.02056
  7.95814
  7.93164
  7.92878
  7.89787
  7.73722
  7.54457
  7.17111
  6.53210
  4.71671
  3.53282
  1.64729
  1.29753
  0.97257
  0.93360
  0.90577
  0.90323
 
 12.90034
 11.94484
 11.36517
 10.83825
 10.36087
  9.93094
  9.54731
  9.20902
  8.91537
  8.66578
  8.45948
  8.29498
  8.16866
  8.07858
  8.02779
  8.01743
  8.03842
  8.04539
  7.94849
  7.80433
  7.49875
  6.94344
  5.23647
  4.00933
  1.85968
  1.42647
  0.99873
  0.94332
  0.90650
  0.90226
 
 12.82311
 11.93709
 11.36865
 10.84783
 10.37344
  9.94497
  9.56202
  9.22436
  8.93205
  8.68447
  8.48059
  8.31958
  8.20032
  8.12190
  8.08392
  8.07920
  8.09658
  8.11695
  8.07565
  7.97322
  7.72533
  7.25599
  5.65859
  4.35890
  2.05356
  1.55904
  1.02635
  0.94709
  0.91347
  0.90167
 
 12.78387
 11.93727
 11.37117
 10.85175
 10.37840
  9.95139
  9.56996
  9.23369
  8.94247
  8.69616
  8.49461
  8.33729
  8.22217
  8.14778
  8.11428
  8.11581
  8.14261
  8.17722
  8.17045
  8.10363
  7.89773
  7.45406
  5.93705
  4.72629
  2.24448
  1.66431
  1.05282
  0.96614
  0.90964
  0.90128
 
 12.73659
 11.93784
 11.37401
 10.85647
 10.38489
  9.95958
  9.57994
  9.24564
  8.95666
  8.71292
  8.51430
  8.36029
  8.24911
  8.17969
  8.15278
  8.16359
  8.20416
  8.26090
  8.29411
  8.26310
  8.12037
  7.76345
  6.40165
  5.24242
  2.59159
  1.88095
  1.10725
  0.99060
  0.91422
  0.90078
 
 12.70754
 11.93867
 11.37589
 10.85952
 10.38905
  9.96477
  9.58615
  9.25297
  8.96534
  8.72322
  8.52646
  8.37454
  8.26582
  8.19948
  8.17664
  8.19312
  8.24216
  8.31293
  8.37162
  8.36375
  8.26435
  7.97135
  6.73849
  5.63787
  2.89789
  2.07917
  1.16096
  1.01635
  0.91921
  0.90048
 
 12.66445
 11.93997
 11.37850
 10.86366
 10.39485
  9.97194
  9.59463
  9.26291
  8.97707
  8.73711
  8.54287
  8.39384
  8.28857
  8.22653
  8.20932
  8.23347
  8.29404
  8.38446
  8.47927
  8.50465
  8.47019
  8.28113
  7.29095
  6.32663
  3.53094
  2.51861
  1.29125
  1.08367
  0.93215
  0.90009
 
 12.63953
 11.94045
 11.37975
 10.86563
 10.39770
  9.97550
  9.59890
  9.26792
  8.98296
  8.74405
  8.55102
  8.40346
  8.30001
  8.24029
  8.22609
  8.25426
  8.32079
  8.42143
  8.53566
  8.57910
  8.57991
  8.45267
  7.63281
  6.77722
  4.02571
  2.89720
  1.41595
  1.15244
  0.94516
  0.89989
 
 12.61205
 11.94062
 11.38081
 10.86751
 10.40015
  9.97878
  9.60304
  9.27295
  8.98889
  8.75094
  8.55905
  8.41292
  8.31131
  8.25398
  8.24292
  8.27527
  8.34799
  8.45906
  8.59365
  8.65631
  8.69390
  8.63622
  8.03955
  7.34238
  4.76210
  3.50677
  1.64769
  1.28734
  0.97154
  0.89970
 
 12.61935
 11.94800
 11.38003
 10.86310
 10.39529
  9.97506
  9.60153
  9.27398
  8.99212
  8.75580
  8.56485
  8.41846
  8.31407
  8.25158
  8.23724
  8.27766
  8.37418
  8.50276
  8.63095
  8.69141
  8.74212
  8.72781
  8.28503
  7.68149
  5.28465
  3.98811
  1.86017
  1.41763
  0.99730
  0.89960
 
 12.61004
 11.94782
 11.38034
 10.86365
 10.39607
  9.97607
  9.60276
  9.27547
  8.99389
  8.75788
  8.56729
  8.42135
  8.31750
  8.25573
  8.24235
  8.28415
  8.38268
  8.51440
  8.64874
  8.71554
  8.77902
  8.78867
  8.43468
  7.91554
  5.68413
  4.37446
  2.07340
  1.54221
  1.02389
  0.89955
 
 12.60359
 11.94787
 11.38046
 10.86399
 10.39652
  9.97671
  9.60358
  9.27647
  8.99506
  8.75926
  8.56893
  8.42330
  8.31982
  8.25853
  8.24579
  8.28850
  8.38839
  8.52228
  8.66086
  8.73188
  8.80383
  8.82978
  8.54003
  8.08450
  5.99974
  4.69826
  2.27137
  1.66348
  1.05054
  0.89951
 
 12.57302
 11.94140
 11.38276
 10.86964
 10.40249
  9.98197
  9.60758
  9.27907
  8.99651
  8.75997
  8.56955
  8.42514
  8.32562
  8.27106
  8.26384
  8.30180
  8.38295
  8.50756
  8.66908
  8.75800
  8.84432
  8.88369
  8.67457
  8.31626
  6.47410
  5.21483
  2.62389
  1.90946
  1.10440
  0.89945
 
 12.56947
 11.94086
 11.38207
 10.86976
 10.40353
  9.98321
  9.60855
  9.27967
  8.99703
  8.76070
  8.57059
  8.42653
  8.32743
  8.27338
  8.26673
  8.30520
  8.38692
  8.51299
  8.67831
  8.77065
  8.86261
  8.91486
  8.76597
  8.46254
  6.81419
  5.61696
  2.93056
  2.12589
  1.15757
  0.89941
 
