  1.35561
  1.40381
  1.45227
  1.50112
  1.55015
  1.59910
  1.64767
  1.69553
  1.74238
  1.78795
  1.83199
  1.87456
  1.91618
  1.95725
  1.99721
  2.03538
  2.07119
  2.10529
  2.13832
  2.15454
  2.17193
  2.18803
  2.21048
  2.21784
  2.22221
  2.22244
  2.22292
  2.22305
  2.22284
  2.22357
 
  1.78284
  1.84289
  1.90134
  1.95837
  2.01367
  2.06699
  2.11816
  2.16729
  2.21464
  2.26027
  2.30427
  2.34717
  2.39039
  2.43497
  2.48005
  2.52355
  2.56359
  2.60146
  2.63876
  2.65709
  2.67554
  2.69061
  2.70772
  2.71228
  2.71573
  2.71624
  2.71658
  2.71654
  2.71660
  2.72089
 
  2.14761
  2.21882
  2.28557
  2.34822
  2.40646
  2.46031
  2.51019
  2.55726
  2.60322
  2.64837
  2.69266
  2.73602
  2.77878
  2.82121
  2.86314
  2.90460
  2.94559
  2.98602
  3.02517
  3.04376
  3.06198
  3.07616
  3.09092
  3.09483
  3.09785
  3.09822
  3.09852
  3.09850
  3.09854
  3.10210
 
  2.75354
  2.83864
  2.91549
  2.98469
  3.04594
  3.09940
  3.14599
  3.18783
  3.22781
  3.26659
  3.30425
  3.34080
  3.37673
  3.41245
  3.44797
  3.48344
  3.51911
  3.55527
  3.59179
  3.60978
  3.62739
  3.64070
  3.65332
  3.65649
  3.65908
  3.65937
  3.65962
  3.65968
  3.65970
  3.65894
 
  3.24277
  3.34172
  3.42494
  3.49458
  3.55253
  3.60148
  3.64286
  3.67876
  3.71213
  3.74360
  3.77333
  3.80138
  3.82811
  3.85403
  3.87958
  3.90601
  3.93433
  3.96368
  3.99385
  4.00986
  4.02598
  4.03826
  4.04929
  4.05213
  4.05443
  4.05466
  4.05486
  4.05495
  4.05497
  4.05056
 
  3.65585
  3.75643
  3.84250
  3.91526
  3.97436
  4.02029
  4.05474
  4.08113
  4.10406
  4.12474
  4.14355
  4.16110
  4.17858
  4.19701
  4.21612
  4.23499
  4.25314
  4.27256
  4.29579
  4.30909
  4.32314
  4.33425
  4.34360
  4.34599
  4.34805
  4.34824
  4.34839
  4.34851
  4.34852
  4.34181
 
  4.01499
  4.11175
  4.19488
  4.26580
  4.32385
  4.36887
  4.40149
  4.42348
  4.43764
  4.44522
  4.44797
  4.44897
  4.45377
  4.46647
  4.48457
  4.50040
  4.50802
  4.51478
  4.53001
  4.54104
  4.55292
  4.56212
  4.56965
  4.57153
  4.57327
  4.57339
  4.57356
  4.57374
  4.57368
  4.56597
 
  4.59746
  4.69598
  4.77684
  4.84214
  4.89127
  4.92426
  4.94211
  4.94725
  4.94327
  4.93191
  4.91531
  4.89739
  4.88461
  4.88168
  4.88554
  4.88680
  4.87832
  4.86905
  4.87001
  4.87457
  4.88025
  4.88488
  4.88825
  4.88913
  4.89007
  4.89010
  4.89020
  4.89035
  4.89030
  4.88362
 
  5.06287
  5.15942
  5.23477
  5.29174
  5.32985
  5.34936
  5.35171
  5.33999
  5.31858
  5.28959
  5.25558
  5.22104
  5.19310
  5.17684
  5.16853
  5.15712
  5.13437
  5.11121
  5.10000
  5.09834
  5.09736
  5.09652
  5.09547
  5.09540
  5.09541
  5.09536
  5.09537
  5.09546
  5.09542
  5.09195
 
  5.91389
  6.01230
  6.07442
  6.10543
  6.10638
  6.08027
  6.03270
  5.97281
  5.91168
  5.85202
  5.79473
  5.74026
  5.68894
  5.64085
  5.59528
  5.55012
  5.50414
  5.46096
  5.42521
  5.40984
  5.39287
  5.37829
  5.36831
  5.36600
  5.36375
  5.36352
  5.36336
  5.36326
  5.36328
  5.36902
 
  6.51159
  6.62965
  6.66947
  6.65041
  6.59288
  6.51919
  6.43636
  6.34993
  6.26613
  6.18526
  6.10571
  6.02657
  5.95035
  5.87867
  5.81121
  5.74620
  5.68312
  5.62663
  5.57444
  5.54450
  5.51398
  5.49145
  5.47383
  5.46918
  5.46541
  5.46511
  5.46482
  5.46457
  5.46457
  5.47736
 
  7.38793
  7.42850
  7.40340
  7.32839
  7.21313
  7.07028
  6.91257
  6.75684
  6.62036
  6.50171
  6.39010
  6.27868
  6.17220
  6.07345
  5.98138
  5.89220
  5.80414
  5.72389
  5.64719
  5.60155
  5.55410
  5.51843
  5.49090
  5.48348
  5.47742
  5.47693
  5.47648
  5.47609
  5.47609
  5.49464
 
  7.99289
  7.96867
  7.87958
  7.74351
  7.56886
  7.36737
  7.15428
  6.95008
  6.77510
  6.62623
  6.48877
  6.35299
  6.22436
  6.10626
  5.99698
  5.89164
  5.78718
  5.68949
  5.59463
  5.54053
  5.48476
  5.44243
  5.40789
  5.39876
  5.39134
  5.39065
  5.39005
  5.38968
  5.38968
  5.40576
 
  8.44566
  8.37159
  8.22234
  8.02332
  7.78959
  7.53867
  7.28540
  7.04780
  6.84362
  6.66871
  6.50829
  6.35231
  6.20577
  6.07191
  5.94868
  5.83084
  5.71443
  5.60259
  5.49309
  5.43493
  5.37614
  5.33111
  5.29106
  5.28084
  5.27261
  5.27170
  5.27097
  5.27072
  5.27068
  5.27971
 
  8.80190
  8.68958
  8.48432
  8.22300
  7.93229
  7.63937
  7.35660
  7.09571
  6.86845
  6.67047
  6.48913
  6.31566
  6.15380
  6.00636
  5.87097
  5.74267
  5.61684
  5.49305
  5.37138
  5.31158
  5.25258
  5.20698
  5.16244
  5.15149
  5.14277
  5.14163
  5.14080
  5.14067
  5.14060
  5.14076
 
  9.33505
  9.15864
  8.85306
  8.47946
  8.08969
  7.72989
  7.40530
  7.11292
  6.85018
  6.61369
  6.39650
  6.19357
  6.00592
  5.83513
  5.67869
  5.53234
  5.39086
  5.24818
  5.10802
  5.04616
  4.98748
  4.94153
  4.89035
  4.87836
  4.86894
  4.86749
  4.86649
  4.86658
  4.86645
  4.85308
 
  9.88868
  9.42538
  8.97153
  8.54663
  8.14868
  7.77646
  7.42903
  7.10552
  6.80555
  6.52994
  6.27705
  6.04467
  5.83097
  5.63596
  5.45939
  5.30077
  5.15678
  5.01287
  4.85657
  4.77872
  4.71259
  4.67111
  4.61949
  4.60269
  4.59337
  4.59262
  4.59114
  4.59110
  4.59118
  4.57276
 
 10.51113
  9.87523
  9.27060
  8.71528
  8.20510
  7.73647
  7.30639
  6.91342
  6.55632
  6.23280
  5.93943
  5.67179
  5.42481
  5.19578
  4.98568
  4.79292
  4.61494
  4.44108
  4.26341
  4.17737
  4.10116
  4.04943
  3.99024
  3.97321
  3.96218
  3.96113
  3.95976
  3.95963
  3.95949
  3.95342
 
 10.86961
 10.10859
  9.39914
  8.75479
  8.16852
  7.63546
  7.15123
  6.71269
  6.31793
  5.96266
  5.64175
  5.34948
  5.07889
  4.82571
  4.59100
  4.37380
  4.17165
  3.97719
  3.78551
  3.69337
  3.60742
  3.54468
  3.48042
  3.46516
  3.45238
  3.45090
  3.44981
  3.44954
  3.44932
  3.45980
 
 11.32703
 10.34842
  9.47788
  8.71034
  8.02937
  7.42437
  6.88668
  6.40569
  5.97265
  5.58136
  5.22547
  4.89830
  4.59186
  4.30123
  4.02788
  3.77474
  3.54134
  3.32429
  3.12226
  3.02704
  2.93299
  2.86011
  2.79361
  2.77716
  2.76371
  2.76219
  2.76094
  2.76067
  2.76056
  2.76752
 
 11.60714
 10.49607
  9.53006
  8.68554
  7.94287
  7.28776
  6.71031
  6.19742
  5.73706
  5.32178
  4.94486
  4.59908
  4.27592
  3.96979
  3.68097
  3.41081
  3.15962
  2.92481
  2.70774
  2.60733
  2.51211
  2.44067
  2.37050
  2.35334
  2.33995
  2.33836
  2.33697
  2.33684
  2.33667
  2.33398
 
 11.80969
 10.60675
  9.57817
  8.68197
  7.89817
  7.20976
  6.60500
  6.06953
  5.58967
  5.15702
  4.76463
  4.40511
  4.06975
  3.75273
  3.45371
  3.17316
  2.91168
  2.66685
  2.43948
  2.33397
  2.23455
  2.16064
  2.08864
  2.07132
  2.05789
  2.05626
  2.05484
  2.05473
  2.05455
  2.05085
 
 11.97096
 10.69865
  9.62630
  8.69366
  7.88135
  7.17082
  6.54761
  5.99619
  5.50203
  5.05626
  4.65180
  4.28129
  3.93610
  3.61043
  3.30367
  3.01586
  2.74737
  2.49592
  2.26039
  2.15000
  2.04548
  1.96776
  1.89415
  1.87663
  1.86295
  1.86131
  1.85987
  1.85974
  1.85956
  1.85777
 
 12.22486
 10.85173
  9.72226
  8.74439
  7.89858
  7.16425
  6.52151
  5.95217
  5.44024
  4.97683
  4.55511
  4.16804
  3.80755
  3.46821
  3.14920
  2.85027
  2.57074
  2.30775
  2.05737
  1.93792
  1.82399
  1.73900
  1.66042
  1.64175
  1.62705
  1.62530
  1.62379
  1.62361
  1.62344
  1.62432
 
 12.42099
 10.97907
  9.81604
  8.81457
  7.95387
  7.21027
  6.56042
  5.98365
  5.46261
  4.98867
  4.55551
  4.15658
  3.78446
  3.43411
  3.10473
  2.79592
  2.50622
  2.23090
  1.96554
  1.83723
  1.71440
  1.62228
  1.53641
  1.51576
  1.49950
  1.49758
  1.49594
  1.49573
  1.49554
  1.49659
 
 12.73168
 11.21828
 10.03160
  9.01477
  8.14800
  7.39781
  6.74120
  6.15637
  5.62547
  5.13988
  4.69340
  4.27936
  3.89012
  3.52062
  3.17046
  2.83984
  2.52631
  2.22089
  1.91755
  1.76640
  1.61724
  1.50129
  1.39199
  1.36518
  1.34370
  1.34119
  1.33911
  1.33883
  1.33862
  1.33865
 
 12.88941
 11.38086
 10.21412
  9.20969
  8.35018
  7.59910
  6.93770
  6.34738
  5.81283
  5.32503
  4.87653
  4.45914
  4.06311
  3.68227
  3.31696
  2.96853
  2.63446
  2.30284
  1.96317
  1.78881
  1.60900
  1.46311
  1.32698
  1.29418
  1.26774
  1.26450
  1.26174
  1.26140
  1.26113
  1.26150
 
 13.03684
 11.57039
 10.46578
  9.51134
  8.68202
  7.94658
  7.29086
  6.70045
  6.16343
  5.67198
  5.21924
  4.79756
  4.39765
  4.01231
  3.63820
  3.27076
  2.90323
  2.52405
  2.11884
  1.90085
  1.66640
  1.46392
  1.26217
  1.21825
  1.18901
  1.18525
  1.17944
  1.17833
  1.17885
  1.18293
 
 13.06882
 11.66907
 10.63648
  9.73435
  8.93331
  8.21177
  7.56096
  6.97217
  6.43807
  5.95128
  5.50404
  5.08736
  4.69007
  4.30344
  3.92369
  3.54551
  3.15951
  2.74737
  2.28671
  2.03036
  1.75015
  1.50309
  1.23710
  1.17292
  1.14510
  1.14301
  1.13372
  1.13133
  1.13352
  1.13987
 
 13.09650
 11.72029
 10.73400
  9.87112
  9.09907
  8.39994
  7.76622
  7.19015
  6.66521
  6.18474
  5.74165
  5.32757
  4.93190
  4.54593
  4.16516
  3.78283
  3.38679
  2.95294
  2.45071
  2.16246
  1.83918
  1.54954
  1.22797
  1.14754
  1.11690
  1.11530
  1.10362
  1.10045
  1.10364
  1.10994
 
 13.10468
 11.74788
 10.80214
  9.97128
  9.22426
  8.54503
  7.92711
  7.36342
  6.84811
  6.37507
  5.93772
  5.52819
  5.13631
  4.75344
  4.37446
  3.99144
  3.58980
  3.14035
  2.60494
  2.28995
  1.92956
  1.60123
  1.22859
  1.13262
  1.09708
  1.09557
  1.08208
  1.07835
  1.08223
  1.08734
 
 13.08358
 11.76351
 10.88772
 10.10931
  9.40482
  8.75985
  8.16959
  7.62810
  7.13059
  6.67200
  6.24670
  5.84787
  5.46645
  5.09413
  4.72462
  4.34758
  3.94342
  3.47185
  2.88004
  2.51882
  2.09608
  1.70529
  1.25918
  1.13483
  1.05970
  1.05850
  1.05962
  1.05659
  1.04612
  1.05532
 
 13.06284
 11.76776
 10.94077
 10.19948
  9.52618
  8.90758
  8.33972
  7.81736
  7.33636
  6.89225
  6.47997
  6.09328
  5.72374
  5.36320
  5.00473
  4.63660
  4.23600
  3.75506
  3.12852
  2.73411
  2.26114
  1.81323
  1.29095
  1.14074
  1.04378
  1.04043
  1.04114
  1.03783
  1.02536
  1.03375
 
 13.08822
 11.80559
 11.02935
 10.33103
  9.69734
  9.11680
  8.58577
  8.09944
  7.65386
  7.24455
  6.86637
  6.51246
  6.17323
  5.83969
  5.50538
  5.15923
  4.77922
  4.31719
  3.68325
  3.24459
  2.66097
  2.06811
  1.36532
  1.16731
  1.04085
  1.02580
  1.00584
  1.00348
  1.00131
  1.00221
 
 13.05121
 11.79500
 11.06174
 10.40057
  9.79934
  9.24846
  8.74477
  8.28413
  7.86302
  7.47750
  7.12283
  6.79263
  6.47759
  6.16883
  5.85967
  5.53819
  5.17984
  4.72946
  4.08420
  3.62377
  2.99655
  2.33200
  1.47583
  1.21860
  1.03479
  1.01281
  0.99077
  0.98794
  0.98576
  0.98521
 
 12.96469
 11.75269
 11.08170
 10.47332
  9.91788
  9.40806
  8.94157
  8.51526
  8.12654
  7.77244
  7.44936
  7.15225
  6.87340
  6.60501
  6.34020
  6.06551
  5.75134
  5.32785
  4.67249
  4.18802
  3.51709
  2.77372
  1.71081
  1.35677
  1.03897
  0.99875
  0.97503
  0.97177
  0.96121
  0.96722
 
 12.95651
 11.75372
 11.10452
 10.51611
  9.98004
  9.48996
  9.04368
  8.63839
  8.27164
  7.94065
  7.64197
  7.37060
  7.11860
  6.87820
  6.64335
  6.40169
  6.12489
  5.74362
  5.12742
  4.65022
  3.95858
  3.15031
  1.91002
  1.47569
  1.06194
  1.00314
  0.96323
  0.95961
  0.95318
  0.95773
 
 12.93581
 11.75803
 11.13172
 10.55947
 10.03480
  9.55352
  9.11478
  8.71767
  8.36165
  8.04451
  7.76305
  7.51250
  7.28511
  7.07229
  6.86497
  6.64443
  6.38121
  6.02472
  5.46375
  5.02354
  4.35940
  3.52115
  2.09485
  1.57811
  1.07602
  1.00548
  0.96193
  0.95908
  0.95231
  0.95186
 
 12.92944
 11.76017
 11.14330
 10.58040
 10.06543
  9.59442
  9.16618
  8.77951
  8.43361
  8.12663
  7.85604
  7.61802
  7.40615
  7.21290
  7.02923
  6.83557
  6.60090
  6.27157
  5.73445
  5.30696
  4.65770
  3.81828
  2.28799
  1.68599
  1.09548
  1.01412
  0.96079
  0.95413
  0.95020
  0.94788
 
 12.93598
 11.77293
 11.16091
 10.60576
 10.10135
  9.64389
  9.23124
  8.86138
  8.53261
  8.24299
  7.99001
  7.76978
  7.57559
  7.40121
  7.24277
  7.09052
  6.91786
  6.65209
  6.16148
  5.75644
  5.13810
  4.29978
  2.61676
  1.90347
  1.14387
  1.03302
  0.95857
  0.95175
  0.94462
  0.94284
 
 12.90942
 11.77045
 11.17352
 10.63043
 10.13614
  9.68749
  9.28254
  8.91972
  8.59775
  8.31546
  8.07149
  7.86363
  7.68766
  7.53830
  7.40819
  7.27916
  7.12246
  6.88875
  6.46538
  6.09950
  5.51036
  4.68089
  2.91767
  2.09472
  1.19307
  1.06016
  0.95957
  0.95015
  0.93892
  0.93975
 
 12.88750
 11.78203
 11.19925
 10.66797
 10.18402
  9.74515
  9.35013
  8.99818
  8.68875
  8.42095
  8.19372
  8.00517
  7.85130
  7.72787
  7.63021
  7.54474
  7.44769
  7.29277
  6.97544
  6.67543
  6.15198
  5.36606
  3.52529
  2.54464
  1.31480
  1.11957
  0.96671
  0.95136
  0.93725
  0.93560
 
 12.87590
 11.79692
 11.21428
 10.68474
 10.20452
  9.77096
  9.38269
  9.03858
  8.73768
  8.47891
  8.26107
  8.08195
  7.93702
  7.82300
  7.74030
  7.68549
  7.64146
  7.54803
  7.29038
  7.03113
  6.57589
  5.85117
  3.98557
  2.92387
  1.43597
  1.18566
  0.97655
  0.95440
  0.93485
  0.93352
 
 12.79772
 11.80337
 11.22768
 10.70434
 10.22990
  9.80222
  9.42004
  9.08240
  8.78854
  8.53770
  8.32902
  8.16074
  8.02909
  7.93166
  7.87055
  7.84515
  7.84330
  7.81371
  7.65622
  7.46756
  7.10274
  6.47781
  4.69398
  3.52640
  1.66271
  1.31801
  1.00014
  0.96222
  0.93376
  0.93141
 
 12.72985
 11.80562
 11.23353
 10.71333
 10.24188
  9.81734
  9.43847
  9.10432
  8.81428
  8.56773
  8.36398
  8.20155
  8.07695
  7.98828
  7.93863
  7.92913
  7.95082
  7.95868
  7.86404
  7.72273
  7.42356
  6.88018
  5.20639
  3.99717
  1.87206
  1.44499
  1.02569
  0.97173
  0.93439
  0.93036
 
 12.65863
 11.79919
 11.23767
 10.72314
 10.25450
  9.83118
  9.45276
  9.11908
  8.83026
  8.58574
  8.38446
  8.22552
  8.10788
  8.03058
  7.99337
  7.98931
  8.00757
  8.02914
  7.98928
  7.88822
  7.64510
  7.18738
  5.62318
  4.33868
  2.06390
  1.57699
  1.05268
  0.97466
  0.94132
  0.92973
 
 12.62240
 11.80029
 11.24097
 10.72743
 10.25947
  9.83731
  9.46036
  9.12809
  8.84034
  8.59700
  8.39800
  8.24272
  8.12919
  8.05588
  8.02302
  8.02494
  8.05222
  8.08772
  8.08272
  8.01733
  7.81440
  7.37917
  5.89642
  4.70405
  2.25168
  1.67987
  1.07861
  0.99389
  0.93743
  0.92930
 
 12.57854
 11.80128
 11.24408
 10.73229
 10.26582
  9.84522
  9.46996
  9.13960
  8.85405
  8.61322
  8.41704
  8.26501
  8.15530
  8.08683
  8.06041
  8.07145
  8.11224
  8.16929
  8.20361
  8.17403
  8.03361
  7.68290
  6.35146
  5.21220
  2.59428
  1.89408
  1.13186
  1.01754
  0.94205
  0.92877
 
 12.55151
 11.80182
 11.24575
 10.73521
 10.26986
  9.85026
  9.47597
  9.14668
  8.86245
  8.62320
  8.42882
  8.27878
  8.17142
  8.10596
  8.08355
  8.10017
  8.14923
  8.21987
  8.27926
  8.27284
  8.17560
  7.88740
  6.68073
  5.60095
  2.89699
  2.09025
  1.18447
  1.04246
  0.94707
  0.92844
 
 12.51113
 11.80255
 11.24784
 10.73890
 10.27541
  9.85725
  9.48419
  9.15624
  8.87374
  8.63665
  8.44469
  8.29737
  8.19329
  8.13204
  8.11518
  8.13933
  8.19960
  8.28928
  8.38411
  8.41076
  8.37837
  8.19251
  7.22052
  6.27702
  3.52277
  2.52487
  1.31233
  1.10791
  0.96007
  0.92802
 
 12.48784
 11.80284
 11.24878
 10.74075
 10.27808
  9.86070
  9.48835
  9.16112
  8.87947
  8.64335
  8.45256
  8.30668
  8.20440
  8.14538
  8.13144
  8.15948
  8.22554
  8.32526
  8.43906
  8.48330
  8.48591
  8.36132
  7.55530
  6.71889
  4.01198
  2.89862
  1.43493
  1.17505
  0.97306
  0.92780
 
 12.46249
 11.80313
 11.24992
 10.74250
 10.28041
  9.86382
  9.49232
  9.16599
  8.88518
  8.64997
  8.46029
  8.31586
  8.21540
  8.15868
  8.14771
  8.17975
  8.25182
  8.36192
  8.49555
  8.55819
  8.59690
  8.54156
  7.95468
  7.27293
  4.73975
  3.50029
  1.66309
  1.30730
  0.99920
  0.92760
 
 12.47082
 11.81031
 11.24894
 10.73798
 10.27549
  9.86011
  9.49086
  9.16706
  8.88840
  8.65477
  8.46595
  8.32119
  8.21794
  8.15612
  8.14191
  8.18188
  8.27741
  8.40471
  8.53189
  8.59226
  8.64362
  8.63102
  8.19633
  7.60550
  5.25517
  3.97508
  1.87264
  1.43551
  1.02447
  0.92749
 
 12.46195
 11.81004
 11.24905
 10.73843
 10.27616
  9.86104
  9.49202
  9.16848
  8.89008
  8.65672
  8.46824
  8.32390
  8.22117
  8.16005
  8.14679
  8.18811
  8.28561
  8.41594
  8.54908
  8.61562
  8.67962
  8.69071
  8.34306
  7.83530
  5.64891
  4.35585
  2.08246
  1.55840
  1.05045
  0.92743
 
 12.45576
 11.80989
 11.24916
 10.73866
 10.27661
  9.86165
  9.49281
  9.16943
  8.89122
  8.65806
  8.46983
  8.32576
  8.22339
  8.16272
  8.15008
  8.19230
  8.29111
  8.42354
  8.56075
  8.63143
  8.70375
  8.73091
  8.44652
  8.00121
  5.95938
  4.67471
  2.27719
  1.67836
  1.07641
  0.92739
 
 12.42648
 11.80342
 11.25107
 10.74410
 10.28250
  9.86689
  9.49677
  9.17196
  8.89257
  8.65868
  8.47035
  8.32747
  8.22899
  8.17502
  8.16787
  8.20538
  8.28553
  8.40875
  8.56869
  8.65684
  8.74284
  8.78317
  8.57963
  8.22829
  6.42500
  5.18310
  2.62445
  1.92004
  1.12898
  0.92733
 
 12.42328
 11.80338
 11.25097
 10.74442
 10.28334
  9.86785
  9.49758
  9.17255
  8.89312
  8.65941
  8.47140
  8.32894
  8.23093
  8.17740
  8.17070
  8.20863
  8.28940
  8.41406
  8.57755
  8.66895
  8.76027
  8.81314
  8.66961
  8.37185
  6.75786
  5.57851
  2.92717
  2.13354
  1.18084
  0.92729
 
