  1.31818
  1.36579
  1.41372
  1.46211
  1.51075
  1.55940
  1.60777
  1.65554
  1.70241
  1.74810
  1.79238
  1.83526
  1.87724
  1.91866
  1.95894
  1.99735
  2.03328
  2.06727
  2.09978
  2.11553
  2.13232
  2.14781
  2.16954
  2.17678
  2.18122
  2.18135
  2.18141
  2.18143
  2.18127
  2.18201
 
  1.74290
  1.79798
  1.85277
  1.90758
  1.96212
  2.01610
  2.06918
  2.12097
  2.17113
  2.21941
  2.26564
  2.30998
  2.35329
  2.39623
  2.43843
  2.47940
  2.51894
  2.55826
  2.59812
  2.61724
  2.63451
  2.64681
  2.66320
  2.66958
  2.67639
  2.67627
  2.67343
  2.67260
  2.67306
  2.67720
 
  2.10706
  2.16821
  2.22826
  2.28770
  2.34620
  2.40334
  2.45870
  2.51186
  2.56243
  2.61013
  2.65495
  2.69724
  2.73832
  2.77933
  2.82010
  2.86039
  2.90030
  2.94138
  2.98439
  3.00492
  3.02173
  3.03167
  3.04616
  3.05242
  3.05799
  3.05779
  3.05550
  3.05482
  3.05525
  3.05864
 
  2.70032
  2.78199
  2.85681
  2.92540
  2.98743
  3.04289
  3.09236
  3.13734
  3.17998
  3.22076
  3.25983
  3.29745
  3.33457
  3.37194
  3.40921
  3.44565
  3.48083
  3.51607
  3.55253
  3.57058
  3.58756
  3.59989
  3.61291
  3.61612
  3.61790
  3.61827
  3.61918
  3.61936
  3.61936
  3.61855
 
  3.18426
  3.27820
  3.36132
  3.43445
  3.49720
  3.54981
  3.59342
  3.63057
  3.66476
  3.69685
  3.72715
  3.75605
  3.78466
  3.81386
  3.84326
  3.87192
  3.89930
  3.92724
  3.95786
  3.97399
  3.98994
  4.00195
  4.01330
  4.01556
  4.01368
  4.01433
  4.01808
  4.01892
  4.01874
  4.01424
 
  3.59110
  3.69420
  3.78278
  3.85789
  3.91919
  3.96713
  4.00344
  4.03162
  4.05640
  4.07900
  4.09983
  4.11944
  4.13900
  4.15949
  4.18049
  4.20083
  4.21983
  4.23972
  4.26335
  4.27682
  4.29103
  4.30228
  4.31191
  4.31341
  4.30911
  4.30994
  4.31547
  4.31673
  4.31641
  4.30960
 
  3.94136
  4.05097
  4.14269
  4.21782
  4.27611
  4.31826
  4.34653
  4.36531
  4.38047
  4.39349
  4.40487
  4.41530
  4.42595
  4.43784
  4.45052
  4.46262
  4.47338
  4.48528
  4.50177
  4.51231
  4.52419
  4.53407
  4.54187
  4.54277
  4.53721
  4.53808
  4.54438
  4.54581
  4.54544
  4.53760
 
  4.52816
  4.63323
  4.71978
  4.78972
  4.84235
  4.87774
  4.89706
  4.90308
  4.89984
  4.88924
  4.87363
  4.85715
  4.84670
  4.84722
  4.85503
  4.85924
  4.85163
  4.84287
  4.84579
  4.85156
  4.85822
  4.86349
  4.86737
  4.86630
  4.86190
  4.86273
  4.86772
  4.86915
  4.86835
  4.86191
 
  4.99523
  5.09872
  5.18003
  5.24179
  5.28344
  5.30531
  5.30902
  5.29803
  5.27722
  5.24892
  5.21586
  5.18279
  5.15726
  5.14459
  5.14046
  5.13229
  5.11078
  5.08865
  5.08005
  5.07994
  5.08024
  5.08014
  5.07951
  5.07835
  5.07587
  5.07626
  5.07864
  5.07932
  5.07899
  5.07564
 
  5.85382
  5.95800
  6.02497
  6.05970
  6.06326
  6.03881
  5.99226
  5.93322
  5.87340
  5.81561
  5.76069
  5.70894
  5.66040
  5.61496
  5.57194
  5.52929
  5.48595
  5.44571
  5.41333
  5.39973
  5.38433
  5.37066
  5.36113
  5.35972
  5.36302
  5.36224
  5.35749
  5.35641
  5.35671
  5.36253
 
  6.47709
  6.55746
  6.59479
  6.59632
  6.56407
  6.50234
  6.41852
  6.32388
  6.23171
  6.14531
  6.06524
  5.99118
  5.92235
  5.85753
  5.79584
  5.73483
  5.67312
  5.61476
  5.56444
  5.54108
  5.51358
  5.48890
  5.47225
  5.47009
  5.47831
  5.47673
  5.46622
  5.46381
  5.46447
  5.47745
 
  7.35231
  7.36978
  7.33925
  7.27222
  7.17215
  7.04486
  6.89924
  6.74813
  6.60550
  6.47523
  6.35721
  6.24987
  6.15130
  6.05873
  5.97151
  5.88772
  5.80541
  5.72413
  5.64365
  5.60335
  5.56106
  5.52597
  5.49603
  5.49521
  5.50377
  5.50132
  5.48720
  5.48323
  5.48543
  5.50325
 
  7.95568
  7.91390
  7.82080
  7.69155
  7.53095
  7.34624
  7.14773
  6.94967
  6.76714
  6.60389
  6.45926
  6.33020
  6.21301
  6.10321
  5.99891
  5.89622
  5.79241
  5.69135
  5.59725
  5.55097
  5.49875
  5.45368
  5.42004
  5.41411
  5.42190
  5.41957
  5.40598
  5.40290
  5.40371
  5.42015
 
  8.41671
  8.31343
  8.15975
  7.97379
  7.76097
  7.52914
  7.28890
  7.05438
  6.84066
  6.65093
  6.48404
  6.33596
  6.20182
  6.07651
  5.95775
  5.84135
  5.72426
  5.60982
  5.50214
  5.44989
  5.39390
  5.34723
  5.30834
  5.30009
  5.30051
  5.29871
  5.29063
  5.28882
  5.28925
  5.29854
 
  8.78589
  8.62379
  8.41404
  8.17706
  7.91851
  7.64651
  7.37145
  7.10680
  6.86729
  6.65560
  6.46988
  6.30549
  6.15647
  6.01763
  5.88626
  5.75818
  5.63021
  5.50503
  5.38666
  5.33027
  5.27311
  5.22728
  5.18425
  5.17369
  5.16533
  5.16427
  5.16316
  5.16300
  5.16294
  5.16322
 
  9.29879
  9.12430
  8.82570
  8.46118
  8.07983
  7.72575
  7.40469
  7.11491
  6.85500
  6.62157
  6.40714
  6.20644
  6.02058
  5.85129
  5.69620
  5.55128
  5.41142
  5.27011
  5.13131
  5.07059
  5.01305
  4.96805
  4.91869
  4.90498
  4.88336
  4.88328
  4.89276
  4.89548
  4.89422
  4.88091
 
  9.85256
  9.39979
  8.95558
  8.53882
  8.14766
  7.78103
  7.43809
  7.11807
  6.82073
  6.54692
  6.29522
  6.06369
  5.85080
  5.65681
  5.48152
  5.32448
  5.18233
  5.04022
  4.88527
  4.80788
  4.74213
  4.70143
  4.65209
  4.63237
  4.60656
  4.60739
  4.62044
  4.62397
  4.62270
  4.60415
 
 10.48855
  9.86497
  9.27105
  8.72423
  8.22065
  7.75695
  7.33036
  6.93966
  6.58372
  6.26051
  5.96686
  5.69873
  5.45159
  5.22305
  5.01414
  4.82326
  4.64762
  4.47576
  4.29875
  4.21252
  4.13604
  4.08435
  4.02619
  4.00843
  3.99184
  3.99130
  3.99483
  3.99589
  3.99534
  3.98913
 
 10.85961
 10.10936
  9.40912
  8.77182
  8.19085
  7.66160
  7.17993
  6.74285
  6.34869
  5.99333
  5.67193
  5.37910
  5.10834
  4.85565
  4.62208
  4.40667
  4.20670
  4.01399
  3.82269
  3.73023
  3.64387
  3.58062
  3.51579
  3.50267
  3.49933
  3.49692
  3.48761
  3.48529
  3.48589
  3.49640
 
 11.31386
 10.35134
  9.49189
  8.73099
  8.05347
  7.44970
  6.91197
  6.43063
  5.99781
  5.60740
  5.25288
  4.92739
  4.62256
  4.33325
  4.06099
  3.80871
  3.57604
  3.35955
  3.15776
  3.06245
  2.96799
  2.89453
  2.82757
  2.81205
  2.80510
  2.80292
  2.79615
  2.79472
  2.79493
  2.80201
 
 11.60031
 10.49350
  9.53215
  8.69208
  7.95376
  7.30276
  6.72899
  6.21920
  5.76122
  5.34768
  4.97206
  4.62722
  4.30484
  3.99942
  3.71131
  3.44188
  3.19148
  2.95732
  2.74050
  2.63999
  2.54437
  2.47246
  2.40224
  2.38468
  2.36858
  2.36724
  2.36811
  2.36847
  2.36816
  2.36536
 
 11.80601
 10.60019
  9.57245
  8.67954
  7.90066
  7.21803
  6.61909
  6.08864
  5.61229
  5.18177
  4.79051
  4.43148
  4.09640
  3.77975
  3.48124
  3.20134
  2.94063
  2.69645
  2.46938
  2.36384
  2.26423
  2.19003
  2.11782
  2.09990
  2.08295
  2.08166
  2.08312
  2.08363
  2.08327
  2.07949
 
 11.96812
 10.69009
  9.61695
  8.68706
  7.87988
  7.17574
  6.55910
  6.01336
  5.52305
  5.07945
  4.67599
  4.30572
  3.96058
  3.63513
  3.32878
  3.04157
  2.77380
  2.52295
  2.28779
  2.17750
  2.07298
  1.99513
  1.92106
  1.90316
  1.88792
  1.88640
  1.88615
  1.88627
  1.88602
  1.88424
 
 12.21773
 10.84261
  9.71384
  8.73917
  7.89812
  7.16924
  6.53190
  5.96714
  5.45830
  4.99662
  4.57568
  4.18882
  3.82844
  3.48937
  3.17080
  2.87236
  2.59334
  2.33086
  2.08104
  1.96190
  1.84823
  1.76329
  1.68415
  1.66545
  1.65171
  1.64984
  1.64738
  1.64699
  1.64687
  1.64782
 
 12.40565
 10.97113
  9.81322
  8.81633
  7.95957
  7.21928
  6.57218
  5.99759
  5.47811
  5.00521
  4.57274
  4.17430
  3.80264
  3.45283
  3.12396
  2.81559
  2.52619
  2.25129
  1.98668
  1.85883
  1.73638
  1.64439
  1.55821
  1.53760
  1.52225
  1.52022
  1.51773
  1.51734
  1.51720
  1.51826
 
 12.70168
 11.20804
 10.03266
  9.02237
  8.15867
  7.40932
  6.75230
  6.16678
  5.63570
  5.15045
  4.70472
  4.29169
  3.90349
  3.53494
  3.18555
  2.85544
  2.54221
  2.23733
  1.93503
  1.78449
  1.63580
  1.52008
  1.41096
  1.38414
  1.36238
  1.35989
  1.35806
  1.35783
  1.35760
  1.35758
 
 12.85626
 11.36265
 10.20442
  9.20589
  8.35011
  7.60142
  6.94155
  6.35235
  5.81882
  5.33203
  4.88455
  4.46816
  4.07312
  3.69324
  3.32882
  2.98123
  2.64797
  2.31728
  1.97872
  1.80493
  1.62564
  1.48008
  1.34412
  1.31136
  1.28505
  1.28181
  1.27895
  1.27858
  1.27832
  1.27871
 
 12.95442
 11.53881
 10.46004
  9.51566
  8.68562
  7.94324
  7.27840
  6.68100
  6.14268
  5.65510
  5.20962
  4.79651
  4.40385
  4.02281
  3.65061
  3.28363
  2.91577
  2.53539
  2.12898
  1.91187
  1.68134
  1.48298
  1.27801
  1.23154
  1.20744
  1.20419
  1.19509
  1.19290
  1.19413
  1.19802
 
 13.01739
 11.62614
 10.59709
  9.69838
  8.90098
  8.18344
  7.53688
  6.95255
  6.42303
  5.94083
  5.49804
  5.08552
  4.69178
  4.30790
  3.93017
  3.55341
  3.16844
  2.75738
  2.29816
  2.04255
  1.76291
  1.51605
  1.25035
  1.18776
  1.16581
  1.16319
  1.14848
  1.14454
  1.14744
  1.15370
 
 13.04115
 11.67237
 10.68834
  9.82809
  9.05930
  8.36413
  7.73491
  7.16378
  6.64408
  6.16900
  5.73125
  5.32219
  4.93080
  4.54814
  4.16973
  3.78899
  3.39403
  2.96132
  2.46070
  2.17331
  1.85073
  1.56131
  1.24011
  1.16156
  1.13795
  1.13578
  1.11777
  1.11277
  1.11676
  1.12295
 
 13.04714
 11.69745
 10.75324
  9.92438
  9.18029
  8.50488
  7.89147
  7.33289
  6.82309
  6.35578
  5.92418
  5.52010
  5.13289
  4.75364
  4.37726
  3.99596
  3.59548
  3.14726
  2.61363
  2.29962
  1.94005
  1.61202
  1.23986
  1.14586
  1.11764
  1.11562
  1.09573
  1.09011
  1.09475
  1.09978
 
 13.02316
 11.71094
 10.83612
 10.05949
  9.35763
  8.71621
  8.13024
  7.59366
  7.10155
  6.64863
  6.22909
  5.83580
  5.45927
  5.09085
  4.72430
  4.34937
  3.94667
  3.47640
  2.88619
  2.52584
  2.10398
  1.71411
  1.27048
  1.14803
  1.07670
  1.07555
  1.07381
  1.06925
  1.05649
  1.06701
 
 13.00245
 11.71567
 10.88934
 10.14938
  9.47838
  8.86298
  8.29906
  7.78128
  7.30537
  6.86666
  6.45991
  6.07859
  5.71384
  5.35718
  5.00171
  4.63579
  4.23679
  3.75739
  3.13272
  2.73940
  2.26760
  1.82090
  1.30121
  1.15277
  1.05933
  1.05613
  1.05454
  1.04991
  1.03538
  1.04496
 
 13.03160
 11.75709
 10.98047
 10.28266
  9.65053
  9.07250
  8.54480
  8.06249
  7.62150
  7.21714
  6.84404
  6.49505
  6.16003
  5.82962
  5.49744
  5.15264
  4.77368
  4.31367
  3.68376
  3.24755
  2.66594
  2.07414
  1.37263
  1.17626
  1.05520
  1.04044
  1.01711
  1.01327
  1.01184
  1.01273
 
 12.99576
 11.74915
 11.01600
 10.35556
  9.75574
  9.20699
  8.70605
  8.24866
  7.83123
  7.44969
  7.09911
  6.77290
  6.46133
  6.15525
  5.84805
  5.52798
  5.17095
  4.72295
  4.08204
  3.62423
  2.99919
  2.33610
  1.48227
  1.22671
  1.04729
  1.02563
  1.00141
  0.99761
  0.99588
  0.99537
 
 12.90958
 11.70995
 11.04051
 10.43366
  9.87985
  9.37183
  8.90730
  8.48311
  8.09662
  7.74485
  7.42415
  7.12943
  6.85290
  6.58663
  6.32382
  6.05106
  5.73889
  5.31784
  4.66581
  4.18355
  3.51543
  2.77516
  1.71689
  1.36439
  1.04885
  1.00906
  0.98533
  0.98180
  0.97057
  0.97699
 
 12.90256
 11.71316
 11.06580
 10.47907
  9.94455
  9.45608
  9.01144
  8.60779
  8.24268
  7.91337
  7.61635
  7.34663
  7.09627
  6.85748
  6.62423
  6.38425
  6.10937
  5.73054
  5.11778
  4.64297
  3.95450
  3.14981
  1.91506
  1.48249
  1.07106
  1.01273
  0.97312
  0.96935
  0.96243
  0.96730
 
 12.89946
 11.71843
 11.08410
 10.50950
  9.98700
  9.51116
  9.07977
  8.69018
  8.34008
  8.02688
  7.74718
  7.49601
  7.26528
  7.04730
  6.83686
  6.62288
  6.37900
  6.03835
  5.46826
  5.00944
  4.31851
  3.47406
  2.10026
  1.59599
  1.09692
  1.02118
  0.96545
  0.96104
  0.95811
  0.96131
 
 12.87878
 11.72191
 11.10608
 10.54451
 10.03113
  9.56189
  9.13549
  8.75056
  8.40612
  8.10034
  7.83070
  7.59345
  7.38227
  7.18969
  7.00680
  6.81415
  6.58100
  6.25414
  5.72110
  5.29652
  4.65090
  3.81518
  2.29052
  1.69113
  1.10421
  1.02336
  0.97020
  0.96346
  0.95948
  0.95726
 
 12.88448
 11.73512
 11.12528
 10.57174
 10.06889
  9.61283
  9.20142
  8.83267
  8.50489
  8.21612
  7.96392
  7.74438
  7.55080
  7.37701
  7.21920
  7.06769
  6.89611
  6.63226
  6.14521
  5.74297
  5.12855
  4.29464
  2.61808
  1.90763
  1.15211
  1.04191
  0.96789
  0.96100
  0.95383
  0.95212
 
 12.87294
 11.74037
 11.14019
 10.59510
 10.10005
  9.65182
  9.24832
  8.88780
  8.56882
  8.28969
  8.04830
  7.84124
  7.66238
  7.50628
  7.37013
  7.24558
  7.10794
  6.88627
  6.45121
  6.07969
  5.49760
  4.67493
  2.90857
  2.10822
  1.20101
  1.06456
  0.96868
  0.95983
  0.95046
  0.94898
 
 12.83535
 11.74441
 11.16452
 10.63532
 10.15291
  9.71516
  9.32093
  8.96957
  8.66072
  8.39352
  8.16685
  7.97882
  7.82544
  7.70240
  7.60508
  7.51992
  7.42324
  7.26910
  6.95376
  6.65587
  6.13628
  5.35556
  3.52321
  2.54619
  1.32176
  1.12760
  0.97588
  0.96051
  0.94636
  0.94474
 
 12.82529
 11.75922
 11.17875
 10.65118
 10.17260
  9.74045
  9.35336
  9.01020
  8.71005
  8.45187
  8.23445
  8.05561
  7.91088
  7.79705
  7.71449
  7.65987
  7.61612
  7.52319
  7.26693
  7.00936
  6.55759
  5.83785
  3.98132
  2.92416
  1.44229
  1.19315
  0.98560
  0.96359
  0.94391
  0.94262
 
 12.72918
 11.75681
 11.19085
 10.67395
 10.20318
  9.77701
  9.39479
  9.05624
  8.76136
  8.50983
  8.30113
  8.13422
  8.00634
  7.91483
  7.85797
  7.82688
  7.80562
  7.76187
  7.61839
  7.44533
  7.09105
  6.47798
  4.69520
  3.49661
  1.67032
  1.33246
  1.00976
  0.96720
  0.94269
  0.94047
 
 12.66129
 11.75837
 11.19660
 10.68314
 10.21557
  9.79253
  9.41344
  9.07822
  8.78703
  8.53971
  8.33594
  8.17484
  8.05403
  7.97127
  7.92590
  7.91075
  7.91292
  7.90595
  7.82411
  7.69828
  7.41053
  6.87979
  5.20693
  3.96444
  1.87708
  1.45918
  1.03546
  0.97573
  0.94488
  0.93940
 
 12.61211
 11.76166
 11.20234
 10.68955
 10.22217
  9.80014
  9.42288
  9.08998
  8.80139
  8.55694
  8.35640
  8.19904
  8.08281
  8.00591
  7.96809
  7.96281
  7.97941
  7.99840
  7.96397
  7.87264
  7.62783
  7.14108
  5.58125
  4.37688
  2.06974
  1.57095
  1.06055
  0.99178
  0.94439
  0.93875
 
 12.57748
 11.76267
 11.20514
 10.69323
 10.22661
  9.80578
  9.43007
  9.09891
  8.81207
  8.56945
  8.37101
  8.21613
  8.10292
  8.02976
  7.99690
  7.99867
  8.02569
  8.06090
  8.05581
  7.99064
  7.78848
  7.35567
  5.88320
  4.69678
  2.25412
  1.68502
  1.08699
  1.00287
  0.94638
  0.93832
 
 12.53473
 11.76377
 11.20836
 10.69789
 10.23267
  9.81343
  9.43953
  9.11040
  8.82578
  8.58565
  8.39001
  8.23839
  8.12900
  8.06069
  8.03428
  8.04515
  8.08561
  8.14227
  8.17637
  8.14682
  8.00678
  7.65771
  6.33525
  5.20233
  2.59527
  1.89845
  1.13990
  1.02629
  0.95099
  0.93778
 
 12.50833
 11.76442
 11.21002
 10.70071
 10.23664
  9.81841
  9.44549
  9.11745
  8.83418
  8.59563
  8.40175
  8.25214
  8.14509
  8.07979
  8.05739
  8.07384
  8.12257
  8.19277
  8.25179
  8.24534
  8.14829
  7.86124
  6.66222
  5.58892
  2.89676
  2.09394
  1.19219
  1.05098
  0.95603
  0.93745
 
 12.46882
 11.76505
 11.21211
 10.70450
 10.24220
  9.82539
  9.45369
  9.12699
  8.84544
  8.60903
  8.41758
  8.27070
  8.16694
  8.10585
  8.08900
  8.11298
  8.17291
  8.26211
  8.35643
  8.38292
  8.35050
  8.16512
  7.19824
  6.26095
  3.52015
  2.52702
  1.31933
  1.11587
  0.96904
  0.93701
 
 12.44608
 11.76535
 11.21315
 10.70644
 10.24502
  9.82893
  9.45786
  9.13181
  8.85110
  8.61568
  8.42546
  8.28002
  8.17803
  8.11918
  8.10524
  8.13309
  8.19883
  8.29808
  8.41132
  8.45531
  8.45774
  8.33330
  7.53095
  6.70023
  4.00753
  2.89921
  1.44124
  1.18250
  0.98203
  0.93679
 
 12.42133
 11.76574
 11.21430
 10.70830
 10.24753
  9.83217
  9.46189
  9.13666
  8.85676
  8.62225
  8.43315
  8.28916
  8.18899
  8.13243
  8.12146
  8.15334
  8.22513
  8.33478
  8.46780
  8.53009
  8.56848
  8.51301
  7.92819
  7.25091
  4.73248
  3.49828
  1.66824
  1.31388
  1.00809
  0.93658
 
 12.43026
 11.77273
 11.21311
 10.70377
 10.24272
  9.82865
  9.46054
  9.13774
  8.85994
  8.62700
  8.43878
  8.29445
  8.19149
  8.12983
  8.11563
  8.15545
  8.25064
  8.37748
  8.50416
  8.56419
  8.61518
  8.60226
  8.16872
  7.58145
  5.24565
  3.97101
  1.87684
  1.44142
  1.03322
  0.93647
 
 12.42149
 11.77246
 11.21323
 10.70422
 10.24343
  9.82962
  9.46174
  9.13921
  8.86166
  8.62901
  8.44110
  8.29718
  8.19473
  8.13376
  8.12049
  8.16167
  8.25883
  8.38871
  8.52132
  8.58756
  8.65121
  8.66191
  8.31473
  7.80992
  5.63745
  4.34992
  2.08562
  1.56375
  1.05904
  0.93641
 
 12.41543
 11.77231
 11.21333
 10.70445
 10.24389
  9.83024
  9.46255
  9.14018
  8.86282
  8.63037
  8.44270
  8.29904
  8.19696
  8.13642
  8.12379
  8.16583
  8.26429
  8.39627
  8.53298
  8.60338
  8.67537
  8.70214
  8.41782
  7.97506
  5.94635
  4.66722
  2.27930
  1.68334
  1.08486
  0.93637
 
 12.38602
 11.76554
 11.21514
 10.70989
 10.24988
  9.83557
  9.46653
  9.14264
  8.86409
  8.63095
  8.44322
  8.30077
  8.20258
  8.14872
  8.14154
  8.17888
  8.25875
  8.38155
  8.54092
  8.62873
  8.71437
  8.75439
  8.55069
  8.20078
  6.40909
  5.17287
  2.62484
  1.92367
  1.13709
  0.93631
 
 12.38263
 11.76520
 11.21475
 10.71011
 10.25082
  9.83665
  9.46739
  9.14321
  8.86459
  8.63164
  8.44427
  8.30225
  8.20453
  8.15114
  8.14442
  8.18218
  8.26264
  8.38680
  8.54968
  8.64075
  8.73170
  8.78428
  8.64070
  8.34378
  6.73965
  5.56593
  2.92614
  2.13616
  1.18858
  0.93627
 
