  1.17925
  1.22341
  1.26825
  1.31391
  1.36027
  1.40715
  1.45434
  1.50158
  1.54864
  1.59524
  1.64112
  1.68617
  1.73055
  1.77427
  1.81658
  1.85649
  1.89305
  1.92624
  1.95567
  1.96871
  1.98207
  1.99434
  2.01304
  2.01968
  2.02294
  2.02281
  2.02272
  2.02273
  2.02246
  2.02340
 
  1.57546
  1.62759
  1.68000
  1.73297
  1.78632
  1.83983
  1.89323
  1.94622
  1.99850
  2.04980
  2.09988
  2.14869
  2.19661
  2.24384
  2.28965
  2.33312
  2.37330
  2.41023
  2.44331
  2.45767
  2.47119
  2.48185
  2.49606
  2.50151
  2.50770
  2.50757
  2.50479
  2.50397
  2.50433
  2.50835
 
  1.91984
  1.97902
  2.03781
  2.09668
  2.15534
  2.21349
  2.27075
  2.32675
  2.38110
  2.43351
  2.48379
  2.53200
  2.57888
  2.62497
  2.66970
  2.71231
  2.75224
  2.79027
  2.82647
  2.84273
  2.85685
  2.86639
  2.87895
  2.88386
  2.88904
  2.88892
  2.88668
  2.88602
  2.88639
  2.88961
 
  2.49407
  2.57235
  2.64566
  2.71463
  2.77891
  2.83839
  2.89339
  2.94488
  2.99435
  3.04204
  3.08795
  3.13215
  3.17534
  3.21796
  3.25942
  3.29869
  3.33498
  3.36915
  3.40181
  3.41718
  3.43220
  3.44385
  3.45570
  3.45859
  3.46000
  3.46038
  3.46146
  3.46169
  3.46166
  3.46059
 
  2.96415
  3.06181
  3.14565
  3.21793
  3.28094
  3.33759
  3.38872
  3.43527
  3.47871
  3.51958
  3.55853
  3.59582
  3.63133
  3.66503
  3.69707
  3.72838
  3.75971
  3.79002
  3.81879
  3.83323
  3.84820
  3.86044
  3.87177
  3.87305
  3.87155
  3.87238
  3.87611
  3.87715
  3.87661
  3.87201
 
  3.36503
  3.46913
  3.56018
  3.63910
  3.70546
  3.75964
  3.80316
  3.83929
  3.87244
  3.90363
  3.93309
  3.96101
  3.98804
  4.01475
  4.04078
  4.06553
  4.08868
  4.11162
  4.13619
  4.14943
  4.16385
  4.17583
  4.18591
  4.18748
  4.18295
  4.18384
  4.18973
  4.19106
  4.19072
  4.18349
 
  3.73782
  3.82208
  3.89972
  3.97213
  4.03842
  4.09771
  4.14910
  4.19181
  4.22530
  4.24945
  4.26513
  4.27436
  4.28143
  4.29040
  4.30202
  4.31704
  4.33636
  4.36094
  4.39083
  4.40574
  4.41558
  4.41889
  4.42907
  4.43297
  4.42650
  4.42690
  4.43365
  4.43530
  4.43509
  4.42665
 
  4.29287
  4.40364
  4.49689
  4.57422
  4.63484
  4.67866
  4.70675
  4.72173
  4.72749
  4.72587
  4.71907
  4.71105
  4.70862
  4.71666
  4.73163
  4.74296
  4.74258
  4.74083
  4.75004
  4.75861
  4.76808
  4.77564
  4.78178
  4.78115
  4.77687
  4.77781
  4.78317
  4.78469
  4.78385
  4.77701
 
  4.75836
  4.86937
  4.95913
  5.02988
  5.08090
  5.11237
  5.12575
  5.12432
  5.11284
  5.09355
  5.06915
  5.04440
  5.02701
  5.02246
  5.02655
  5.02689
  5.01415
  5.00081
  5.00065
  5.00455
  5.00877
  5.01172
  5.01429
  5.01396
  5.01164
  5.01212
  5.01495
  5.01576
  5.01528
  5.01169
 
  5.62151
  5.73371
  5.81058
  5.85646
  5.87205
  5.86012
  5.82598
  5.77861
  5.72907
  5.68019
  5.63305
  5.58862
  5.54797
  5.51183
  5.47932
  5.44753
  5.41466
  5.38507
  5.36411
  5.35638
  5.34655
  5.33702
  5.33207
  5.33186
  5.33630
  5.33562
  5.33074
  5.32961
  5.32994
  5.33604
 
  6.24082
  6.35951
  6.41092
  6.41031
  6.37314
  6.31696
  6.24881
  6.17575
  6.10561
  6.03794
  5.96910
  5.89804
  5.83080
  5.77183
  5.71971
  5.66934
  5.61810
  5.57508
  5.54045
  5.51876
  5.49597
  5.47917
  5.46720
  5.46602
  5.47608
  5.47459
  5.46374
  5.46080
  5.46197
  5.47552
 
  7.14962
  7.17511
  7.15562
  7.10176
  7.01652
  6.90507
  6.77549
  6.63958
  6.51029
  6.39136
  6.28294
  6.18401
  6.09339
  6.00909
  5.93064
  5.85627
  5.78419
  5.71404
  5.64567
  5.61176
  5.57589
  5.54585
  5.52119
  5.52207
  5.53284
  5.53042
  5.51542
  5.51117
  5.51356
  5.53263
 
  7.77625
  7.73937
  7.65615
  7.54063
  7.39680
  7.23080
  7.05154
  6.87147
  6.70384
  6.55222
  6.41632
  6.29392
  6.18247
  6.07874
  5.98176
  5.88914
  5.79852
  5.70950
  5.62213
  5.57886
  5.53398
  5.49721
  5.46562
  5.46412
  5.47160
  5.46919
  5.45577
  5.45201
  5.45410
  5.47090
 
  8.25404
  8.15809
  8.01647
  7.84593
  7.65112
  7.43877
  7.21814
  7.00166
  6.80273
  6.62442
  6.46601
  6.32431
  6.19559
  6.07591
  5.96380
  5.85645
  5.75116
  5.64765
  5.54647
  5.49709
  5.44732
  5.40778
  5.37179
  5.36673
  5.36745
  5.36559
  5.35746
  5.35525
  5.35643
  5.36618
 
  8.60249
  8.52291
  8.33836
  8.09055
  7.81475
  7.54503
  7.29053
  7.05669
  6.84900
  6.66394
  6.49271
  6.32913
  6.17656
  6.03742
  5.90973
  5.78909
  5.67165
  5.55786
  5.44832
  5.39504
  5.34274
  5.30253
  5.26331
  5.25380
  5.24688
  5.24582
  5.24444
  5.24416
  5.24417
  5.24496
 
  9.16798
  9.01818
  8.74315
  8.39987
  8.03766
  7.70103
  7.39561
  7.11929
  6.87036
  6.64627
  6.44125
  6.25042
  6.07260
  5.90808
  5.75586
  5.61510
  5.48281
  5.34958
  5.21761
  5.16103
  5.10812
  5.06696
  5.02079
  5.00781
  4.98631
  4.98636
  4.99635
  4.99918
  4.99789
  4.98405
 
  9.73941
  9.31632
  8.89900
  8.50580
  8.13521
  7.78641
  7.45879
  7.15182
  6.86541
  6.60057
  6.35617
  6.13074
  5.92322
  5.73423
  5.56373
  5.41150
  5.27442
  5.13818
  4.99030
  4.91677
  4.85465
  4.81655
  4.76984
  4.75044
  4.72398
  4.72497
  4.73900
  4.74279
  4.74145
  4.72174
 
 10.40162
  9.81571
  9.25405
  8.73422
  8.25302
  7.80774
  7.39608
  7.01714
  6.67021
  6.35365
  6.06486
  5.80049
  5.55684
  5.33213
  5.12746
  4.94133
  4.77087
  4.60378
  4.43022
  4.34526
  4.27012
  4.21968
  4.16245
  4.14450
  4.12711
  4.12667
  4.13090
  4.13214
  4.13158
  4.12441
 
 10.77734
 10.06948
  9.40485
  8.79715
  8.24066
  7.73149
  7.26602
  6.84178
  6.45732
  6.10901
  5.79245
  5.50272
  5.23374
  4.98183
  4.74831
  4.53268
  4.33349
  4.14509
  3.96319
  3.87510
  3.78750
  3.71846
  3.65457
  3.64458
  3.63835
  3.63526
  3.62669
  3.62447
  3.62545
  3.63560
 
 11.24465
 10.33222
  9.51070
  8.77865
  8.12275
  7.53473
  7.00782
  6.53350
  6.10476
  5.71649
  5.36334
  5.03982
  4.73939
  4.45745
  4.19344
  3.94628
  3.71338
  3.49501
  3.29327
  3.19861
  3.10431
  3.02968
  2.95986
  2.94520
  2.93719
  2.93490
  2.92818
  2.92643
  2.92715
  2.93405
 
 11.54568
 10.48446
  9.55490
  8.73798
  8.01637
  7.37739
  6.81223
  6.30914
  5.85721
  5.44939
  5.07907
  4.73902
  4.42046
  4.11772
  3.83152
  3.56393
  3.31559
  3.08326
  2.86729
  2.76667
  2.67034
  2.59718
  2.52499
  2.50681
  2.49005
  2.48866
  2.48962
  2.49001
  2.48968
  2.48667
 
 11.75485
 10.59039
  9.59052
  8.71823
  7.95456
  7.28332
  6.69298
  6.16954
  5.69969
  5.27530
  4.88963
  4.53534
  4.20357
  3.88860
  3.59092
  3.31229
  3.05399
  2.81220
  2.58631
  2.48076
  2.38045
  2.30504
  2.23098
  2.21248
  2.19493
  2.19358
  2.19510
  2.19563
  2.19526
  2.19151
 
 11.91373
 10.67599
  9.62904
  8.71887
  7.92635
  7.23330
  6.62519
  6.08648
  5.60262
  5.16504
  4.76699
  4.40125
  4.05924
  3.73537
  3.42982
  3.14384
  2.87839
  2.62987
  2.39615
  2.28604
  2.18097
  2.10198
  2.02625
  2.00784
  1.99220
  1.99062
  1.99029
  1.99039
  1.99014
  1.98869
 
 12.14831
 10.81767
  9.71633
  8.76204
  7.93567
  7.21736
  6.58783
  6.02925
  5.52590
  5.06925
  4.65285
  4.26991
  3.91258
  3.57564
  3.25863
  2.96185
  2.68487
  2.42444
  2.17642
  2.05792
  1.94423
  1.85860
  1.77806
  1.75891
  1.74492
  1.74298
  1.74035
  1.73993
  1.73981
  1.74105
 
 12.31866
 10.93636
  9.80949
  8.83476
  7.99304
  7.26268
  6.62220
  6.05243
  5.53710
  5.06804
  4.63914
  4.24403
  3.87543
  3.52835
  3.20193
  2.89574
  2.60836
  2.33546
  2.07296
  1.94615
  1.82431
  1.73223
  1.64478
  1.62368
  1.60794
  1.60587
  1.60334
  1.60295
  1.60281
  1.60362
 
 12.59051
 11.15570
 10.01341
  9.02603
  8.17688
  7.43665
  6.78523
  6.20350
  5.67567
  5.19356
  4.75096
  4.34115
  3.95635
  3.59135
  3.24546
  2.91841
  2.60778
  2.30564
  2.00654
  1.85764
  1.71026
  1.59501
  1.48492
  1.45765
  1.43549
  1.43297
  1.43117
  1.43096
  1.43072
  1.43030
 
 12.74293
 11.29840
 10.16609
  9.18646
  8.34363
  7.60449
  6.95184
  6.36851
  5.84022
  5.35830
  4.91541
  4.50341
  4.11256
  3.73663
  3.37591
  3.03167
  2.70162
  2.37466
  2.04047
  1.86864
  1.69051
  1.54513
  1.40886
  1.37594
  1.34955
  1.34626
  1.34327
  1.34287
  1.34261
  1.34361
 
 12.89537
 11.45136
 10.35467
  9.41277
  8.59917
  7.88235
  7.24608
  6.67403
  6.15233
  5.67322
  5.23045
  4.81695
  4.42405
  4.04501
  3.67669
  3.31473
  2.95263
  2.57925
  2.18005
  1.96467
  1.73192
  1.53014
  1.32973
  1.28746
  1.26155
  1.25744
  1.24876
  1.24682
  1.24768
  1.25357
 
 12.88278
 11.52005
 10.49926
  9.60795
  8.81846
  8.11018
  7.47401
  6.90099
  6.38345
  5.91362
  5.48323
  5.08259
  4.69940
  4.32419
  3.95332
  3.58178
  3.20068
  2.79278
  2.33645
  2.08225
  1.80408
  1.55877
  1.29641
  1.23527
  1.21348
  1.21087
  1.19664
  1.19281
  1.19557
  1.20402
 
 12.89320
 11.55105
 10.57201
  9.71689
  8.95501
  8.26897
  7.65069
  7.09205
  6.58597
  6.12527
  5.70211
  5.30714
  4.92824
  4.55570
  4.18513
  3.81013
  3.41915
  2.98950
  2.49175
  2.20598
  1.88542
  1.59826
  1.28190
  1.20535
  1.18215
  1.18006
  1.16269
  1.15785
  1.16166
  1.17013
 
 12.88737
 11.56423
 10.62334
  9.79863
  9.06097
  8.39462
  7.79248
  7.24699
  6.75170
  6.29985
  5.88405
  5.49531
  5.12174
  4.75352
  4.38565
  4.01053
  3.61429
  3.16929
  2.63887
  2.32682
  1.96992
  1.64493
  1.27879
  1.18717
  1.15973
  1.15784
  1.13862
  1.13316
  1.13762
  1.14492
 
 12.84580
 11.56163
 10.68858
  9.91517
  9.21930
  8.58685
  8.01235
  7.48936
  7.01248
  6.57593
  6.17326
  5.79640
  5.43449
  5.07789
  4.72042
  4.35206
  3.95396
  3.48766
  2.90225
  2.54515
  2.12776
  1.74243
  1.30541
  1.18556
  1.11662
  1.11576
  1.11421
  1.10975
  1.09753
  1.10969
 
 12.81186
 11.55590
 10.73125
  9.99481
  9.32988
  8.72340
  8.17084
  7.66650
  7.20569
  6.78323
  6.39328
  6.02841
  5.67838
  5.33374
  4.98766
  4.62871
  4.23485
  3.76015
  3.14154
  2.75242
  2.28637
  1.84559
  1.33390
  1.18839
  1.09789
  1.09515
  1.09383
  1.08925
  1.07509
  1.08621
 
 12.75137
 11.54376
 10.79344
 10.11739
  9.50367
  8.94170
  8.42805
  7.95821
  7.52845
  7.13455
  6.77161
  6.43319
  6.11002
  5.79310
  5.47496
  5.14242
  4.76885
  4.29655
  3.63921
  3.20139
  2.65113
  2.10439
  1.42889
  1.22458
  1.07670
  1.06640
  1.06264
  1.05829
  1.04239
  1.05200
 
 12.78436
 11.57569
 10.84513
 10.18873
  9.59498
  9.05440
  8.56344
  8.11761
  7.71304
  7.34526
  7.00888
  6.69654
  6.39729
  6.10113
  5.80155
  5.48736
  5.13576
  4.69600
  4.06899
  3.61954
  3.00232
  2.34680
  1.50795
  1.25780
  1.08394
  1.06290
  1.03869
  1.03498
  1.03283
  1.03356
 
 12.68606
 11.53300
 10.87060
 10.27074
  9.72423
  9.22428
  8.76837
  8.35334
  7.97647
  7.63463
  7.32403
  7.03926
  6.77204
  6.51414
  6.25884
  5.99302
  5.68792
  5.27563
  4.63657
  4.16350
  3.50759
  2.78039
  1.73987
  1.39237
  1.08346
  1.04521
  1.02267
  1.01888
  1.00652
  1.01404
 
 12.67335
 11.53469
 10.89657
 10.31821
  9.79190
  9.31158
  8.87505
  8.47948
  8.12245
  7.80113
  7.51202
  7.25001
  7.00697
  6.77500
  6.54821
  6.31465
  6.04678
  5.67706
  5.07798
  4.61303
  3.93783
  3.14795
  1.93463
  1.50840
  1.10488
  1.04831
  1.01016
  1.00613
  0.99783
  1.00375
 
 12.66627
 11.53847
 10.91509
 10.35000
  9.83627
  9.36875
  8.94520
  8.56306
  8.22006
  7.91359
  7.64032
  7.39529
  7.17046
  6.95819
  6.75339
  6.54534
  6.30826
  5.97665
  5.42026
  4.97146
  4.29436
  3.46587
  2.11659
  1.62011
  1.13011
  1.05626
  1.00220
  0.99756
  0.99316
  0.99740
 
 12.64391
 11.54027
 10.93545
 10.38360
  9.87936
  9.41880
  9.00072
  8.62384
  8.28725
  7.98895
  7.72620
  7.49482
  7.28779
  7.09734
  6.91530
  6.72399
  6.49545
  6.18094
  5.67196
  5.26216
  4.62808
  3.79636
  2.29214
  1.71627
  1.14074
  1.05792
  1.00492
  1.00109
  0.99273
  0.99311
 
 12.64691
 11.55252
 10.95506
 10.41230
  9.91903
  9.47149
  9.06770
  8.70572
  8.38390
  8.10041
  7.85282
  7.63737
  7.44758
  7.27741
  7.12325
  6.97578
  6.80938
  6.55353
  6.08039
  5.68910
  5.09030
  4.27410
  2.62347
  1.92420
  1.18446
  1.07653
  1.00363
  0.99643
  0.98921
  0.98769
 
 12.63401
 11.55622
 10.96867
 10.43468
  9.94930
  9.50955
  9.11351
  8.75945
  8.44606
  8.17170
  7.93442
  7.73090
  7.55532
  7.40248
  7.26970
  7.14893
  7.01603
  6.80128
  6.37821
  6.01687
  5.45084
  4.64748
  2.90957
  2.12188
  1.23201
  1.09818
  1.00422
  0.99516
  0.98572
  0.98440
 
 12.59507
 11.55873
 10.99197
 10.47348
 10.00004
  9.56972
  9.18174
  8.83576
  8.53183
  8.26916
  8.04668
  7.86250
  7.71272
  7.59310
  7.49909
  7.41727
  7.32422
  7.17462
  6.86723
  6.57739
  6.07309
  5.31403
  3.51672
  2.55314
  1.34950
  1.15914
  1.01120
  0.99564
  0.98149
  0.98001
 
 12.59056
 11.57319
 11.00359
 10.48561
 10.01557
  9.59113
  9.21093
  8.87379
  8.57896
  8.32541
  8.11198
  7.93661
  7.79504
  7.68415
  7.60443
  7.55255
  7.51168
  7.42224
  7.17237
  6.92191
  6.48461
  5.78564
  3.96597
  2.92661
  1.46756
  1.22264
  1.02049
  0.99891
  0.97892
  0.97782
 
 12.52333
 11.58074
 11.01679
 10.50387
 10.03890
  9.61974
  9.24518
  8.91425
  8.62631
  8.38060
  8.17630
  8.01174
  7.88326
  7.78860
  7.72990
  7.70658
  7.70670
  7.67970
  7.52783
  7.34568
  6.99449
  6.39155
  4.65806
  3.51717
  1.68867
  1.35135
  1.04338
  1.00680
  0.97761
  0.97558
 
 12.44480
 11.57704
 11.02358
 10.51705
 10.05582
  9.63900
  9.26599
  8.93651
  8.65058
  8.40788
  8.20793
  8.04985
  7.93159
  7.85126
  7.80798
  7.79418
  7.79764
  7.79638
  7.72595
  7.60337
  7.31157
  6.77351
  5.16140
  3.97613
  1.89217
  1.47607
  1.06833
  1.01662
  0.97752
  0.97443
 
 12.40122
 11.57816
 11.02659
 10.52210
 10.06267
  9.64765
  9.27656
  8.94930
  8.66610
  8.42640
  8.22918
  8.07355
  7.95847
  7.88308
  7.84718
  7.84424
  7.86391
  7.88782
  7.85205
  7.75467
  7.51940
  7.07787
  5.56331
  4.30624
  2.08185
  1.60645
  1.09445
  1.01814
  0.98486
  0.97374
 
 12.37002
 11.57898
 11.02906
 10.52573
 10.06743
  9.65360
  9.28381
  8.95797
  8.67628
  8.43827
  8.24302
  8.08975
  7.97758
  7.90597
  7.87497
  7.87852
  7.90744
  7.94711
  7.94277
  7.87225
  7.67490
  7.28041
  5.86280
  4.62568
  2.25934
  1.71670
  1.12070
  1.02971
  0.98781
  0.97328
 
 12.32906
 11.57981
 11.03255
 10.53073
 10.07362
  9.66127
  9.29314
  8.96895
  8.68870
  8.45240
  8.26000
  8.11104
  8.00364
  7.93676
  7.91123
  7.92262
  7.96368
  8.02145
  8.05886
  8.03276
  7.89727
  7.55588
  6.26847
  5.16279
  2.60001
  1.91623
  1.17150
  1.06043
  0.98554
  0.97270
 
 12.30324
 11.58007
 11.03440
 10.53352
 10.07719
  9.66570
  9.29856
  8.97552
  8.69665
  8.46191
  8.27120
  8.12410
  8.01895
  7.95494
  7.93327
  7.95001
  7.99898
  8.06969
  8.13117
  8.12771
  8.03501
  7.75532
  6.58809
  5.54075
  2.89658
  2.10911
  1.22265
  1.08432
  0.99058
  0.97236
 
 12.26461
 11.58043
 11.03657
 10.53706
 10.08190
  9.67163
  9.30584
  8.98437
  8.70735
  8.47473
  8.28633
  8.14175
  8.03967
  7.97969
  7.96338
  7.98738
  8.04700
  8.13581
  8.23094
  8.25940
  8.23127
  8.05345
  7.11160
  6.19689
  3.51018
  2.53595
  1.34708
  1.14720
  1.00368
  0.97190
 
 12.24384
 11.58075
 11.03750
 10.53869
 10.08434
  9.67476
  9.30967
  8.98892
  8.71273
  8.48107
  8.29381
  8.15060
  8.05021
  7.99234
  7.97878
  8.00650
  8.07167
  8.17016
  8.28325
  8.32835
  8.33491
  8.21777
  7.43512
  6.62536
  3.99018
  2.90202
  1.46651
  1.21198
  1.01676
  0.97167
 
 12.22248
 11.58125
 11.03843
 10.54031
 10.08681
  9.67804
  9.31365
  8.99358
  8.71809
  8.48725
  8.30106
  8.15928
  8.06066
  8.00495
  7.99416
  8.02567
  8.09659
  8.20520
  8.33712
  8.39942
  8.44097
  8.39155
  7.82085
  7.16259
  4.70382
  3.49089
  1.68910
  1.34018
  1.04278
  0.97145
 
 12.21152
 11.58144
 11.03865
 10.54098
 10.08783
  9.67935
  9.31525
  8.99565
  8.72095
  8.49103
  8.30552
  8.16406
  8.06596
  8.01133
  8.00179
  8.03370
  8.10483
  8.22056
  8.37795
  8.45442
  8.48165
  8.41225
  8.08002
  7.65286
  5.13240
  3.85606
  1.90438
  1.49789
  1.06481
  0.97133
 
 12.22454
 11.58828
 11.03786
 10.53672
 10.08315
  9.67577
  9.31361
  8.99606
  8.72277
  8.49368
  8.30863
  8.16686
  8.06593
  8.00585
  7.99274
  8.03329
  8.12903
  8.25707
  8.38810
  8.45403
  8.51844
  8.53200
  8.19883
  7.71017
  5.59162
  4.32640
  2.09861
  1.58539
  1.09287
  0.97126
 
 12.21897
 11.58813
 11.03796
 10.53705
 10.08366
  9.67643
  9.31444
  8.99702
  8.72391
  8.49498
  8.31013
  8.16860
  8.06798
  8.00832
  7.99581
  8.03722
  8.13423
  8.26428
  8.39913
  8.46890
  8.54100
  8.56994
  8.29947
  7.87205
  5.89366
  4.63704
  2.28832
  1.70331
  1.11806
  0.97121
 
 12.19081
 11.58147
 11.03967
 10.54228
 10.08953
  9.68164
  9.31828
  8.99933
  8.72503
  8.49541
  8.31052
  8.17020
  8.07344
  8.02033
  8.01320
  8.04988
  8.12844
  8.24928
  8.40669
  8.49383
  8.57814
  8.61897
  8.42982
  8.08989
  6.34468
  5.13201
  2.62737
  1.93865
  1.16897
  0.97116
 
 12.18750
 11.58173
 11.03977
 10.54240
 10.08970
  9.68185
  9.31853
  8.99967
  8.72551
  8.49612
  8.31154
  8.17161
  8.07528
  8.02260
  8.01589
  8.05298
  8.13212
  8.25455
  8.41501
  8.50476
  8.59647
  8.65094
  8.51090
  8.22629
  6.66644
  5.51607
  2.92354
  2.14773
  1.21902
  0.97114
 
