  5.66971
  5.75923
  5.81961
  5.85588
  5.87147
  5.87069
  5.85583
  5.82996
  5.79705
  5.75799
  5.71313
  5.66312
  5.60984
  5.55551
  5.50188
  5.45243
  5.41061
  5.37703
  5.34986
  5.33673
  5.32284
  5.31107
  5.29913
  5.29605
  5.29356
  5.29325
  5.29303
  5.29298
  5.29295
  5.29296
 
  6.34370
  6.42204
  6.46840
  6.48731
  6.47920
  6.44579
  6.39065
  6.31983
  6.24094
  6.15630
  6.06736
  5.97627
  5.88624
  5.80037
  5.71927
  5.64303
  5.57195
  5.50692
  5.44929
  5.42269
  5.39372
  5.36943
  5.35196
  5.34792
  5.34411
  5.34363
  5.34326
  5.34319
  5.34322
  5.34314
 
  6.81394
  6.90284
  6.93219
  6.91528
  6.86348
  6.78959
  6.69843
  6.59481
  6.48449
  6.36917
  6.24980
  6.12875
  6.00967
  5.89627
  5.78928
  5.68885
  5.59574
  5.51218
  5.43757
  5.40147
  5.36629
  5.34022
  5.31762
  5.31208
  5.30760
  5.30702
  5.30656
  5.30650
  5.30647
  5.30642
 
  7.48409
  7.55675
  7.54533
  7.47161
  7.35477
  7.21526
  7.06034
  6.89630
  6.73034
  6.56433
  6.39887
  6.23611
  6.07809
  5.92737
  5.78452
  5.64954
  5.52306
  5.40742
  5.30660
  5.26301
  5.22300
  5.19411
  5.16571
  5.15895
  5.15364
  5.15292
  5.15238
  5.15232
  5.15228
  5.15226
 
  7.95842
  8.01038
  7.95851
  7.83281
  7.65938
  7.46523
  7.25933
  7.04877
  6.84137
  6.63862
  6.44043
  6.24823
  6.06277
  5.88558
  5.71707
  5.55706
  5.40601
  5.26637
  5.14499
  5.09470
  5.05024
  5.01923
  4.98789
  4.98066
  4.97508
  4.97433
  4.97379
  4.97371
  4.97365
  4.97365
 
  8.32519
  8.35496
  8.26478
  8.09239
  7.86993
  7.62992
  7.38247
  7.13498
  6.89527
  6.66424
  6.44104
  6.22626
  6.01986
  5.82255
  5.63452
  5.45525
  5.28500
  5.12621
  4.98726
  4.93003
  4.88037
  4.84684
  4.81363
  4.80622
  4.80058
  4.79982
  4.79927
  4.79921
  4.79915
  4.79916
 
  8.62404
  8.63131
  8.50520
  8.29073
  8.02541
  7.74626
  7.46426
  7.18661
  6.92083
  6.66714
  6.42392
  6.19092
  5.96771
  5.75437
  5.55082
  5.35614
  5.17021
  4.99556
  4.84106
  4.77673
  4.72130
  4.68478
  4.65020
  4.64271
  4.63709
  4.63633
  4.63580
  4.63574
  4.63568
  4.63568
 
  9.09430
  9.05720
  8.86581
  8.57837
  8.24122
  7.89860
  7.56207
  7.23792
  6.93233
  6.64414
  6.37025
  6.10889
  5.85980
  5.62214
  5.39522
  5.17707
  4.96672
  4.76681
  4.58551
  4.50703
  4.43927
  4.39602
  4.35932
  4.35176
  4.34619
  4.34547
  4.34495
  4.34490
  4.34484
  4.34484
 
  9.45722
  9.37736
  9.12807
  8.77911
  8.38379
  7.99150
  7.61355
  7.25490
  6.92009
  6.60634
  6.30970
  6.02705
  5.75870
  5.50316
  5.25915
  5.02366
  4.79490
  4.57561
  4.37210
  4.28051
  4.20070
  4.15038
  4.11133
  4.10357
  4.09790
  4.09720
  4.09668
  4.09661
  4.09657
  4.09655
 
 10.10666
  9.92778
  9.55739
  9.08855
  8.58550
  8.10511
  7.65630
  7.23998
  6.85678
  6.49983
  6.16538
  5.84679
  5.54635
  5.26098
  4.98833
  4.72363
  4.46369
  4.21103
  3.96653
  3.84859
  3.74316
  3.67599
  3.62860
  3.61926
  3.61246
  3.61167
  3.61106
  3.61095
  3.61092
  3.61088
 
 10.55547
 10.28742
  9.81931
  9.26156
  8.68355
  8.14449
  7.65058
  7.19850
  6.78430
  6.40051
  6.04239
  5.70143
  5.38091
  5.07666
  4.78549
  4.50199
  4.22230
  3.94830
  3.67585
  3.53886
  3.41382
  3.33215
  3.27457
  3.26288
  3.25423
  3.25324
  3.25248
  3.25235
  3.25232
  3.25228
 
 11.15957
 10.73562
 10.11504
  9.43104
  8.75410
  8.14085
  7.59187
  7.09774
  6.64470
  6.22871
  5.84253
  5.47551
  5.13096
  4.80420
  4.49036
  4.18404
  3.88104
  3.58128
  3.27378
  3.11266
  2.96123
  2.85734
  2.77907
  2.76213
  2.74926
  2.74776
  2.74662
  2.74642
  2.74635
  2.74633
 
 11.73771
 10.94314
 10.14344
  9.41282
  8.74089
  8.12089
  7.54852
  7.02068
  6.52997
  6.07849
  5.66665
  5.28313
  4.92606
  4.58936
  4.26697
  3.95575
  3.64920
  3.33249
  2.99424
  2.82123
  2.65680
  2.53711
  2.43603
  2.42058
  2.40135
  2.39832
  2.39723
  2.39704
  2.39714
  2.39693
 
 11.99857
 11.11404
 10.23429
  9.44030
  8.71765
  8.05801
  7.45498
  6.90279
  6.39557
  5.93307
  5.51525
  5.12739
  4.76533
  4.42488
  4.09724
  3.77897
  3.46342
  3.13598
  2.78527
  2.60491
  2.43144
  2.30187
  2.18538
  2.16413
  2.14174
  2.13848
  2.13689
  2.13666
  2.13662
  2.13646
 
 12.19004
 11.22965
 10.28434
  9.43965
  8.67697
  7.98687
  7.36105
  6.79046
  6.27120
  5.80266
  5.38164
  4.99196
  4.62722
  4.28499
  3.95474
  3.63250
  3.31157
  2.97771
  2.61978
  2.43506
  2.25582
  2.11921
  1.99005
  1.96357
  1.93856
  1.93515
  1.93310
  1.93283
  1.93267
  1.93254
 
 12.45485
 11.35972
 10.30809
  9.38663
  8.56805
  7.83858
  7.18637
  6.59737
  6.06634
  5.59571
  5.17341
  4.78186
  4.41015
  4.05786
  3.71657
  3.38379
  3.05621
  2.72189
  2.36916
  2.18496
  1.99727
  1.84622
  1.70050
  1.66471
  1.63603
  1.63258
  1.62967
  1.62931
  1.62901
  1.62893
 
 12.69089
 11.45046
 10.29832
  9.31123
  8.45187
  7.69771
  7.03072
  6.43414
  5.89697
  5.42271
  4.99617
  4.59997
  4.22326
  3.86683
  3.52555
  3.19336
  2.86672
  2.53373
  2.18219
  1.99754
  1.80684
  1.64951
  1.49043
  1.45038
  1.41832
  1.41443
  1.41113
  1.41074
  1.41038
  1.41029
 
 13.13356
 11.59055
 10.24979
  9.14259
  8.21169
  7.41543
  6.72129
  6.11107
  5.57115
  5.09146
  4.65801
  4.25453
  3.87068
  3.50622
  3.16634
  2.84008
  2.52186
  2.19986
  1.86058
  1.68007
  1.48795
  1.32289
  1.14737
  1.10159
  1.06481
  1.06032
  1.05653
  1.05608
  1.05565
  1.05558
 
 13.49116
 11.69542
 10.21704
  9.02484
  8.03947
  7.21203
  6.50260
  5.88347
  5.34133
  4.85929
  4.42083
  4.01251
  3.62460
  3.25577
  2.91419
  2.59473
  2.28600
  1.97638
  1.65143
  1.47702
  1.28740
  1.12075
  0.93997
  0.89194
  0.85323
  0.84850
  0.84453
  0.84405
  0.84360
  0.84356
 
 14.13367
 11.88420
 10.22075
  8.93671
  7.89067
  7.01189
  6.27284
  5.63610
  5.07937
  4.58597
  4.13619
  3.71804
  3.32583
  2.95754
  2.61565
  2.30218
  2.00161
  1.70482
  1.40033
  1.23669
  1.05655
  0.89479
  0.71134
  0.66175
  0.62183
  0.61660
  0.61275
  0.61227
  0.61189
  0.61176
 
 14.72696
 12.12535
 10.32829
  8.96251
  7.86684
  6.94923
  6.18808
  5.54080
  4.97134
  4.46302
  4.00259
  3.57924
  3.18419
  2.81259
  2.46513
  2.14535
  1.84923
  1.55726
  1.26255
  1.10830
  0.93534
  0.77600
  0.59176
  0.54228
  0.50179
  0.49645
  0.49248
  0.49195
  0.49158
  0.49145
 
 15.26876
 12.38216
 10.48895
  9.05437
  7.91823
  6.97135
  6.18812
  5.52626
  4.94489
  4.42434
  3.95324
  3.52184
  3.12079
  2.74432
  2.39157
  2.06428
  1.76492
  1.47511
  1.18503
  1.03453
  0.86451
  0.70616
  0.52078
  0.47083
  0.42984
  0.42443
  0.42039
  0.41985
  0.41948
  0.41932
 
 15.71508
 12.70008
 10.73024
  9.18839
  7.97226
  6.99320
  6.20275
  5.54393
  4.96441
  4.44125
  3.96330
  3.52226
  3.11065
  2.72380
  2.36096
  2.02372
  1.71716
  1.43200
  1.14466
  0.99173
  0.82126
  0.66384
  0.47624
  0.42480
  0.38330
  0.37808
  0.37379
  0.37328
  0.37279
  0.37268
 
 16.55174
 13.17193
 11.09013
  9.45237
  8.17468
  7.16908
  6.35810
  5.67787
  5.07697
  4.53394
  4.03813
  3.58146
  3.15662
  2.75827
  2.38369
  2.03156
  1.70472
  1.40831
  1.11685
  0.96153
  0.78705
  0.62434
  0.42835
  0.37436
  0.33063
  0.32509
  0.32057
  0.32003
  0.31953
  0.31941
 
 17.23419
 13.57787
 11.41439
  9.71371
  8.39986
  7.37535
  6.54959
  5.85286
  5.23482
  4.67583
  4.16584
  3.69640
  3.25986
  2.85022
  2.46351
  2.09629
  1.74941
  1.43204
  1.13099
  0.97014
  0.78815
  0.61695
  0.40876
  0.35121
  0.30448
  0.29852
  0.29372
  0.29313
  0.29260
  0.29251
 
 18.52805
 14.29442
 12.00925
 10.28061
  8.99693
  7.95448
  7.08452
  6.33301
  5.66633
  5.06810
  4.52786
  4.03519
  3.57856
  3.14866
  2.73884
  2.34142
  1.95245
  1.57654
  1.22933
  1.05329
  0.84626
  0.64527
  0.40109
  0.33427
  0.27906
  0.27179
  0.26642
  0.26570
  0.26519
  0.26505
 
 19.33754
 14.85605
 12.53026
 10.78348
  9.50382
  8.44221
  7.54546
  6.76659
  6.07725
  5.45925
  4.89912
  4.38538
  3.90809
  3.45814
  3.02693
  2.60364
  2.18253
  1.76914
  1.36791
  1.16338
  0.92404
  0.69347
  0.41400
  0.33726
  0.27273
  0.26405
  0.25789
  0.25723
  0.25650
  0.25628
 
 20.28712
 15.63392
 13.33355
 11.60575
 10.29965
  9.21529
  8.30047
  7.50326
  6.78964
  6.14253
  5.55132
  5.00588
  4.49597
  4.01267
  3.54894
  3.09594
  2.64261
  2.17343
  1.66790
  1.39253
  1.08662
  0.79731
  0.45656
  0.36006
  0.27498
  0.26277
  0.25300
  0.25193
  0.25118
  0.25027
 
 20.90337
 16.07014
 13.84079
 12.19824
 10.91449
  9.83223
  8.90571
  8.09001
  7.35545
  6.68683
  6.07455
  5.50935
  4.98167
  4.48249
  4.00314
  3.53189
  3.05238
  2.53858
  1.95441
  1.61993
  1.24726
  0.90536
  0.50253
  0.38720
  0.28404
  0.26735
  0.25117
  0.24929
  0.24986
  0.24753
 
 21.14636
 16.31961
 14.25507
 12.71193
 11.44908
 10.35080
  9.39018
  8.53893
  7.78082
  7.10086
  6.48592
  5.92259
  5.39597
  4.89338
  4.40582
  3.92094
  3.41856
  2.86173
  2.20438
  1.82183
  1.39399
  1.01632
  0.55394
  0.41553
  0.29396
  0.27301
  0.25024
  0.24734
  0.24879
  0.24561
 
 21.44920
 16.50160
 14.52752
 13.03885
 11.80566
 10.72383
  9.77159
  8.92268
  8.16254
  7.47748
  6.85547
  6.28413
  5.74964
  5.23965
  4.74445
  4.25017
  3.73347
  3.15043
  2.44392
  2.02243
  1.54109
  1.11543
  0.60189
  0.44654
  0.30476
  0.27879
  0.24964
  0.24585
  0.24764
  0.24410
 
 21.84436
 16.72629
 14.91970
 13.51280
 12.33283
 11.28421
 10.35273
  9.51521
  8.75981
  8.07454
  7.44894
  6.87198
  6.33121
  5.81476
  5.31200
  4.80693
  4.27155
  3.65127
  2.87081
  2.38858
  1.81965
  1.30167
  0.69529
  0.50753
  0.32606
  0.29047
  0.24934
  0.24375
  0.24567
  0.24186
 
 22.08244
 16.86151
 15.18435
 13.84074
 12.70518
 11.68753
 10.77773
  9.95516
  9.20980
  8.53090
  7.90901
  7.33393
  6.79393
  6.27746
  5.77325
  5.26397
  4.71845
  4.07444
  3.24235
  2.71537
  2.07876
  1.47766
  0.78401
  0.56561
  0.34622
  0.30179
  0.24989
  0.24256
  0.24401
  0.24027
 
 22.37747
 17.04840
 15.56354
 14.33807
 13.28463
 12.33055
 11.46960
 10.68558
  9.97091
  9.31693
  8.71562
  8.15781
  7.63241
  7.12784
  6.63228
  6.12658
  5.57518
  4.90456
  3.99999
  3.40243
  2.64926
  1.89652
  0.98451
  0.69626
  0.39110
  0.32777
  0.25342
  0.24207
  0.24079
  0.23785
 
 22.51248
 17.13589
 15.76105
 14.61482
 13.61818
 12.71150
 11.88983
 11.13969
 10.45462
  9.82708
  9.24974
  8.71382
  8.20816
  7.72100
  7.24040
  6.74666
  6.20224
  5.52804
  4.59338
  3.95796
  3.13265
  2.27165
  1.16131
  0.81111
  0.43020
  0.35107
  0.25837
  0.24343
  0.23856
  0.23647
 
 22.64140
 17.20096
 15.96042
 14.91093
 13.98776
 13.14605
 12.38165
 11.68390
 11.04730
 10.46534
  9.93121
  9.43639
  8.96912
  8.51731
  8.06950
  7.60606
  7.08841
  6.43280
  5.49016
  4.82299
  3.91836
  2.91457
  1.46719
  1.01072
  0.49795
  0.39242
  0.26964
  0.24847
  0.23600
  0.23495
 
 22.67867
 17.21980
 16.05946
 15.06727
 14.18959
 13.39000
 12.66447
 12.00384
 11.40304
 10.85602
 10.35629
  9.89523
  9.46062
  9.04010
  8.62287
  8.18992
  7.70301
  7.07726
  6.15376
  5.48062
  4.53890
  3.44733
  1.74901
  1.18381
  0.55696
  0.42916
  0.28131
  0.25473
  0.23492
  0.23413
 
 22.65166
 17.22713
 16.12897
 15.17903
 14.33264
 13.55945
 12.85640
 12.21672
 11.63651
 11.11098
 10.63456
 10.19999
  9.79663
  9.41243
  9.03350
  8.63389
  8.17167
  7.57147
  6.67740
  6.01063
  5.05013
  3.89722
  2.01241
  1.34009
  0.61047
  0.46269
  0.29274
  0.26136
  0.23462
  0.23362
 
 22.61229
 17.22961
 16.16792
 15.24524
 14.42192
 13.67118
 12.99000
 12.37167
 11.81254
 11.30794
 10.85275
 10.44000
 10.05936
  9.69901
  9.34521
  8.97186
  8.53658
  7.96327
  7.09438
  6.43843
  5.48238
  4.30322
  2.26074
  1.48008
  0.66014
  0.49585
  0.30398
  0.26689
  0.23502
  0.23327
 
 22.50931
 17.23212
 16.22064
 15.33590
 14.54436
 13.82464
 13.17353
 12.58530
 12.05644
 11.58278
 11.15955
 10.78010
 10.43417
 10.11013
  9.79500
  9.46331
  9.07451
  8.55672
  7.75261
  7.12612
  6.18121
  4.96193
  2.70238
  1.76322
  0.75059
  0.55218
  0.32448
  0.28041
  0.23623
  0.23283
 
 22.44475
 17.25262
 16.26686
 15.40138
 14.62654
 13.92410
 13.29078
 12.72148
 12.21277
 11.76051
 11.35988
 11.00389
 10.68160
 10.38217
 10.09739
  9.81081
  9.48449
  9.02381
  8.25035
  7.63668
  6.71686
  5.50232
  3.09373
  2.02719
  0.83298
  0.60581
  0.34388
  0.29182
  0.23848
  0.23256
 
 22.26534
 17.27368
 16.33534
 15.50489
 14.75838
 14.08310
 13.47615
 12.93353
 12.45254
 12.02984
 11.66171
 11.34230
 11.06195
 10.81140
 10.58437
 10.36684
 10.12350
  9.76058
  9.10042
  8.54982
  7.69238
  6.49890
  3.90235
  2.62036
  1.01684
  0.72353
  0.38720
  0.31943
  0.24454
  0.23219
 
 21.97453
 17.27974
 16.37952
 15.57229
 14.84039
 14.17731
 13.58144
 13.05025
 12.58241
 12.17530
 11.82564
 11.52901
 11.27896
 11.06763
 10.88511
 10.70805
 10.49978
 10.19700
  9.64925
  9.16525
  8.36205
  7.20182
  4.55273
  3.11848
  1.17892
  0.82903
  0.42557
  0.34414
  0.25106
  0.23201
 
 21.30363
 17.28912
 16.41681
 15.62951
 14.91387
 14.26684
 13.68655
 13.17159
 12.72113
 12.33312
 12.00472
 11.73238
 11.51195
 11.33816
 11.20349
 11.08779
 10.95850
 10.75769
 10.34167
  9.94009
  9.24155
  8.18298
  5.52868
  3.92174
  1.46721
  1.01707
  0.49277
  0.38711
  0.26449
  0.23182
 
 20.73254
 17.28932
 16.43120
 15.65465
 14.94871
 14.31103
 13.73975
 13.23363
 12.79235
 12.41458
 12.09862
 11.84172
 11.63946
 11.48696
 11.37880
 11.29837
 11.21792
 11.08587
 10.77057
 10.43637
  9.81539
  8.82854
  6.24088
  4.57463
  1.72017
  1.18108
  0.55161
  0.42562
  0.27727
  0.23172
 
 20.31871
 17.28812
 16.43823
 15.66833
 14.96865
 14.33714
 13.77206
 13.27200
 12.83694
 12.46586
 12.15757
 11.90993
 11.71883
 11.58006
 11.48967
 11.43349
 11.38721
 11.30422
 11.06216
 10.77947
 10.22597
  9.31131
  6.80219
  5.10259
  1.94840
  1.33240
  0.60522
  0.46012
  0.28947
  0.23167
 
 20.03360
 17.28693
 16.44272
 15.67733
 14.98220
 14.35483
 13.79379
 13.29827
 12.86834
 12.50273
 12.19943
 11.95669
 11.77208
 11.64310
 11.56641
 11.52851
 11.50707
 11.46078
 11.27404
 11.03008
 10.53423
  9.69383
  7.26996
  5.53368
  2.18179
  1.47557
  0.65533
  0.49090
  0.30159
  0.23163
 
 19.66924
 17.28656
 16.45058
 15.69114
 15.00121
 14.37883
 13.82278
 13.33243
 12.90834
 12.54889
 12.25256
 12.01799
 11.84346
 11.72719
 11.66702
 11.65135
 11.66175
 11.66560
 11.56510
 11.38756
 10.98187
 10.24212
  7.97401
  6.25440
  2.64997
  1.73060
  0.74658
  0.54913
  0.32337
  0.23158
 
 19.43774
 17.28697
 16.45644
 15.70064
 15.01360
 14.39404
 13.84094
 13.35381
 12.93320
 12.57760
 12.28558
 12.05615
 11.88791
 11.77959
 11.72975
 11.72794
 11.75835
 11.79496
 11.75476
 11.62652
 11.29043
 10.63068
  8.49970
  6.81978
  3.05452
  1.95882
  0.82977
  0.60228
  0.34334
  0.23155
 
 19.08485
 17.28810
 16.46584
 15.71477
 15.03162
 14.41564
 13.86638
 13.38325
 12.96655
 12.61576
 12.33023
 12.10928
 11.95079
 11.85301
 11.81627
 11.83347
 11.89341
 11.97722
 12.02460
 11.97556
 11.76661
 11.25997
  9.38604
  7.83091
  3.89694
  2.50145
  1.01469
  0.72104
  0.38679
  0.23151
 
 18.91541
 17.29723
 16.46727
 15.71414
 15.03252
 14.41994
 13.87510
 13.39674
 12.98440
 12.63759
 12.35578
 12.13768
 11.97952
 11.87974
 11.84439
 11.87890
 11.97958
 12.10608
 12.18286
 12.15946
 12.01420
 11.62595
  9.99913
  8.50601
  4.54719
  3.03965
  1.17913
  0.82590
  0.42536
  0.23149
 
 18.70299
 17.29675
 16.47072
 15.72016
 15.04090
 14.43053
 13.88801
 13.41208
 13.00214
 12.65817
 12.37973
 12.16556
 12.01221
 11.91863
 11.89150
 11.93736
 12.05465
 12.20678
 12.33268
 12.35840
 12.30570
 12.05816
 10.74037
  9.41702
  5.53918
  3.89134
  1.46736
  1.01199
  0.49279
  0.23148
 
 18.59045
 17.29585
 16.47189
 15.72273
 15.04457
 14.43545
 13.89404
 13.41938
 13.01090
 12.66840
 12.39173
 12.17963
 12.02878
 11.93850
 11.91573
 11.96755
 12.09347
 12.25868
 12.41003
 12.46212
 12.46170
 12.29986
 11.19925
 10.01201
  6.27556
  4.56362
  1.71977
  1.17792
  0.55184
  0.23147
 
 18.49396
 17.28633
 16.47321
 15.72936
 15.05288
 14.44373
 13.90139
 13.42579
 13.01697
 12.67465
 12.39799
 12.18674
 12.04071
 11.96060
 11.94792
 11.99716
 12.10216
 12.25852
 12.45044
 12.53972
 12.57366
 12.43959
 11.49458
 10.48663
  6.84457
  5.07695
  1.97813
  1.33697
  0.60479
  0.23146
 
 18.44437
 17.28587
 16.47350
 15.73004
 15.05418
 14.44552
 13.90376
 13.42863
 13.02053
 12.67887
 12.40300
 12.19264
 12.04764
 11.96881
 11.95784
 12.00947
 12.11817
 12.28077
 12.48420
 12.58404
 12.63926
 12.54545
 11.72879
 10.80800
  7.30868
  5.53208
  2.30187
  1.47971
  0.65405
  0.23146
 
 18.37973
 17.28610
 16.47496
 15.73225
 15.05676
 14.44852
 13.90710
 13.43252
 13.02500
 12.68424
 12.40930
 12.20006
 12.05634
 11.97910
 11.97028
 12.02503
 12.13853
 12.30910
 12.52688
 12.64009
 12.72261
 12.68361
 12.05437
 11.26618
  8.02532
  6.26567
  2.84498
  1.82960
  0.74431
  0.23145
 
 18.34068
 17.28772
 16.47821
 15.73587
 15.06034
 14.45176
 13.90978
 13.43464
 13.02682
 12.68622
 12.41246
 12.20513
 12.06301
 11.98613
 11.97722
 12.03324
 12.15089
 12.32781
 12.55206
 12.67011
 12.76995
 12.77957
 12.28961
 11.54551
  8.55596
  6.86318
  3.28702
  2.15181
  0.82898
  0.23145
 
