  0.97104
  1.01087
  1.05121
  1.09222
  1.13384
  1.17604
  1.21885
  1.26241
  1.30696
  1.35261
  1.39949
  1.44798
  1.49881
  1.55198
  1.60493
  1.65170
  1.68648
  1.71144
  1.73040
  1.73913
  1.75232
  1.76616
  1.77248
  1.77361
  1.77600
  1.77603
  1.77520
  1.77520
  1.77619
  1.77622
 
  1.33279
  1.37700
  1.42240
  1.46941
  1.51804
  1.56828
  1.62006
  1.67328
  1.72781
  1.78343
  1.83978
  1.89634
  1.95243
  2.00709
  2.05901
  2.10655
  2.14791
  2.18244
  2.20704
  2.21214
  2.20975
  2.20538
  2.22938
  2.24629
  2.24173
  2.23761
  2.23654
  2.23760
  2.23861
  2.23965
 
  1.65217
  1.70235
  1.75349
  1.80619
  1.86043
  1.91614
  1.97323
  2.03154
  2.09084
  2.15087
  2.21117
  2.27109
  2.32979
  2.38618
  2.43877
  2.48579
  2.52552
  2.55802
  2.58127
  2.58634
  2.58476
  2.58199
  2.60826
  2.62526
  2.61856
  2.61437
  2.61430
  2.61543
  2.61547
  2.61653
 
  2.18830
  2.25646
  2.32321
  2.38927
  2.45432
  2.51807
  2.58027
  2.64078
  2.69958
  2.75651
  2.81155
  2.86490
  2.91760
  2.97016
  3.02103
  3.06713
  3.10530
  3.13530
  3.15892
  3.16968
  3.18055
  3.18935
  3.19785
  3.19927
  3.19952
  3.20018
  3.20173
  3.20171
  3.19991
  3.19998
 
  2.62801
  2.71730
  2.80024
  2.87748
  2.94861
  3.01356
  3.07288
  3.12804
  3.18119
  3.23271
  3.28263
  3.33093
  3.37818
  3.42451
  3.46853
  3.50769
  3.53989
  3.56697
  3.59124
  3.60259
  3.61519
  3.62605
  3.63471
  3.63620
  3.63323
  3.63408
  3.63864
  3.63902
  3.63373
  3.63387
 
  3.00398
  3.11143
  3.20766
  3.29324
  3.36769
  3.43120
  3.48513
  3.53253
  3.57760
  3.62128
  3.66366
  3.70471
  3.74481
  3.78400
  3.82099
  3.85346
  3.87972
  3.90263
  3.92590
  3.93821
  3.95211
  3.96394
  3.97277
  3.97403
  3.96910
  3.97021
  3.97658
  3.97710
  3.96963
  3.96984
 
  3.33318
  3.45501
  3.56115
  3.65219
  3.72756
  3.78779
  3.83499
  3.87364
  3.90972
  3.94469
  3.97870
  4.01176
  4.04416
  4.07591
  4.10586
  4.13179
  4.15234
  4.17110
  4.19280
  4.20544
  4.21984
  4.23194
  4.24067
  4.24177
  4.23591
  4.23712
  4.24430
  4.24490
  4.23645
  4.23669
 
  3.89035
  4.02951
  4.14587
  4.24025
  4.31214
  4.36260
  4.39502
  4.41592
  4.43394
  4.45122
  4.46806
  4.48473
  4.50156
  4.51874
  4.53536
  4.54946
  4.56004
  4.57130
  4.58879
  4.60052
  4.61364
  4.62423
  4.63215
  4.63317
  4.62797
  4.62904
  4.63539
  4.63591
  4.62844
  4.62867
 
  4.35133
  4.49623
  4.61328
  4.70384
  4.76754
  4.80599
  4.82337
  4.82756
  4.82866
  4.82928
  4.82987
  4.83103
  4.83325
  4.83702
  4.84170
  4.84554
  4.84776
  4.85244
  4.86491
  4.87439
  4.88429
  4.89167
  4.89822
  4.89932
  4.89668
  4.89733
  4.90099
  4.90129
  4.89703
  4.89718
 
  5.22877
  5.39110
  5.49258
  5.54434
  5.56020
  5.55661
  5.53957
  5.51504
  5.48998
  5.46399
  5.43400
  5.39944
  5.36573
  5.33775
  5.31571
  5.29818
  5.28457
  5.27814
  5.27770
  5.27617
  5.27460
  5.27417
  5.27556
  5.27662
  5.28211
  5.28129
  5.27662
  5.27635
  5.28214
  5.28194
 
  5.90169
  6.00546
  6.07072
  6.10273
  6.10260
  6.07369
  6.02214
  5.95791
  5.89302
  5.83068
  5.77188
  5.71730
  5.66774
  5.62372
  5.58528
  5.55124
  5.52105
  5.49700
  5.48132
  5.47492
  5.46352
  5.45099
  5.44775
  5.44897
  5.46099
  5.45912
  5.44716
  5.44619
  5.46063
  5.46024
 
  6.84873
  6.88271
  6.87634
  6.83862
  6.77200
  6.68084
  6.57219
  6.45650
  6.34542
  6.24243
  6.14795
  6.06152
  5.98270
  5.91040
  5.84455
  5.78403
  5.72822
  5.67893
  5.63746
  5.61705
  5.58915
  5.56228
  5.54927
  5.54925
  5.56714
  5.56398
  5.54459
  5.54301
  5.56622
  5.56557
 
  7.65170
  7.52159
  7.38341
  7.24726
  7.11312
  6.98100
  6.85105
  6.72356
  6.59842
  6.47650
  6.35861
  6.24470
  6.13597
  6.03281
  5.93620
  5.84746
  5.76766
  5.69594
  5.63398
  5.61007
  5.59333
  5.58063
  5.53161
  5.51190
  5.53442
  5.53506
  5.51778
  5.51695
  5.54014
  5.53710
 
  8.14019
  7.96104
  7.77443
  7.59215
  7.41406
  7.24026
  7.07093
  6.90629
  6.74660
  6.59276
  6.44582
  6.30572
  6.17393
  6.05136
  5.93908
  5.83858
  5.75056
  5.67167
  5.60048
  5.57043
  5.54569
  5.52404
  5.46104
  5.43638
  5.45744
  5.46052
  5.44793
  5.44651
  5.46224
  5.45970
 
  8.52831
  8.30563
  8.07636
  7.85373
  7.63747
  7.42771
  7.22462
  7.02823
  6.83916
  6.65843
  6.48696
  6.32481
  6.17346
  6.03438
  5.90855
  5.79761
  5.70199
  5.61662
  5.53809
  5.50373
  5.47382
  5.44665
  5.37398
  5.34450
  5.36052
  5.36622
  5.36072
  5.35875
  5.36415
  5.36230
 
  8.96726
  8.84061
  8.59674
  8.28696
  7.95705
  7.64880
  7.36779
  7.11240
  6.88128
  6.67241
  6.48092
  6.30287
  6.13794
  5.98658
  5.84713
  5.71689
  5.59203
  5.46683
  5.34681
  5.29714
  5.25109
  5.21511
  5.17416
  5.16230
  5.14055
  5.14178
  5.15350
  5.15414
  5.13863
  5.13928
 
  9.39606
  9.20597
  8.89513
  8.52037
  8.13103
  7.77093
  7.44512
  7.15129
  6.88707
  6.64943
  6.43185
  6.22947
  6.04180
  5.86944
  5.71089
  5.56313
  5.42161
  5.27793
  5.13996
  5.08521
  5.03531
  4.99607
  4.94923
  4.93496
  4.90514
  4.90736
  4.92522
  4.92621
  4.90296
  4.90392
 
 10.10917
  9.75531
  9.30061
  8.80345
  8.31055
  7.86110
  7.45757
  7.09669
  6.77476
  6.48510
  6.21808
  5.96742
  5.73407
  5.51924
  5.32239
  5.13863
  4.96387
  4.79421
  4.63293
  4.56050
  4.49122
  4.43741
  4.38066
  4.36547
  4.34536
  4.34540
  4.35248
  4.35281
  4.34265
  4.34300
 
 10.66326
 10.01358
  9.40019
  8.83541
  8.31469
  7.83502
  7.39365
  6.98871
  6.61925
  6.28237
  5.97446
  5.69150
  5.42838
  5.18210
  4.95406
  4.74393
  4.55040
  4.36750
  4.19037
  4.10418
  4.01780
  3.94903
  3.88495
  3.87501
  3.86893
  3.86485
  3.85627
  3.85658
  3.86657
  3.86586
 
 11.12142
 10.35083
  9.59298
  8.87701
  8.22179
  7.64302
  7.13413
  6.68262
  6.27714
  5.90872
  5.56756
  5.24753
  4.94809
  4.66885
  4.40872
  4.16507
  3.93522
  3.72300
  3.52549
  3.42696
  3.32979
  3.25540
  3.18497
  3.16854
  3.16202
  3.15903
  3.15107
  3.15049
  3.15862
  3.15807
 
 11.49382
 10.48877
  9.60293
  8.81995
  8.12482
  7.50654
  6.95746
  6.46716
  6.02598
  5.62740
  5.26517
  4.93230
  4.62009
  4.32281
  4.04104
  3.77665
  3.53020
  3.29882
  3.08292
  2.98180
  2.88407
  2.80898
  2.73452
  2.71571
  2.69823
  2.69689
  2.69808
  2.69812
  2.69473
  2.69478
 
 11.71824
 10.59932
  9.63526
  8.79243
  8.05315
  7.40220
  6.82837
  6.31820
  5.85882
  5.44275
  5.06385
  4.71532
  4.38883
  4.07887
  3.78561
  3.51021
  3.25356
  3.01251
  2.78690
  2.68108
  2.57957
  2.50223
  2.42546
  2.40617
  2.38770
  2.38641
  2.38824
  2.38833
  2.38404
  2.38437
 
 11.87984
 10.68301
  9.66759
  8.78439
  8.01485
  7.34136
  6.74952
  6.22394
  5.75016
  5.32026
  4.92820
  4.56737
  4.22989
  3.91045
  3.60904
  3.32638
  3.06309
  2.81595
  2.58319
  2.47314
  2.36710
  2.28624
  2.20762
  2.18836
  2.17198
  2.17033
  2.16997
  2.16989
  2.16816
  2.16854
 
 12.09782
 10.81084
  9.74019
  8.81185
  8.00704
  7.30651
  6.69160
  6.14483
  5.65068
  5.20114
  4.79032
  4.41200
  4.05884
  3.72593
  3.41280
  3.11957
  2.84574
  2.58799
  2.34225
  2.22444
  2.11034
  2.02314
  1.93968
  1.91962
  1.90503
  1.90292
  1.89996
  1.89967
  1.90101
  1.90103
 
 12.23872
 10.91037
  9.81822
  8.87093
  8.05030
  7.33607
  6.70819
  6.14851
  5.64155
  5.17953
  4.75668
  4.36690
  4.00311
  3.66046
  3.33818
  3.03587
  2.75214
  2.48270
  2.22341
  2.09783
  1.97612
  1.88289
  1.79262
  1.77057
  1.75403
  1.75184
  1.74918
  1.74891
  1.74982
  1.74935
 
 12.44570
 11.08163
  9.98128
  9.02469
  8.19681
  7.47167
  6.83122
  6.25831
  5.73860
  5.26431
  4.82926
  4.42676
  4.04893
  3.69043
  3.35051
  3.02880
  2.72297
  2.42562
  2.13129
  1.98441
  1.83794
  1.72210
  1.60936
  1.58110
  1.55806
  1.55547
  1.55371
  1.55347
  1.55274
  1.55241
 
 12.56016
 11.18612
 10.09428
  9.14519
  8.32422
  7.60178
  6.96212
  6.38959
  5.87099
  5.39809
  4.96384
  4.56025
  4.17779
  3.81020
  3.45748
  3.12051
  2.79693
  2.47627
  2.14816
  1.97871
  1.80178
  1.65597
  1.51737
  1.48366
  1.45669
  1.45326
  1.44999
  1.44958
  1.44967
  1.45062
 
 12.67988
 11.29318
 10.22650
  9.30944
  8.51687
  7.81910
  7.20000
  6.64325
  6.13491
  5.66754
  5.23529
  4.83155
  4.44813
  4.07865
  3.72011
  3.36833
  3.01682
  2.65389
  2.26402
  2.05217
  1.82130
  1.61962
  1.41866
  1.37652
  1.35000
  1.34523
  1.33630
  1.33535
  1.33994
  1.34250
 
 12.72286
 11.34261
 10.30820
  9.42478
  8.65913
  7.98496
  7.38629
  6.84685
  6.35241
  5.89582
  5.47155
  5.07312
  4.69236
  4.32264
  3.96073
  3.60185
  3.23724
  2.84891
  2.41136
  2.16181
  1.87912
  1.62556
  1.37065
  1.31897
  1.29269
  1.28718
  1.27360
  1.27213
  1.28046
  1.28311
 
 12.72999
 11.36383
 10.36357
  9.51078
  8.76954
  8.11621
  7.53539
  7.01111
  6.52916
  6.08270
  5.66651
  5.27439
  4.89828
  4.53148
  4.17036
  3.80943
  3.43779
  3.03218
  2.55806
  2.27779
  1.95054
  1.65213
  1.34717
  1.28453
  1.25596
  1.25009
  1.23363
  1.23166
  1.24184
  1.24368
 
 12.72013
 11.37103
 10.40419
  9.57821
  8.85867
  8.22343
  7.65793
  7.14663
  6.67568
  6.23850
  5.83019
  5.44473
  5.07425
  4.71200
  4.35394
  3.99380
  3.61882
  3.20124
  2.69848
  2.39279
  2.02755
  1.68915
  1.33764
  1.26334
  1.23028
  1.22410
  1.20584
  1.20346
  1.21438
  1.21513
 
 12.68138
 11.36784
 10.46033
  9.67890
  8.99552
  8.38998
  7.84936
  7.35928
  6.90677
  6.48581
  6.09199
  5.71973
  5.36154
  5.01066
  4.66227
  4.30859
  3.93353
  3.50175
  2.95656
  2.61043
  2.18277
  1.77700
  1.34629
  1.24731
  1.19186
  1.18496
  1.17115
  1.16974
  1.17870
  1.17628
 
 12.52185
 11.32812
 10.51946
  9.79643
  9.14380
  8.54957
  8.00914
  7.51698
  7.06841
  6.65834
  6.28097
  5.92893
  5.59204
  5.26094
  4.92911
  4.58553
  4.20865
  3.75315
  3.15614
  2.77848
  2.32385
  1.89192
  1.38981
  1.24729
  1.15901
  1.15635
  1.15652
  1.15382
  1.14476
  1.15095
 
 12.52293
 11.34702
 10.58532
  9.90298
  9.28798
  8.72983
  8.22428
  7.76618
  7.35104
  6.97380
  6.62844
  6.30691
  5.99753
  5.69006
  5.37870
  5.05388
  4.69681
  4.26636
  3.67706
  3.26198
  2.69644
  2.11785
  1.44830
  1.26506
  1.15348
  1.13901
  1.11483
  1.11167
  1.11549
  1.11449
 
 12.46600
 11.32627
 10.61068
  9.96726
  9.38534
  8.85619
  8.37624
  7.94115
  7.54705
  7.18958
  6.86343
  6.56130
  6.27233
  5.98674
  5.69854
  5.39742
  5.06220
  4.64529
  4.04918
  3.61598
  3.01162
  2.36668
  1.55057
  1.30921
  1.14403
  1.12357
  1.09811
  1.09457
  1.09638
  1.09499
 
 12.34967
 11.27290
 10.62849
 10.04363
  9.51031
  9.02215
  8.57681
  8.17131
  7.80312
  7.46929
  7.16628
  6.88903
  6.62981
  6.38088
  6.13596
  5.88254
  5.59277
  5.20020
  4.58769
  4.13187
  3.49722
  2.79152
  1.77914
  1.43938
  1.14015
  1.10402
  1.08339
  1.07964
  1.06684
  1.07454
 
 12.33418
 11.27298
 10.65257
 10.08909
  9.57564
  9.10674
  8.68028
  8.29363
  7.94451
  7.63030
  7.34771
  7.09199
  6.85556
  6.63107
  6.41305
  6.19014
  5.93581
  5.58419
  5.01094
  4.56379
  3.91178
  3.14687
  1.96859
  1.55245
  1.16087
  1.10683
  1.07089
  1.06667
  1.05698
  1.06388
 
 12.32852
 11.27771
 10.67119
 10.12023
  9.61889
  9.16227
  8.74830
  8.37459
  8.03898
  7.73902
  7.47165
  7.23218
  7.01308
  6.80723
  6.60994
  6.41107
  6.18585
  5.87065
  5.33888
  4.90788
  4.25502
  3.45402
  2.14554
  1.66160
  1.18548
  1.11443
  1.06285
  1.05795
  1.05172
  1.05737
 
 12.31371
 11.28312
 10.69241
 10.15317
  9.66038
  9.21033
  8.80170
  8.43301
  8.10312
  7.81032
  7.55229
  7.32553
  7.12413
  6.94113
  6.76812
  6.58666
  6.36830
  6.06555
  5.57474
  5.18177
  4.57755
  3.78408
  2.31960
  1.74735
  1.19474
  1.11829
  1.06580
  1.05840
  1.05427
  1.05299
 
 12.29637
 11.29035
 10.71543
 10.18812
  9.70563
  9.26618
  8.86879
  8.51232
  8.19595
  7.91786
  7.67554
  7.46574
  7.28397
  7.12459
  6.97990
  6.83196
  6.65325
  6.39869
  5.96685
  5.60639
  5.03001
  4.23134
  2.63593
  1.95466
  1.23881
  1.13627
  1.06316
  1.05624
  1.04622
  1.04748
 
 12.28593
 11.29297
 10.72754
 10.20983
  9.73637
  9.30493
  8.91479
  8.56539
  8.25657
  7.98718
  7.75542
  7.55844
  7.39093
  7.24710
  7.12072
  6.99644
  6.84913
  6.63373
  6.25053
  5.92055
  5.37905
  4.59590
  2.91014
  2.14408
  1.28802
  1.15659
  1.06317
  1.05508
  1.04169
  1.04412
 
 12.27298
 11.30408
 10.74930
 10.24180
  9.77847
  9.35746
  8.97800
  8.63960
  8.34223
  8.08511
  7.86719
  7.68667
  7.53976
  7.42238
  7.33024
  7.25045
  7.16054
  7.01656
  6.72172
  6.44510
  5.96541
  5.24112
  3.50442
  2.56650
  1.39801
  1.21333
  1.07041
  1.05443
  1.04071
  1.03959
 
 12.25215
 11.31006
 10.75995
 10.25726
  9.79901
  9.38358
  9.01018
  8.67834
  8.38810
  8.13880
  7.92968
  7.75925
  7.62416
  7.52100
  7.44653
  7.38949
  7.33033
  7.23099
  7.00603
  6.78050
  6.36787
  5.70183
  3.94358
  2.91118
  1.51628
  1.27969
  1.07924
  1.05634
  1.03532
  1.03732
 
 12.19183
 11.31743
 10.77349
 10.27575
  9.82202
  9.41128
  9.04302
  8.71719
  8.43404
  8.19286
  7.99265
  7.83213
  7.70921
  7.62194
  7.56838
  7.53926
  7.51991
  7.48462
  7.35824
  7.19278
  6.84688
  6.26124
  4.62633
  3.49798
  1.72348
  1.40015
  1.10176
  1.06653
  1.03588
  1.03502
 
 12.13779
 11.31991
 10.77965
 10.28455
  9.83331
  9.42543
  9.06042
  8.73798
  8.45821
  8.22070
  8.02496
  7.87012
  7.75407
  7.67517
  7.63246
  7.61848
  7.62127
  7.61951
  7.55100
  7.43251
  7.15131
  6.63643
  5.09631
  3.94987
  1.92310
  1.51938
  1.12590
  1.07620
  1.03625
  1.03386
 
 12.09832
 11.32118
 10.78334
 10.28985
  9.84005
  9.43393
  9.07089
  8.75056
  8.47284
  8.23763
  8.04470
  7.89337
  7.78158
  7.70783
  7.67186
  7.66744
  7.68449
  7.70461
  7.67529
  7.59063
  7.35960
  6.90288
  5.45302
  4.31581
  2.10865
  1.63343
  1.15079
  1.08647
  1.03755
  1.03316
 
 12.07226
 11.31993
 10.78350
 10.29275
  9.84582
  9.44167
  9.07985
  8.76027
  8.48323
  8.24885
  8.05715
  7.90779
  7.79910
  7.72987
  7.69983
  7.70238
  7.72803
  7.76263
  7.76255
  7.70337
  7.51097
  7.10156
  5.73554
  4.62049
  2.28736
  1.74020
  1.17356
  1.09958
  1.03927
  1.03270
 
 12.03851
 11.32081
 10.78607
 10.29701
  9.85159
  9.44905
  9.08888
  8.77112
  8.49605
  8.26390
  8.07477
  7.92847
  7.82347
  7.75889
  7.73495
  7.74595
  7.78406
  7.83883
  7.87663
  7.85179
  7.71707
  7.38459
  6.16130
  5.09351
  2.61239
  1.94658
  1.22347
  1.12170
  1.04318
  1.03211
 
 12.01607
 11.32360
 10.79002
 10.30006
  9.85367
  9.45124
  9.09227
  8.77638
  8.50353
  8.27370
  8.08695
  7.94289
  7.83982
  7.77696
  7.75544
  7.77141
  7.81885
  7.88733
  7.94678
  7.94321
  7.85222
  7.58046
  6.46205
  5.45811
  2.89810
  2.13655
  1.27550
  1.14156
  1.04891
  1.03175
 
 11.98428
 11.32450
 10.79217
 10.30337
  9.85828
  9.45714
  9.09948
  8.78511
  8.51406
  8.28632
  8.10182
  7.96023
  7.86019
  7.80124
  7.78493
  7.80801
  7.86594
  7.95222
  8.04466
  8.07221
  8.04406
  7.86979
  6.96192
  6.08691
  3.49471
  2.55284
  1.39584
  1.20155
  1.06218
  1.03129
 
 11.96605
 11.32504
 10.79330
 10.30518
  9.86071
  9.46019
  9.10318
  8.78952
  8.51930
  8.29254
  8.10917
  7.96893
  7.87052
  7.81364
  7.80006
  7.82682
  7.89017
  7.98595
  8.09600
  8.13980
  8.14557
  8.02999
  7.27209
  6.49808
  3.96162
  2.90863
  1.51137
  1.26350
  1.07546
  1.03106
 
 11.94652
 11.32547
 10.79453
 10.30709
  9.86324
  9.46332
  9.10697
  8.79399
  8.52450
  8.29857
  8.11629
  7.97744
  7.88076
  7.82602
  7.81518
  7.84568
  7.91468
  8.02042
  8.14890
  8.20948
  8.24960
  8.20017
  7.64408
  7.01426
  4.65487
  3.48001
  1.72690
  1.38672
  1.10158
  1.03083
 
 11.95749
 11.33208
 10.79334
 10.30295
  9.85902
  9.46031
  9.10582
  8.79496
  8.52736
  8.30296
  8.12154
  7.98238
  7.88299
  7.82333
  7.80935
  7.84743
  7.93888
  8.06085
  8.18307
  8.24162
  8.29265
  8.28280
  7.87260
  7.32435
  5.14174
  3.92924
  1.92649
  1.50758
  1.12600
  1.03072
 
 11.95039
 11.33192
 10.79365
 10.30348
  9.85988
  9.46141
  9.10715
  8.79648
  8.52910
  8.30490
  8.12375
  7.98490
  7.88595
  7.82695
  7.81387
  7.85325
  7.94655
  8.07129
  8.19877
  8.26301
  8.32611
  8.33896
  8.01056
  7.53984
  5.51173
  4.28761
  2.12344
  1.62422
  1.15071
  1.03065
 
 11.94540
 11.33168
 10.79365
 10.30380
  9.86038
  9.46209
  9.10798
  8.79746
  8.53023
  8.30620
  8.12523
  7.98662
  7.88799
  7.82939
  7.81691
  7.85711
  7.95166
  8.07833
  8.20946
  8.27752
  8.34855
  8.37682
  8.10817
  7.69536
  5.80171
  4.58667
  2.30644
  1.73903
  1.17512
  1.03061
 
 11.91843
 11.32493
 10.79506
 10.30883
  9.86613
  9.46721
  9.11174
  8.79969
  8.53130
  8.30661
  8.12564
  7.98818
  7.89333
  7.84115
  7.83392
  7.86949
  7.94597
  8.06381
  8.21729
  8.30210
  8.38436
  8.42444
  8.23737
  7.90520
  6.23319
  5.06245
  2.63417
  1.96606
  1.22421
  1.03054
 
 11.91505
 11.32440
 10.79466
 10.30865
  9.86632
  9.46750
  9.11197
  8.79986
  8.53160
  8.30723
  8.12663
  7.98958
  7.89514
  7.84337
  7.83657
  7.87257
  7.94964
  8.06904
  8.22549
  8.31293
  8.40245
  8.45535
  8.31630
  8.04026
  6.54120
  5.43055
  2.92098
  2.16922
  1.27209
  1.03049
 
