  0.94543
  0.98447
  1.02402
  1.06426
  1.10514
  1.14665
  1.18885
  1.23191
  1.27611
  1.32162
  1.36859
  1.41743
  1.46893
  1.52306
  1.57708
  1.62455
  1.65920
  1.68350
  1.70178
  1.71015
  1.72291
  1.73619
  1.74124
  1.74203
  1.74408
  1.74397
  1.74361
  1.74406
  1.74411
  1.74425
 
  1.30099
  1.34474
  1.38971
  1.43633
  1.48460
  1.53453
  1.58605
  1.63909
  1.69351
  1.74912
  1.80556
  1.86236
  1.91882
  1.97401
  2.02664
  2.07504
  2.11731
  2.15252
  2.17701
  2.18149
  2.17784
  2.17192
  2.19458
  2.21131
  2.20654
  2.20284
  2.20295
  2.20407
  2.20357
  2.20456
 
  1.61620
  1.66611
  1.71702
  1.76954
  1.82364
  1.87929
  1.93637
  1.99474
  2.05420
  2.11448
  2.17513
  2.23552
  2.29483
  2.35194
  2.40539
  2.45336
  2.49403
  2.52714
  2.55017
  2.55454
  2.55160
  2.54724
  2.57246
  2.58951
  2.58261
  2.57866
  2.57939
  2.58056
  2.57951
  2.58057
 
  2.14815
  2.21564
  2.28194
  2.34776
  2.41279
  2.47674
  2.53938
  2.60055
  2.66019
  2.71813
  2.77436
  2.82904
  2.88313
  2.93705
  2.98916
  3.03615
  3.07458
  3.10403
  3.12647
  3.13669
  3.14712
  3.15563
  3.16350
  3.16478
  3.16498
  3.16536
  3.16611
  3.16599
  3.16509
  3.16520
 
  2.58471
  2.67346
  2.75617
  2.83350
  2.90500
  2.97063
  3.03088
  3.08715
  3.14152
  3.19436
  3.24567
  3.29542
  3.34418
  3.39201
  3.43741
  3.47755
  3.51007
  3.53689
  3.56046
  3.57137
  3.58365
  3.59444
  3.60279
  3.60398
  3.60126
  3.60262
  3.60456
  3.60276
  3.60220
  3.60173
 
  2.95852
  3.06574
  3.16206
  3.24806
  3.32321
  3.38770
  3.44284
  3.49164
  3.53818
  3.58342
  3.62740
  3.67008
  3.71180
  3.75252
  3.79088
  3.82435
  3.85112
  3.87411
  3.89713
  3.90921
  3.92297
  3.93483
  3.94368
  3.94463
  3.94021
  3.94203
  3.94470
  3.94216
  3.94138
  3.94074
 
  3.28623
  3.40812
  3.51468
  3.60644
  3.68280
  3.74425
  3.79290
  3.83312
  3.87087
  3.90755
  3.94330
  3.97809
  4.01216
  4.04547
  4.07677
  4.10378
  4.12505
  4.14422
  4.16609
  4.17873
  4.19315
  4.20538
  4.21442
  4.21525
  4.21004
  4.21206
  4.21504
  4.21217
  4.21130
  4.21060
 
  3.84168
  3.98141
  4.09871
  4.19430
  4.26761
  4.31969
  4.35386
  4.37661
  4.39649
  4.41564
  4.43434
  4.45281
  4.47134
  4.49007
  4.50809
  4.52346
  4.53520
  4.54750
  4.56588
  4.57797
  4.59140
  4.60233
  4.61100
  4.61193
  4.60740
  4.60920
  4.61186
  4.60932
  4.60855
  4.60794
 
  4.30195
  4.44778
  4.56614
  4.65824
  4.72370
  4.76404
  4.78340
  4.78960
  4.79267
  4.79521
  4.79766
  4.80057
  4.80446
  4.80980
  4.81598
  4.82132
  4.82511
  4.83136
  4.84525
  4.85534
  4.86579
  4.87369
  4.88131
  4.88257
  4.88040
  4.88150
  4.88310
  4.88163
  4.88121
  4.88087
 
  5.17949
  5.34346
  5.44691
  5.50073
  5.51876
  5.51743
  5.50272
  5.48045
  5.45752
  5.43348
  5.40519
  5.37214
  5.33994
  5.31364
  5.29347
  5.27794
  5.26645
  5.26249
  5.26448
  5.26370
  5.26296
  5.26346
  5.26635
  5.26806
  5.27323
  5.27245
  5.27080
  5.27194
  5.27326
  5.27356
 
  5.85393
  5.95953
  6.02704
  6.06145
  6.06386
  6.03748
  5.98843
  5.92652
  5.86376
  5.80332
  5.74622
  5.69320
  5.64519
  5.60285
  5.56629
  5.53447
  5.50689
  5.48558
  5.47242
  5.46713
  5.45674
  5.44499
  5.44340
  5.44573
  5.45721
  5.45403
  5.44923
  5.45417
  5.45576
  5.45698
 
  6.80461
  6.84093
  6.83730
  6.80239
  6.73860
  6.65025
  6.54429
  6.43107
  6.32222
  6.22120
  6.12845
  6.04364
  5.96644
  5.89590
  5.83202
  5.77376
  5.72050
  5.67391
  5.63498
  5.61572
  5.58880
  5.56254
  5.55099
  5.55244
  5.56946
  5.56408
  5.55610
  5.56413
  5.56669
  5.56866
 
  7.61180
  7.48434
  7.34907
  7.21576
  7.08439
  6.95495
  6.82762
  6.70265
  6.57996
  6.46040
  6.34479
  6.23308
  6.12643
  6.02525
  5.93054
  5.84361
  5.76558
  5.69569
  5.63580
  5.61305
  5.59763
  5.58614
  5.53831
  5.51816
  5.53986
  5.54358
  5.53496
  5.53477
  5.54842
  5.54460
 
  8.10379
  7.92761
  7.74422
  7.56505
  7.38995
  7.21904
  7.05247
  6.89048
  6.73333
  6.58192
  6.43727
  6.29935
  6.16961
  6.04897
  5.93849
  5.83969
  5.75330
  5.67608
  5.60676
  5.57777
  5.55419
  5.53358
  5.47158
  5.44668
  5.46732
  5.47232
  5.46512
  5.46410
  5.47392
  5.47088
 
  8.49513
  8.27568
  8.04996
  7.83070
  7.61764
  7.41095
  7.21075
  7.01713
  6.83068
  6.65240
  6.48323
  6.32323
  6.17389
  6.03665
  5.91253
  5.80317
  5.70903
  5.62518
  5.54835
  5.51494
  5.48607
  5.45984
  5.38804
  5.35862
  5.37463
  5.38069
  5.37622
  5.37434
  5.37870
  5.37673
 
  8.93960
  8.81613
  8.57657
  8.27123
  7.94543
  7.64066
  7.36263
  7.10984
  6.88117
  6.67457
  6.48515
  6.30897
  6.14570
  5.99581
  5.85771
  5.72888
  5.60561
  5.48215
  5.36398
  5.31524
  5.26998
  5.23458
  5.19402
  5.18153
  5.16133
  5.16265
  5.16655
  5.16332
  5.15969
  5.15897
 
  9.37292
  9.18651
  8.88044
  8.51046
  8.12541
  7.76886
  7.44601
  7.15479
  6.89303
  6.65771
  6.44222
  6.24164
  6.05550
  5.88443
  5.72703
  5.58050
  5.44044
  5.29825
  5.16178
  5.10787
  5.05872
  5.02005
  4.97338
  4.95805
  4.93032
  4.93270
  4.93887
  4.93404
  4.92857
  4.92744
 
 10.09402
  9.74481
  9.29557
  8.80342
  8.31486
  7.86894
  7.46832
  7.11001
  6.79045
  6.50299
  6.23789
  5.98882
  5.75674
  5.54296
  5.34705
  5.16431
  4.99079
  4.82212
  4.66150
  4.58952
  4.52064
  4.46707
  4.41020
  4.39446
  4.37504
  4.37517
  4.37723
  4.37499
  4.37250
  4.37191
 
 10.65301
 10.00878
  9.40089
  8.84085
  8.32423
  7.84809
  7.40975
  7.00742
  6.64015
  6.30511
  5.99878
  5.71717
  5.45526
  5.21004
  4.98294
  4.77363
  4.58082
  4.39850
  4.22175
  4.13564
  4.04925
  3.98041
  3.91606
  3.90565
  3.89892
  3.89638
  3.89217
  3.89279
  3.89786
  3.89675
 
 11.11626
 10.35172
  9.59952
  8.88795
  8.23633
  7.66059
  7.15425
  6.70483
  6.30103
  5.93399
  5.59413
  5.27539
  4.97715
  4.69894
  4.43967
  4.19679
  3.96757
  3.75554
  3.55750
  3.45849
  3.36084
  3.28611
  3.21548
  3.19941
  3.19215
  3.18908
  3.18527
  3.18678
  3.18860
  3.18872
 
 11.49059
 10.49162
  9.61123
  8.83246
  8.14063
  7.52499
  6.97794
  6.48932
  6.04955
  5.65221
  5.29113
  4.95934
  4.64817
  4.35189
  4.07105
  3.80737
  3.56132
  3.32995
  3.11351
  3.01190
  2.91361
  2.83811
  2.76354
  2.74459
  2.72732
  2.72629
  2.72587
  2.72460
  2.72409
  2.72378
 
 11.71519
 10.60248
  9.64367
  8.80479
  8.06855
  7.41994
  6.84790
  6.33916
  5.88103
  5.46608
  5.08823
  4.74069
  4.41515
  4.10608
  3.81361
  3.53885
  3.28265
  3.04172
  2.81580
  2.70961
  2.60755
  2.52974
  2.45284
  2.43337
  2.41509
  2.41420
  2.41402
  2.41242
  2.41177
  2.41174
 
 11.87601
 10.68543
  9.67513
  8.79577
  8.02910
  7.35779
  6.76760
  6.24333
  5.77073
  5.34191
  4.95084
  4.59095
  4.25433
  3.93567
  3.63494
  3.35289
  3.09012
  2.84328
  2.61047
  2.50018
  2.39364
  2.31224
  2.23343
  2.21407
  2.19769
  2.19620
  2.19511
  2.19438
  2.19399
  2.19436
 
 12.09154
 10.81097
  9.74512
  8.82043
  8.01835
  7.31988
  6.70654
  6.16106
  5.66806
  5.21962
  4.80982
  4.43242
  4.08007
  3.74782
  3.43526
  3.14260
  2.86938
  2.61212
  2.36662
  2.24875
  2.13431
  2.04663
  1.96273
  1.94262
  1.92778
  1.92552
  1.92334
  1.92366
  1.92361
  1.92385
 
 12.22963
 10.90750
  9.82010
  8.87642
  8.05852
  7.34636
  6.72012
  6.16183
  5.65613
  5.19527
  4.77351
  4.38470
  4.02175
  3.67979
  3.35809
  3.05635
  2.77323
  2.50431
  2.24533
  2.11981
  1.99796
  1.90439
  1.81345
  1.79123
  1.77446
  1.77213
  1.77000
  1.77018
  1.77011
  1.76959
 
 12.42899
 11.07183
  9.97629
  9.02342
  8.19836
  7.47544
  6.83680
  6.26546
  5.74720
  5.27426
  4.84052
  4.43922
  4.06250
  3.70499
  3.36592
  3.04492
  2.73967
  2.44286
  2.14900
  2.00230
  1.85588
  1.73991
  1.62666
  1.59819
  1.57508
  1.57252
  1.57047
  1.57003
  1.56977
  1.56925
 
 12.53633
 11.17040
 10.08392
  9.13884
  8.32078
  7.60058
  6.96272
  6.39174
  5.87464
  5.40324
  4.97044
  4.56833
  4.18730
  3.82108
  3.46958
  3.13356
  2.81063
  2.49061
  2.16325
  1.99407
  1.81715
  1.67121
  1.53284
  1.49924
  1.47223
  1.46877
  1.46575
  1.46549
  1.46519
  1.46659
 
 12.64476
 11.26894
 10.20877
  9.29621
  8.50658
  7.81087
  7.19328
  6.63791
  6.13108
  5.66540
  5.23499
  4.83315
  4.45162
  4.08391
  3.72702
  3.37669
  3.02643
  2.66457
  2.27560
  2.06414
  1.83361
  1.63237
  1.43259
  1.39075
  1.36405
  1.36009
  1.35337
  1.35249
  1.35452
  1.35831
 
 12.68041
 11.31295
 10.28582
  9.40712
  8.64444
  7.97215
  7.37473
  6.83642
  6.34343
  5.88862
  5.46638
  5.07014
  4.69157
  4.32396
  3.96401
  3.60690
  3.24381
  2.85687
  2.42063
  2.17171
  1.88971
  1.63696
  1.38393
  1.33263
  1.30597
  1.30186
  1.29211
  1.29075
  1.29462
  1.29888
 
 12.68294
 11.33074
 10.33811
  9.49016
  8.75189
  8.10031
  7.52056
  6.99722
  6.51664
  6.07197
  5.65794
  5.26816
  4.89440
  4.52986
  4.17088
  3.81189
  3.44201
  3.03806
  2.56563
  2.28624
  1.95995
  1.66259
  1.35990
  1.29772
  1.26873
  1.26455
  1.25266
  1.25083
  1.25569
  1.25916
 
 12.67013
 11.33576
 10.37664
  9.55555
  8.83893
  8.20534
  7.64078
  7.13032
  6.66065
  6.22525
  5.81908
  5.43603
  5.06798
  4.70807
  4.35224
  3.99417
  3.62113
  3.20547
  2.70472
  2.40012
  2.03603
  1.69887
  1.34988
  1.27611
  1.24270
  1.23830
  1.22486
  1.22262
  1.22795
  1.23022
 
 12.62821
 11.33006
 10.43029
  9.65359
  8.97304
  8.36903
  7.82918
  7.33976
  6.88841
  6.46917
  6.07747
  5.70763
  5.35190
  5.00337
  4.65724
  4.30570
  3.93277
  3.50323
  2.96063
  2.61602
  2.19012
  1.78596
  1.35725
  1.25867
  1.20462
  1.19949
  1.18896
  1.18733
  1.19246
  1.19055
 
 12.47429
 11.29022
 10.48546
  9.76591
  9.11625
  8.52463
  7.98653
  7.49647
  7.04982
  6.64149
  6.26578
  5.91535
  5.58011
  5.25078
  4.92087
  4.57943
  4.20502
  3.75242
  3.15881
  2.78307
  2.33046
  1.90012
  1.39966
  1.25790
  1.17195
  1.17067
  1.17290
  1.17003
  1.15881
  1.16452
 
 12.47478
 11.30879
 10.55058
  9.87126
  9.25888
  8.70306
  8.19956
  7.74328
  7.32977
  6.95400
  6.61001
  6.28982
  5.98186
  5.67594
  5.36636
  5.04368
  4.68926
  4.26230
  3.67734
  3.26428
  2.70004
  2.12272
  1.45768
  1.27609
  1.16445
  1.15032
  1.13010
  1.12861
  1.12652
  1.12684
 
 12.41906
 11.28906
 10.57645
  9.93556
  9.35591
  8.82879
  8.35064
  7.91714
  7.52448
  7.16831
  6.84336
  6.54241
  6.25468
  5.97045
  5.68385
  5.38467
  5.05198
  4.63853
  4.04697
  3.61610
  3.01352
  2.37032
  1.55889
  1.31914
  1.15465
  1.13451
  1.11176
  1.10939
  1.10708
  1.10657
 
 12.30501
 11.23766
 10.59563
 10.01278
  9.48125
  8.99469
  8.55077
  8.14653
  7.77945
  7.44664
  7.14455
  6.86822
  6.60999
  6.36222
  6.11866
  5.86691
  5.57929
  5.18957
  4.58103
  4.12783
  3.49647
  2.79408
  1.78598
  1.44748
  1.15026
  1.11479
  1.09492
  1.09110
  1.07759
  1.08523
 
 12.29143
 11.23934
 10.62087
 10.05903
  9.54706
  9.07949
  8.65420
  8.26859
  7.92040
  7.60702
  7.32520
  7.07024
  6.83462
  6.61107
  6.39418
  6.17269
  5.92020
  5.57112
  5.00160
  4.55706
  3.90854
  3.14742
  1.97445
  1.55990
  1.17039
  1.11689
  1.08150
  1.07723
  1.06708
  1.07409
 
 12.28718
 11.24525
 10.64034
 10.09080
  9.59071
  9.13523
  8.72228
  8.34946
  8.01466
  7.71544
  7.44872
  7.20990
  6.99149
  6.78644
  6.59010
  6.39239
  6.16875
  5.85578
  5.32746
  4.89901
  4.24973
  3.45284
  2.15052
  1.66852
  1.19461
  1.12404
  1.07292
  1.06799
  1.06142
  1.06727
 
 12.27342
 11.25161
 10.66241
 10.12434
  9.63261
  9.18348
  8.77567
  8.40772
  8.07856
  7.78647
  7.52912
  7.30302
  7.10227
  6.91994
  6.74763
  6.56701
  6.34982
  6.04902
  5.56179
  5.17159
  4.57114
  3.78169
  2.32304
  1.75335
  1.20388
  1.12783
  1.07540
  1.06796
  1.06386
  1.06268
 
 12.25803
 11.25970
 10.68569
 10.15949
  9.67810
  9.23963
  8.84311
  8.48739
  8.17165
  7.89409
  7.65221
  7.44286
  7.26154
  7.10262
  6.95846
  6.81111
  6.63321
  6.38013
  5.95133
  5.59349
  5.02088
  4.22643
  2.63791
  1.95986
  1.24745
  1.14531
  1.07239
  1.06545
  1.05557
  1.05690
 
 12.24784
 11.26285
 10.69823
 10.18148
  9.70891
  9.27837
  8.88913
  8.54054
  8.23240
  7.96354
  7.73220
  7.53551
  7.36829
  7.22470
  7.09861
  6.97471
  6.82804
  6.61386
  6.23322
  5.90553
  5.36770
  4.58909
  2.91092
  2.14837
  1.29628
  1.16533
  1.07223
  1.06414
  1.05087
  1.05337
 
 12.23480
 11.27382
 10.72004
 10.21369
  9.75136
  9.33129
  8.95271
  8.61506
  8.31828
  8.06160
  7.84399
  7.66365
  7.51685
  7.39952
  7.30741
  7.22774
  7.13811
  6.99476
  6.70148
  6.42660
  5.95024
  5.23079
  3.50283
  2.56875
  1.40545
  1.22156
  1.07935
  1.06336
  1.04966
  1.04861
 
 12.21382
 11.27953
 10.73072
 10.22928
  9.77211
  9.35762
  8.98505
  8.65390
  8.36420
  8.11535
  7.90652
  7.73627
  7.60126
  7.49807
  7.42352
  7.36640
  7.30722
  7.20817
  6.98430
  6.76017
  6.35030
  5.68855
  3.93977
  2.91223
  1.52312
  1.28742
  1.08807
  1.06533
  1.04410
  1.04624
 
 12.15404
 11.28694
 10.74458
 10.24790
  9.79514
  9.38531
  9.01790
  8.69279
  8.41021
  8.16950
  7.96966
  7.80942
  7.68662
  7.59921
  7.54532
  7.51590
  7.49642
  7.46113
  7.33512
  7.17034
  6.82627
  6.24436
  4.61962
  3.49642
  1.72916
  1.40719
  1.11040
  1.07539
  1.04457
  1.04382
 
 12.10116
 11.28943
 10.75066
 10.25671
  9.80644
  9.39943
  9.03522
  8.71352
  8.43439
  8.19746
  8.00217
  7.84758
  7.73160
  7.65261
  7.60965
  7.59534
  7.59782
  7.59577
  7.52723
  7.40912
  7.12915
  6.61721
  5.08706
  3.94628
  1.92784
  1.52585
  1.13433
  1.08490
  1.04488
  1.04260
 
 12.06259
 11.29070
 10.75426
 10.26192
  9.81319
  9.40796
  9.04570
  8.72609
  8.44908
  8.21449
  8.02203
  7.87096
  7.75922
  7.68544
  7.64927
  7.64454
  7.66116
  7.68082
  7.65123
  7.56672
  7.33650
  6.88213
  5.44170
  4.31048
  2.11257
  1.63941
  1.15905
  1.09505
  1.04613
  1.04187
 
 12.03621
 11.29157
 10.75652
 10.26542
  9.81777
  9.41374
  9.05280
  8.73461
  8.45911
  8.22618
  8.03568
  7.88700
  7.77816
  7.70792
  7.67645
  7.67831
  7.70478
  7.73973
  7.73803
  7.67842
  7.48771
  7.08167
  5.72199
  4.61203
  2.28776
  1.74838
  1.18402
  1.10550
  1.04791
  1.04138
 
 12.00297
 11.29256
 10.75930
 10.26969
  9.82355
  9.42114
  9.06194
  8.74562
  8.47213
  8.24144
  8.05351
  7.90786
  7.80270
  7.73706
  7.71167
  7.72208
  7.76124
  7.81633
  7.85163
  7.82587
  7.69366
  7.36445
  6.14124
  5.08586
  2.61170
  1.95299
  1.23391
  1.12715
  1.05233
  1.04076
 
 11.98222
 11.29306
 10.76085
 10.27225
  9.82705
  9.42564
  9.06750
  8.75234
  8.48014
  8.25090
  8.06459
  7.92076
  7.81783
  7.75504
  7.73344
  7.74911
  7.79603
  7.86377
  7.92249
  7.91860
  7.82746
  7.55641
  6.44432
  5.44643
  2.89857
  2.14068
  1.28320
  1.14984
  1.05731
  1.04038
 
 11.95082
 11.29386
 10.76291
 10.27557
  9.83175
  9.43170
  9.07496
  8.76134
  8.49091
  8.26366
  8.07954
  7.93821
  7.83834
  7.77949
  7.76319
  7.78601
  7.84342
  7.92894
  8.02053
  8.04762
  8.01902
  7.84479
  6.94105
  6.07136
  3.49263
  2.55544
  1.40306
  1.20953
  1.07052
  1.03989
 
 11.93283
 11.29431
 10.76404
 10.27738
  9.83419
  9.43478
  9.07869
  8.76580
  8.49621
  8.26993
  8.08696
  7.94697
  7.84875
  7.79201
  7.77843
  7.80498
  7.86785
  7.96291
  8.07207
  8.11537
  8.12055
  8.00466
  7.24948
  6.48010
  3.95763
  2.90974
  1.51804
  1.27108
  1.08380
  1.03964
 
 11.91345
 11.29474
 10.76527
 10.27929
  9.83668
  9.43787
  9.08242
  8.77021
  8.50137
  8.27601
  8.09416
  7.95559
  7.85911
  7.80451
  7.79368
  7.82399
  7.89255
  7.99763
  8.12530
  8.18535
  8.22479
  8.17475
  7.61976
  6.99339
  4.64791
  3.47863
  1.73252
  1.39355
  1.10996
  1.03941
 
 11.92461
 11.30155
 10.76429
 10.27515
  9.83238
  9.43473
  9.08118
  8.77111
  8.50423
  8.28039
  8.09942
  7.96059
  7.86142
  7.80186
  7.78783
  7.82572
  7.91677
  8.03819
  8.15967
  8.21771
  8.26803
  8.25745
  7.84750
  7.30190
  5.13240
  3.92574
  1.93131
  1.51384
  1.13434
  1.03929
 
 11.91792
 11.30150
 10.76459
 10.27578
  9.83326
  9.43582
  9.08248
  8.77262
  8.50593
  8.28232
  8.10162
  7.96315
  7.86444
  7.80552
  7.79241
  7.83158
  7.92451
  8.04871
  8.17548
  8.23924
  8.30168
  8.31377
  7.98505
  7.51639
  5.50040
  4.28218
  2.12722
  1.62998
  1.15900
  1.03923
 
 11.91322
 11.30146
 10.76470
 10.27611
  9.83378
  9.43649
  9.08330
  8.77357
  8.50704
  8.28359
  8.10309
  7.96483
  7.86645
  7.80797
  7.79546
  7.83547
  7.92966
  8.05578
  8.18625
  8.25384
  8.32424
  8.35180
  8.08251
  7.67126
  5.78860
  4.57955
  2.30932
  1.74438
  1.18336
  1.03919
 
 11.88646
 11.29461
 10.76600
 10.28104
  9.83952
  9.44167
  9.08716
  8.77592
  8.50821
  8.28408
  8.10357
  7.96651
  7.87187
  7.81974
  7.81238
  7.84774
  7.92400
  8.04146
  8.19425
  8.27861
  8.36023
  8.39958
  8.21163
  7.88002
  6.21734
  5.05260
  2.63548
  1.97029
  1.23220
  1.03913
 
 11.88234
 11.29408
 10.76581
 10.28105
  9.83975
  9.44200
  9.08752
  8.77630
  8.50869
  8.28478
  8.10457
  7.96789
  7.87368
  7.82197
  7.81504
  7.85083
  7.92769
  8.04671
  8.20253
  8.28957
  8.37857
  8.43075
  8.29051
  8.01476
  6.52352
  5.41856
  2.92087
  2.17248
  1.27979
  1.03910
 
