  0.87722
  0.91248
  0.94862
  0.98583
  1.02414
  1.06358
  1.10421
  1.14614
  1.18956
  1.23466
  1.28169
  1.33118
  1.38403
  1.44024
  1.49676
  1.54610
  1.58094
  1.60421
  1.62083
  1.62800
  1.63911
  1.65039
  1.65217
  1.65217
  1.65367
  1.65343
  1.65296
  1.65346
  1.65350
  1.65366
 
  1.20955
  1.25209
  1.29596
  1.34155
  1.38892
  1.43806
  1.48896
  1.54155
  1.59573
  1.65136
  1.70811
  1.76553
  1.82301
  1.87962
  1.93409
  1.98468
  2.02927
  2.06616
  2.09035
  2.09321
  2.08626
  2.07622
  2.09495
  2.11129
  2.10664
  2.10300
  2.10307
  2.10409
  2.10319
  2.10431
 
  1.51070
  1.56012
  1.61071
  1.66302
  1.71706
  1.77280
  1.83016
  1.88902
  1.94917
  2.01038
  2.07222
  2.13407
  2.19511
  2.25421
  2.30988
  2.36015
  2.40292
  2.43729
  2.45944
  2.46189
  2.45540
  2.44693
  2.46937
  2.48666
  2.47955
  2.47554
  2.47632
  2.47743
  2.47588
  2.47712
 
  2.02520
  2.09393
  2.16148
  2.22846
  2.29458
  2.35959
  2.42332
  2.48574
  2.54701
  2.60705
  2.66587
  2.72371
  2.78160
  2.83989
  2.89638
  2.94648
  2.98546
  3.01316
  3.03215
  3.04020
  3.04869
  3.05610
  3.06330
  3.06420
  3.06385
  3.06422
  3.06507
  3.06493
  3.06385
  3.06398
 
  2.45404
  2.54431
  2.62868
  2.70766
  2.78083
  2.84818
  2.91031
  2.96881
  3.02602
  3.08234
  3.13771
  3.19194
  3.24522
  3.29728
  3.34634
  3.38928
  3.42325
  3.44958
  3.47002
  3.47857
  3.48919
  3.49990
  3.50908
  3.50977
  3.50689
  3.50827
  3.51019
  3.50837
  3.50782
  3.50736
 
  2.82512
  2.93310
  3.03074
  3.11847
  3.19576
  3.26279
  3.32089
  3.37304
  3.42344
  3.47298
  3.52164
  3.56917
  3.61559
  3.66054
  3.70253
  3.73900
  3.76786
  3.79120
  3.81185
  3.82196
  3.83455
  3.84702
  3.85783
  3.85831
  3.85397
  3.85581
  3.85837
  3.85590
  3.85515
  3.85455
 
  3.15224
  3.27408
  3.38152
  3.47498
  3.55383
  3.61850
  3.67098
  3.71551
  3.75790
  3.79947
  3.84025
  3.88005
  3.91886
  3.95638
  3.99133
  4.02156
  4.04552
  4.06590
  4.08640
  4.09760
  4.11145
  4.12486
  4.13659
  4.13701
  4.13205
  4.13406
  4.13692
  4.13416
  4.13334
  4.13267
 
  3.70875
  3.84716
  3.96468
  4.06193
  4.13827
  4.19459
  4.23393
  4.26234
  4.28788
  4.31254
  4.33652
  4.35998
  4.38315
  4.40611
  4.42802
  4.44716
  4.46262
  4.47772
  4.49700
  4.50902
  4.52313
  4.53598
  4.54787
  4.54864
  4.54441
  4.54625
  4.54882
  4.54636
  4.54563
  4.54504
 
  4.17079
  4.31456
  4.43284
  4.52671
  4.59567
  4.64099
  4.66644
  4.67913
  4.68841
  4.69666
  4.70435
  4.71203
  4.72040
  4.73008
  4.74053
  4.75025
  4.75857
  4.76897
  4.78605
  4.79750
  4.80977
  4.81992
  4.83048
  4.83188
  4.82995
  4.83113
  4.83276
  4.83127
  4.83085
  4.83050
 
  5.05668
  5.21101
  5.31354
  5.37290
  5.39934
  5.40547
  5.39693
  5.38008
  5.36247
  5.34371
  5.32040
  5.29192
  5.26435
  5.24316
  5.22852
  5.21878
  5.21303
  5.21454
  5.22372
  5.22838
  5.23183
  5.23363
  5.23760
  5.24037
  5.24562
  5.24493
  5.24351
  5.24455
  5.24573
  5.24600
 
  5.73207
  5.83568
  5.90397
  5.94153
  5.94922
  5.92982
  5.88872
  5.83479
  5.77886
  5.72400
  5.67146
  5.62241
  5.57861
  5.54138
  5.51066
  5.48485
  5.46323
  5.44933
  5.44672
  5.44754
  5.44214
  5.43191
  5.42874
  5.43252
  5.44443
  5.44128
  5.43668
  5.44150
  5.44304
  5.44421
 
  6.69048
  6.72711
  6.72637
  6.69637
  6.63920
  6.55869
  6.46119
  6.35614
  6.25424
  6.15889
  6.07080
  5.99013
  5.91743
  5.85237
  5.79466
  5.74239
  5.69471
  5.65574
  5.62924
  5.61736
  5.59585
  5.56983
  5.55352
  5.55693
  5.57526
  5.56960
  5.56146
  5.56978
  5.57238
  5.57440
 
  7.50003
  7.37970
  7.25195
  7.12600
  7.00183
  6.87941
  6.75896
  6.64071
  6.52461
  6.41147
  6.30210
  6.19646
  6.09575
  6.00038
  5.91139
  5.83019
  5.75809
  5.69480
  5.64289
  5.62483
  5.61449
  5.60655
  5.55713
  5.53477
  5.55803
  5.56228
  5.55330
  5.55307
  5.56769
  5.56352
 
  8.00040
  7.83252
  7.65780
  7.48699
  7.31997
  7.15684
  6.99780
  6.84306
  6.69292
  6.54820
  6.40998
  6.27820
  6.15436
  6.03934
  5.93427
  5.84073
  5.75961
  5.68810
  5.62544
  5.60027
  5.58082
  5.56321
  5.50102
  5.47494
  5.49687
  5.50218
  5.49464
  5.49362
  5.50431
  5.50101
 
  8.39977
  8.18972
  7.97371
  7.76373
  7.55954
  7.36129
  7.16917
  6.98324
  6.80411
  6.63275
  6.47010
  6.31625
  6.17269
  6.04083
  5.92176
  5.81714
  5.72756
  5.64841
  5.57680
  5.54629
  5.52054
  5.49687
  5.42704
  5.39783
  5.41454
  5.42065
  5.41599
  5.41416
  5.41903
  5.41695
 
  8.85838
  8.74449
  8.51671
  8.22349
  7.90936
  7.61513
  7.34643
  7.10175
  6.87989
  6.67918
  6.49531
  6.32465
  6.16652
  6.02107
  5.88691
  5.76191
  5.64314
  5.52649
  5.41209
  5.36016
  5.31504
  5.28505
  5.25098
  5.23786
  5.21796
  5.21954
  5.22350
  5.22021
  5.21653
  5.21582
 
  9.30186
  9.12799
  8.83592
  8.47949
  8.10691
  7.76126
  7.44783
  7.16471
  6.90983
  6.68050
  6.47060
  6.27545
  6.09420
  5.92717
  5.77310
  5.62952
  5.49303
  5.35773
  5.22369
  5.16356
  5.11334
  5.08197
  5.04406
  5.02738
  4.99930
  5.00213
  5.00859
  5.00350
  4.99779
  4.99665
 
 10.04173
  9.70991
  9.27806
  8.80150
  8.32626
  7.89132
  7.49978
  7.14911
  6.83627
  6.55478
  6.29508
  6.05090
  5.82294
  5.61241
  5.41897
  5.23840
  5.06736
  4.90266
  4.74392
  4.66959
  4.60088
  4.55120
  4.49868
  4.48230
  4.46217
  4.46263
  4.46506
  4.46255
  4.45978
  4.45914
 
 10.62014
  9.99540
  9.40468
  8.85885
  8.35392
  7.88733
  7.45667
  7.06044
  6.69792
  6.36665
  6.06356
  5.78522
  5.52733
  5.28739
  5.06667
  4.86442
  4.67812
  4.49811
  4.31638
  4.22694
  4.14184
  4.07798
  4.01158
  3.99789
  3.99379
  3.99101
  3.98649
  3.98848
  3.99064
  3.99108
 
 11.08778
 10.34747
  9.61528
  8.91921
  8.27947
  7.71282
  7.21354
  6.77003
  6.37163
  6.00958
  5.67411
  5.35903
  5.06369
  4.78769
  4.53018
  4.28896
  4.06124
  3.84913
  3.65225
  3.55652
  3.45997
  3.38292
  3.30933
  3.29375
  3.28651
  3.28331
  3.27943
  3.28100
  3.28287
  3.28300
 
 11.46511
 10.49238
  9.63216
  8.86839
  8.18771
  7.58026
  7.03924
  6.55534
  6.11978
  5.72635
  5.36888
  5.04040
  4.73205
  4.43801
  4.15893
  3.89672
  3.65189
  3.42112
  3.20422
  3.10204
  3.00316
  2.92742
  2.85297
  2.83359
  2.81606
  2.81502
  2.81458
  2.81329
  2.81279
  2.81247
 
 11.68878
 10.60353
  9.66481
  8.84052
  8.11473
  7.47352
  6.90672
  6.40196
  5.94741
  5.53585
  5.16120
  4.81664
  4.49367
  4.18666
  3.89592
  3.62271
  3.36788
  3.12760
  2.90107
  2.79416
  2.69135
  2.61324
  2.53655
  2.51650
  2.49785
  2.49696
  2.49676
  2.49513
  2.49449
  2.49444
 
 11.84683
 10.68440
  9.69401
  8.82895
  8.07232
  7.40791
  6.82248
  6.30177
  5.83234
  5.40654
  5.01838
  4.66125
  4.32709
  4.01056
  3.71162
  3.43111
  3.16956
  2.92352
  2.69093
  2.58046
  2.47338
  2.39130
  2.31172
  2.29188
  2.27514
  2.27361
  2.27248
  2.27176
  2.27138
  2.27173
 
 12.05414
 10.80253
  9.75637
  8.84571
  8.05332
  7.36133
  6.75238
  6.21013
  5.72006
  5.27442
  4.86736
  4.49265
  4.14285
  3.81297
  3.50247
  3.21140
  2.93925
  2.68302
  2.43886
  2.32153
  2.20690
  2.11818
  2.03245
  2.01199
  1.99686
  1.99452
  1.99228
  1.99263
  1.99258
  1.99285
 
 12.18295
 10.89040
  9.82257
  8.89283
  8.08453
  7.37882
  6.75695
  6.20198
  5.69934
  5.24146
  4.82263
  4.43673
  4.07660
  3.73729
  3.41794
  3.11802
  2.83615
  2.56838
  2.31081
  2.18587
  2.06395
  1.96953
  1.87698
  1.85444
  1.83733
  1.83496
  1.83280
  1.83296
  1.83288
  1.83242
 
 12.36036
 11.03440
  9.95858
  9.01988
  8.20451
  7.48828
  6.85439
  6.28679
  5.77209
  5.30270
  4.87250
  4.47476
  4.10155
  3.74742
  3.41149
  3.09315
  2.79002
  2.49501
  2.20267
  2.05651
  1.91020
  1.79385
  1.67957
  1.65066
  1.62718
  1.62460
  1.62253
  1.62206
  1.62178
  1.62123
 
 12.44977
 11.11682
 10.05048
  9.11991
  8.31168
  7.59839
  6.96549
  6.39851
  5.88518
  5.41757
  4.98864
  4.59050
  4.21356
  3.85147
  3.50395
  3.17143
  2.85144
  2.53414
  2.20938
  2.04122
  1.86474
  1.71841
  1.57854
  1.54448
  1.51712
  1.51357
  1.51046
  1.51025
  1.50996
  1.51114
 
 12.53296
 11.19376
 10.15469
  9.25673
  8.47681
  7.78773
  7.17482
  6.62330
  6.12042
  5.65900
  5.23309
  4.83595
  4.45920
  4.09629
  3.74418
  3.39858
  3.05305
  2.69625
  2.31261
  2.10341
  1.87401
  1.67228
  1.46983
  1.42702
  1.40001
  1.39600
  1.38909
  1.38824
  1.39055
  1.39371
 
 12.55465
 11.22563
 10.21960
  9.35508
  8.60170
  7.93558
  7.34240
  6.80763
  6.31851
  5.86811
  5.45071
  5.05961
  4.68630
  4.32396
  3.96931
  3.61753
  3.26012
  2.88004
  2.45195
  2.20674
  1.92666
  1.67318
  1.41639
  1.36393
  1.33707
  1.33293
  1.32293
  1.32161
  1.32589
  1.32943
 
 12.55029
 11.23684
 10.26459
  9.43010
  8.70063
  8.05480
  7.47894
  6.95889
  6.48211
  6.04189
  5.63284
  5.24840
  4.88011
  4.52102
  4.16753
  3.81419
  3.45062
  3.05492
  2.59298
  2.31851
  1.99478
  1.69650
  1.38942
  1.32608
  1.29714
  1.29294
  1.28076
  1.27898
  1.28433
  1.28717
 
 12.53428
 11.23833
 10.29839
  9.49002
  8.78170
  8.15352
  7.59260
  7.08528
  6.61933
  6.18837
  5.78723
  5.40957
  5.04704
  4.69260
  4.34229
  3.99001
  3.62368
  3.21734
  2.72899
  2.43030
  2.06931
  1.73111
  1.37741
  1.30259
  1.26952
  1.26515
  1.25139
  1.24919
  1.25507
  1.25686
 
 12.40333
 11.21190
 10.36887
  9.62034
  8.94692
  8.33610
  7.78247
  7.27986
  6.82299
  6.40620
  6.02313
  5.66584
  5.32349
  4.98674
  4.65012
  4.30478
  3.93379
  3.50193
  2.95871
  2.62260
  2.22067
  1.83824
  1.38827
  1.26953
  1.23168
  1.23067
  1.21340
  1.20940
  1.21735
  1.21599
 
 12.43240
 11.23736
 10.41411
  9.68224
  9.02590
  8.43264
  7.89707
  7.41295
  6.97483
  6.57676
  6.21186
  5.87126
  5.54249
  5.21520
  4.88465
  4.54355
  4.17815
  3.75935
  3.22163
  2.85773
  2.37231
  1.89429
  1.39598
  1.27651
  1.21527
  1.20592
  1.18836
  1.18827
  1.18683
  1.18956
 
 12.34843
 11.20747
 10.45663
  9.78374
  9.17720
  8.62691
  8.12862
  7.67729
  7.26847
  6.89713
  6.55734
  6.24110
  5.93680
  5.63439
  5.32857
  5.01064
  4.66352
  4.24958
  3.68465
  3.28157
  2.72229
  2.14454
  1.47851
  1.29745
  1.18851
  1.17461
  1.15405
  1.15276
  1.15084
  1.15168
 
 12.29035
 11.18603
 10.48046
  9.84582
  9.27174
  8.74988
  8.27659
  7.84769
  7.45933
  7.10718
  6.78598
  6.48853
  6.20405
  5.92296
  5.63973
  5.34492
  5.01906
  4.61801
  4.04616
  3.62560
  3.02926
  2.38756
  1.57792
  1.33948
  1.17868
  1.15896
  1.13587
  1.13362
  1.13148
  1.13147
 
 12.17108
 11.13205
 10.49811
  9.92203
  9.39625
  8.91468
  8.47505
  8.07451
  7.71062
  7.38058
  7.08101
  6.80712
  6.55154
  6.30697
  6.06738
  5.82077
  5.54004
  5.16007
  4.56532
  4.12070
  3.49867
  2.80408
  1.80379
  1.46714
  1.17341
  1.13895
  1.12003
  1.11611
  1.10199
  1.11033
 
 12.15786
 11.13394
 10.52299
  9.96738
  9.46080
  8.99794
  8.57671
  8.19460
  7.84940
  7.53863
  7.25911
  7.00632
  6.77301
  6.55215
  6.33854
  6.12122
  5.87438
  5.53347
  4.97613
  4.53985
  3.90142
  3.15026
  1.98971
  1.57858
  1.19364
  1.14123
  1.10686
  1.10249
  1.09167
  1.09935
 
 12.15472
 11.14040
 10.54243
  9.99874
  9.50373
  9.05269
  8.64359
  8.27412
  7.94220
  7.64547
  7.38093
  7.14414
  6.92780
  6.72508
  6.53150
  6.33728
  6.11829
  5.81214
  5.29451
  4.87386
  4.23501
  3.44958
  2.16342
  1.68628
  1.21786
  1.14845
  1.09840
  1.09338
  1.08614
  1.09265
 
 12.14292
 11.14781
 10.56477
 10.03205
  9.54499
  9.10001
  8.69588
  8.33118
  8.00489
  7.71531
  7.46020
  7.23615
  7.03738
  6.85709
  6.68703
  6.50903
  6.29531
  6.00023
  5.52328
  5.14111
  4.55172
  3.77395
  2.33176
  1.76911
  1.22790
  1.15284
  1.10056
  1.09307
  1.08904
  1.08815
 
 12.12865
 11.15458
 10.58651
 10.06660
  9.59095
  9.15696
  8.76387
  8.41081
  8.09736
  7.82209
  7.58292
  7.37651
  7.19706
  7.03816
  6.89303
  6.74578
  6.57103
  6.32404
  5.90521
  5.55551
  4.99502
  4.21229
  2.63718
  1.97457
  1.27378
  1.16874
  1.09717
  1.09122
  1.08040
  1.08249
 
 12.12236
 11.16129
 10.60133
 10.08886
  9.62032
  9.19355
  8.80784
  8.46243
  8.15702
  7.89050
  7.66111
  7.46605
  7.30023
  7.15795
  7.03317
  6.91082
  6.76628
  6.55546
  6.18116
  5.85944
  5.33191
  4.56709
  2.91284
  2.16033
  1.31916
  1.18961
  1.09757
  1.08953
  1.07630
  1.07904
 
 12.11131
 11.17463
 10.62522
 10.12210
  9.66247
  9.24499
  8.86912
  8.53449
  8.24114
  7.98794
  7.77312
  7.59448
  7.44863
  7.33177
  7.23958
  7.15924
  7.06950
  6.93107
  6.64599
  6.37256
  5.90116
  5.19726
  3.50605
  2.56980
  1.42520
  1.24738
  1.10452
  1.08938
  1.07399
  1.07439
 
 12.10858
 11.18668
 10.63579
 10.13437
  9.67927
  9.26826
  8.90003
  8.57343
  8.28772
  8.04197
  7.83502
  7.66485
  7.52727
  7.41933
  7.34153
  7.29082
  7.25110
  7.16541
  6.92896
  6.69520
  6.29138
  5.64250
  3.92331
  2.93499
  1.53900
  1.30401
  1.11325
  1.09245
  1.07258
  1.07206
 
 12.05227
 11.19244
 10.64744
 10.15140
  9.70158
  9.29605
  8.93356
  8.61315
  8.33422
  8.09613
  7.89800
  7.73821
  7.61314
  7.52079
  7.46310
  7.43960
  7.43877
  7.41189
  7.26657
  7.09516
  6.76845
  6.20790
  4.58054
  3.49965
  1.74896
  1.42578
  1.13521
  1.10068
  1.07095
  1.06970
 
 12.00298
 11.19447
 10.65261
 10.15942
  9.71240
  9.30978
  8.95038
  8.63333
  8.35806
  8.12406
  7.93061
  7.77630
  7.65780
  7.57362
  7.52658
  7.51786
  7.53901
  7.54741
  7.46047
  7.33111
  7.05940
  6.56887
  5.05275
  3.93789
  1.94361
  1.54405
  1.15911
  1.11016
  1.07109
  1.06851
 
 11.94626
 11.18856
 10.65661
 10.16879
  9.72423
  9.32264
  8.96358
  8.64698
  8.37292
  8.14087
  7.94982
  7.79887
  7.68686
  7.61322
  7.57765
  7.57389
  7.59193
  7.61381
  7.57759
  7.48344
  7.26090
  6.85030
  5.43728
  4.24217
  2.12491
  1.67231
  1.18408
  1.11089
  1.07714
  1.06780
 
 11.92112
 11.18884
 10.65827
 10.17195
  9.72877
  9.32850
  8.97077
  8.65553
  8.38293
  8.15251
  7.96337
  7.81474
  7.70564
  7.63572
  7.60493
  7.60743
  7.63451
  7.67167
  7.66523
  7.59596
  7.40804
  7.04043
  5.71857
  4.54287
  2.29414
  1.77856
  1.20917
  1.12163
  1.08022
  1.06732
 
 11.88940
 11.18964
 10.66095
 10.17614
  9.73451
  9.33588
  8.97990
  8.66650
  8.39589
  8.16765
  7.98103
  7.83540
  7.73009
  7.66498
  7.64041
  7.65097
  7.68944
  7.74609
  7.78007
  7.74675
  7.61031
  7.30622
  6.13521
  5.02450
  2.60649
  1.97588
  1.25913
  1.14486
  1.08612
  1.06672
 
 11.86883
 11.19055
 10.66310
 10.17916
  9.73826
  9.34054
  8.98558
  8.67313
  8.40324
  8.17591
  7.99114
  7.84851
  7.74637
  7.68392
  7.66227
  7.67751
  7.72378
  7.79077
  7.84848
  7.84404
  7.75333
  7.48540
  6.39207
  5.41174
  2.90018
  2.15318
  1.30634
  1.17477
  1.08265
  1.06635
 
 11.83878
 11.19158
 10.66566
 10.18276
  9.74296
  9.34645
  8.99285
  8.68194
  8.41389
  8.18865
  8.00613
  7.86596
  7.76682
  7.70826
  7.69180
  7.71419
  7.77094
  7.85550
  7.94585
  7.97237
  7.94366
  7.77077
  6.87962
  6.02539
  3.48676
  2.56336
  1.42463
  1.23340
  1.09587
  1.06588
 
 11.82182
 11.19203
 10.66669
 10.18451
  9.74538
  9.34951
  8.99657
  8.68638
  8.41915
  8.19489
  8.01350
  7.87470
  7.77721
  7.72074
  7.70701
  7.73308
  7.79525
  7.88928
  7.99708
  8.03972
  8.04449
  7.92917
  7.18299
  6.42708
  3.94595
  2.91330
  1.53808
  1.29386
  1.10921
  1.06564
 
 11.80364
 11.19217
 10.66751
 10.18617
  9.74783
  9.35267
  9.00036
  8.69083
  8.42434
  8.20096
  8.02069
  7.88329
  7.78755
  7.73322
  7.72226
  7.75209
  7.81989
  7.92386
  8.05003
  8.10923
  8.14795
  8.09790
  7.54820
  6.93207
  4.62732
  3.47479
  1.74969
  1.41432
  1.13542
  1.06541
 
 11.81493
 11.19909
 10.66683
 10.18220
  9.74350
  9.34946
  8.99911
  8.69182
  8.42729
  8.20540
  8.02598
  7.88829
  7.78987
  7.73069
  7.71662
  7.75398
  7.84402
  7.96410
  8.08417
  8.14151
  8.19110
  8.18010
  7.77345
  7.23609
  5.10458
  3.91540
  1.94602
  1.53287
  1.15968
  1.06530
 
 11.80877
 11.19923
 10.66723
 10.18287
  9.74441
  9.35057
  9.00040
  8.69331
  8.42898
  8.20732
  8.02817
  7.89082
  7.79289
  7.73436
  7.72122
  7.75987
  7.85178
  7.97460
  8.09992
  8.16295
  8.22473
  8.23638
  7.90951
  7.44744
  5.46654
  4.26616
  2.13889
  1.64747
  1.18410
  1.06523
 
 11.80440
 11.19930
 10.66754
 10.18330
  9.74499
  9.35128
  9.00126
  8.69428
  8.43010
  8.20859
  8.02964
  7.89253
  7.79492
  7.73683
  7.72430
  7.76380
  7.85695
  7.98170
  8.11066
  8.17752
  8.24728
  8.27435
  8.00607
  7.60019
  5.74977
  4.55857
  2.31823
  1.76053
  1.20816
  1.06519
 
 11.77834
 11.19315
 10.66935
 10.18850
  9.75070
  9.35629
  9.00494
  8.69652
  8.43119
  8.20904
  8.03005
  7.89409
  7.80020
  7.74848
  7.74117
  7.77613
  7.85147
  7.96759
  8.11873
  8.20219
  8.28292
  8.32171
  8.13456
  7.80602
  6.17052
  5.02343
  2.63958
  1.98308
  1.25639
  1.06513
 
 11.77471
 11.19282
 10.66935
 10.18866
  9.75099
  9.35660
  9.00519
  8.69674
  8.43157
  8.20970
  8.03108
  7.89549
  7.80200
  7.75069
  7.74377
  7.77915
  7.85513
  7.97295
  8.12701
  8.21283
  8.30080
  8.35244
  8.21224
  7.93911
  6.47110
  5.38288
  2.92103
  2.18286
  1.30326
  1.06509
 
