  5.33622
  5.42716
  5.49406
  5.54076
  5.56969
  5.58398
  5.58507
  5.57515
  5.55713
  5.53207
  5.50116
  5.46525
  5.42518
  5.38222
  5.33786
  5.29554
  5.25886
  5.22912
  5.20617
  5.19597
  5.18507
  5.17521
  5.16376
  5.16067
  5.15821
  5.15788
  5.15765
  5.15762
  5.15759
  5.15760
 
  6.01520
  6.11555
  6.17674
  6.20601
  6.20923
  6.19348
  6.16180
  6.11781
  6.06607
  6.00713
  5.94065
  5.86782
  5.79303
  5.72030
  5.65002
  5.58202
  5.51702
  5.45833
  5.40413
  5.37492
  5.34642
  5.32641
  5.31139
  5.30768
  5.30470
  5.30433
  5.30402
  5.30397
  5.30397
  5.30391
 
  6.49833
  6.59962
  6.64785
  6.65407
  6.62812
  6.58119
  6.51756
  6.44157
  6.35852
  6.26945
  6.17442
  6.07523
  5.97601
  5.88075
  5.78970
  5.70224
  5.61849
  5.54133
  5.47001
  5.43403
  5.39963
  5.37535
  5.35535
  5.35051
  5.34666
  5.34618
  5.34579
  5.34573
  5.34571
  5.34565
 
  7.17762
  7.26920
  7.28466
  7.24258
  7.15992
  7.05507
  6.93439
  6.80347
  6.66880
  6.53213
  6.39407
  6.25671
  6.12245
  5.99401
  5.87188
  5.75581
  5.64596
  5.54380
  5.45213
  5.41133
  5.37338
  5.34562
  5.31825
  5.31172
  5.30655
  5.30586
  5.30536
  5.30530
  5.30525
  5.30523
 
  7.65740
  7.73251
  7.71324
  7.62521
  7.49153
  7.33654
  7.16827
  6.99316
  6.81849
  6.64606
  6.47634
  6.31112
  6.15139
  5.99884
  5.85403
  5.71701
  5.58801
  5.46781
  5.36193
  5.31796
  5.27796
  5.24843
  5.21698
  5.20956
  5.20373
  5.20293
  5.20237
  5.20231
  5.20224
  5.20223
 
  8.02772
  8.08378
  8.03050
  7.90017
  7.72126
  7.52306
  7.31485
  7.10362
  6.89703
  6.69654
  6.50216
  6.31499
  6.13525
  5.96389
  5.80145
  5.64786
  5.50335
  5.36852
  5.25062
  5.20299
  5.16037
  5.12921
  5.09552
  5.08767
  5.08153
  5.08069
  5.08010
  5.08003
  5.07996
  5.07996
 
  8.32903
  8.36504
  8.27920
  8.11012
  7.89094
  7.65513
  7.41294
  7.17160
  6.93884
  6.71560
  6.50120
  6.29593
  6.09973
  5.91304
  5.73623
  5.56897
  5.41126
  5.26391
  5.13506
  5.08314
  5.03717
  5.00424
  4.96933
  4.96133
  4.95512
  4.95428
  4.95368
  4.95360
  4.95353
  4.95354
 
  8.80253
  8.79795
  8.65173
  8.41408
  8.12607
  7.82780
  7.53067
  7.24182
  6.96848
  6.71028
  6.46474
  6.23067
  6.00835
  5.79767
  5.59848
  5.40942
  5.22985
  5.06147
  4.91266
  4.85089
  4.79675
  4.75982
  4.72421
  4.71633
  4.71028
  4.70947
  4.70890
  4.70883
  4.70877
  4.70875
 
  9.16746
  9.12311
  8.92240
  8.62584
  8.28089
  7.93264
  7.59280
  7.26793
  6.96439
  6.68006
  6.41111
  6.15487
  5.91248
  5.68356
  5.46735
  5.26134
  5.06416
  4.87859
  4.71202
  4.64002
  4.57697
  4.53560
  4.49977
  4.49210
  4.48631
  4.48556
  4.48502
  4.48496
  4.48491
  4.48487
 
 10.09574
  9.67954
  9.24416
  8.82506
  8.42105
  8.03148
  7.65574
  7.29357
  6.94523
  6.60948
  6.29026
  5.98645
  5.69945
  5.42706
  5.16997
  4.92896
  4.70427
  4.49341
  4.29902
  4.21400
  4.14364
  4.09801
  4.03303
  4.01254
  4.01724
  4.02046
  4.01873
  4.01765
  4.01957
  4.01831
 
 10.27027
 10.04963
  9.63832
  9.13548
  8.60589
  8.10586
  7.64369
  7.21931
  6.83176
  6.47392
  6.13955
  5.82061
  5.52153
  5.24002
  4.97327
  4.71590
  4.46478
  4.22442
  3.99392
  3.88080
  3.77930
  3.71510
  3.67140
  3.66269
  3.65635
  3.65565
  3.65510
  3.65499
  3.65497
  3.65495
 
 10.87590
 10.50970
  9.94924
  9.31792
  8.68490
  8.10663
  7.58599
  7.11629
  6.68690
  6.29331
  5.92735
  5.57922
  5.25284
  4.94512
  4.65173
  4.36733
  4.08852
  3.81813
  3.54889
  3.41064
  3.28383
  3.20108
  3.14384
  3.13210
  3.12345
  3.12250
  3.12175
  3.12161
  3.12158
  3.12159
 
 11.45852
 10.72558
  9.98356
  9.30113
  8.67023
  8.08537
  7.54310
  7.04096
  6.57290
  6.14078
  5.74510
  5.37655
  5.03370
  4.71166
  4.40555
  4.11297
  3.82847
  3.53871
  3.23421
  3.08158
  2.94083
  2.84376
  2.76803
  2.75933
  2.74547
  2.74310
  2.74257
  2.74243
  2.74264
  2.74244
 
 11.72063
 10.90044
 10.07917
  9.33307
  8.65056
  8.02470
  7.45017
  6.92216
  6.43575
  5.99073
  5.58696
  5.21208
  4.86243
  4.53438
  4.22066
  3.91848
  3.62205
  3.31798
  2.99682
  2.83486
  2.68409
  2.57755
  2.48860
  2.47537
  2.45899
  2.45642
  2.45551
  2.45535
  2.45543
  2.45526
 
 11.91126
 11.01830
 10.13257
  9.33578
  8.61277
  7.95548
  7.35697
  6.80954
  6.30981
  5.85709
  5.44849
  5.07020
  4.71646
  4.38489
  4.06668
  3.75846
  3.45424
  3.14077
  2.80871
  2.64059
  2.48287
  2.36915
  2.26874
  2.25113
  2.23250
  2.22979
  2.22850
  2.22831
  2.22829
  2.22813
 
 12.15498
 11.14958
 10.16768
  9.29687
  8.51586
  7.81417
  7.18294
  6.61158
  6.09654
  5.63926
  5.22857
  4.84844
  4.48795
  4.14546
  3.81409
  3.49214
  3.17690
  2.85736
  2.52410
  2.35350
  2.18523
  2.05641
  1.94056
  1.91347
  1.89184
  1.88928
  1.88713
  1.88685
  1.88664
  1.88655
 
 12.37867
 11.23762
 10.15836
  9.22272
  8.40044
  7.67313
  7.02623
  6.44614
  5.92390
  5.46160
  5.04543
  4.65945
  4.29275
  3.94472
  3.61129
  3.28784
  2.97132
  2.65007
  2.31365
  2.14014
  1.96669
  1.83028
  1.70072
  1.66943
  1.64446
  1.64147
  1.63894
  1.63863
  1.63836
  1.63826
 
 12.78384
 11.36329
 10.10151
  9.04790
  8.15379
  7.38356
  6.70924
  6.11475
  5.58771
  5.11857
  4.69438
  4.30003
  3.92496
  3.56779
  3.23316
  2.91259
  2.60116
  2.28638
  1.95578
  1.78253
  1.60345
  1.45570
  1.30702
  1.26943
  1.23925
  1.23560
  1.23252
  1.23215
  1.23181
  1.23174
 
 13.10084
 11.44961
 10.05519
  8.91868
  7.97134
  7.17044
  6.48087
  5.87760
  5.34772
  4.87572
  4.44649
  4.04723
  3.66790
  3.30626
  2.96953
  2.65420
  2.35048
  2.04573
  1.72620
  1.55691
  1.37749
  1.22518
  1.06831
  1.02769
  0.99495
  0.99099
  0.98766
  0.98724
  0.98688
  0.98686
 
 13.65273
 11.61174
 10.04162
  8.80980
  7.79874
  6.94919
  6.23369
  5.61608
  5.07342
  4.59023
  4.14925
  3.73943
  3.35496
  2.99343
  2.65677
  2.34654
  2.04916
  1.75526
  1.45341
  1.29264
  1.11968
  0.96893
  0.80476
  0.76141
  0.72658
  0.72199
  0.71862
  0.71821
  0.71785
  0.71779
 
 14.17338
 11.81515
 10.12231
  8.81946
  7.76530
  6.87878
  6.13909
  5.50839
  4.95422
  4.45931
  4.00888
  3.59227
  3.20328
  2.83830
  2.49705
  2.18123
  1.88692
  1.59855
  1.30596
  1.15133
  0.98359
  0.83489
  0.66764
  0.62273
  0.58676
  0.58205
  0.57856
  0.57812
  0.57779
  0.57765
 
 14.65365
 12.04039
 10.25857
  8.89527
  7.80594
  6.89286
  6.13206
  5.48664
  4.92061
  4.41399
  3.95307
  3.52807
  3.13270
  2.76279
  2.41660
  2.09400
  1.79657
  1.51045
  1.22225
  1.07034
  0.90445
  0.75580
  0.58583
  0.53981
  0.50289
  0.49806
  0.49447
  0.49402
  0.49369
  0.49349
 
 15.09148
 12.26655
 10.41616
  9.00053
  7.87991
  6.94863
  6.17161
  5.51190
  4.93375
  4.41612
  3.94526
  3.51179
  3.10960
  2.73415
  2.38258
  2.05315
  1.74844
  1.46207
  1.17491
  1.02353
  0.85725
  0.70712
  0.53379
  0.48664
  0.44867
  0.44370
  0.44002
  0.43955
  0.43922
  0.43898
 
 15.79003
 12.75245
 10.79777
  9.25117
  8.03456
  7.06898
  6.28415
  5.62178
  5.03466
  4.50328
  4.01772
  3.57015
  3.15327
  2.76195
  2.39413
  2.04907
  1.72849
  1.43399
  1.14227
  0.98778
  0.81688
  0.66076
  0.47737
  0.42729
  0.38688
  0.38180
  0.37762
  0.37713
  0.37665
  0.37654
 
 16.38916
 13.11898
 11.09423
  9.49220
  8.24269
  7.25889
  6.45955
  5.78158
  5.17872
  4.63288
  4.13455
  3.67551
  3.24800
  2.84623
  2.46706
  2.10784
  1.76867
  1.45481
  1.15327
  0.99309
  0.81444
  0.64953
  0.45335
  0.39948
  0.35592
  0.35043
  0.34593
  0.34539
  0.34489
  0.34484
 
 17.46187
 13.82465
 11.70498
 10.03678
  8.76966
  7.75671
  6.92657
  6.21629
  5.58312
  5.00971
  4.48652
  4.00461
  3.55513
  3.13087
  2.72661
  2.33644
  1.95772
  1.59497
  1.25129
  1.07100
  0.86616
  0.67358
  0.44112
  0.37704
  0.32515
  0.31859
  0.31335
  0.31268
  0.31210
  0.31207
 
 18.13602
 14.31433
 12.18211
 10.51161
  9.25376
  8.22525
  7.36971
  6.63159
  5.97378
  5.37898
  4.83659
  4.33655
  3.86858
  3.42457
  2.99948
  2.58750
  2.18348
  1.78395
  1.38534
  1.17890
  0.94222
  0.71952
  0.45256
  0.37755
  0.31660
  0.30892
  0.30287
  0.30207
  0.30164
  0.30118
 
 18.99329
 14.95482
 12.86444
 11.26228
 10.02606
  8.98967
  8.10827
  7.33699
  6.64588
  6.01933
  5.44710
  4.91937
  4.42587
  3.95780
  3.50837
  3.06874
  2.62784
  2.16999
  1.67501
  1.40505
  1.10593
  0.82500
  0.49201
  0.39653
  0.31657
  0.30550
  0.29608
  0.29498
  0.29488
  0.29313
 
 19.50800
 15.33353
 13.32780
 11.81979
 10.61484
  9.57912
  8.67968
  7.88551
  7.17647
  6.53602
  5.94971
  5.40562
  4.89463
  4.40852
  3.94001
  3.47929
  3.01346
  2.52266
  1.96386
  1.63567
  1.26567
  0.92642
  0.53414
  0.42423
  0.32350
  0.30747
  0.29336
  0.29191
  0.29197
  0.28930
 
 19.72784
 15.56973
 13.70370
 12.27685
 11.09147
 10.05255
  9.13787
  8.32349
  7.59509
  6.93937
  6.34446
  5.79819
  5.28699
  4.79921
  4.32646
  3.85704
  3.37149
  2.83375
  2.19862
  1.82817
  1.41156
  1.04030
  0.58563
  0.44896
  0.33090
  0.31160
  0.29166
  0.28929
  0.29050
  0.28675
 
 19.98576
 15.73590
 13.95488
 12.58146
 11.42669
 10.40553
  9.50031
  8.68907
  7.95927
  7.29889
  6.69728
  6.14330
  5.62453
  5.12975
  4.64989
  4.17184
  3.67322
  3.11146
  2.43078
  2.02391
  1.55674
  1.13866
  0.63174
  0.47782
  0.33975
  0.31581
  0.29039
  0.28736
  0.28896
  0.28484
 
 20.32376
 15.94472
 14.31720
 13.02390
 11.92310
 10.93673
 10.05345
  9.25439
  8.52971
  7.86927
  7.26403
  6.70436
  6.17931
  5.67829
  5.19136
  4.70347
  4.18797
  3.59233
  2.84348
  2.37989
  1.83002
  1.32328
  0.72156
  0.53481
  0.35769
  0.32484
  0.28894
  0.28452
  0.28653
  0.28215
 
 20.52936
 16.07274
 14.56219
 13.33009
 12.27348
 11.31850
 10.45747
  9.67374
  8.95922
  8.30502
  7.70321
  7.14507
  6.62055
  6.11940
  5.63120
  5.13963
  4.61512
  3.99810
  3.20187
  2.69652
  2.08267
  1.49693
  0.80704
  0.58939
  0.37513
  0.33403
  0.28851
  0.28268
  0.28464
  0.28033
 
 20.79144
 16.25334
 14.91427
 13.79173
 12.81421
 11.92188
 11.10986
 10.36522
  9.68190
  9.05283
  8.47148
  7.93027
  7.41991
  6.93044
  6.45088
  5.96335
  5.43422
  4.79352
  3.93082
  3.35960
  2.63560
  1.90528
  1.00145
  0.71374
  0.41528
  0.35623
  0.28993
  0.28069
  0.28122
  0.27758
 
 20.91750
 16.34102
 15.09748
 14.04559
 13.12074
 12.27349
 11.50014
 10.78949
 10.13632
  9.53438
  8.97766
  8.45886
  7.96854
  7.49653
  7.03189
  6.55622
  6.03423
  5.39081
  4.50059
  3.89395
  3.10177
  2.26858
  1.17424
  0.82464
  0.45139
  0.37701
  0.29317
  0.28075
  0.27895
  0.27603
 
 21.04521
 16.41216
 15.28074
 14.31222
 13.45310
 12.66598
 11.94742
 11.28858
 10.68457
 10.12979
  9.61837
  9.14270
  8.69239
  8.25658
  7.82479
  7.37890
  6.88284
  6.25759
  5.36041
  4.72397
  3.85686
  2.88850
  1.47537
  1.01985
  0.51552
  0.41506
  0.30184
  0.28373
  0.27624
  0.27434
 
 21.09019
 16.43681
 15.36986
 14.44886
 13.62898
 12.87968
 12.19770
 11.57499
 11.00705
 10.48846
 10.01328
  9.57349
  9.15769
  8.75439
  8.35367
  7.93804
  7.47184
  6.87510
  5.99600
  5.35389
  4.45189
  3.40089
  1.75143
  1.19095
  0.57247
  0.44968
  0.31157
  0.28840
  0.27486
  0.27345
 
 21.08917
 16.44753
 15.42238
 14.53210
 13.73852
 13.01531
 12.35910
 11.76271
 11.22174
 10.73091
 10.28427
  9.87347
  9.48638
  9.11101
  8.73794
  8.35033
  7.91331
  7.34713
  6.49494
  5.85771
  4.94070
  3.83652
  2.00995
  1.34542
  0.62457
  0.48176
  0.32146
  0.29368
  0.27422
  0.27289
 
 21.04420
 16.45186
 15.46609
 14.60287
 13.82902
 13.12241
 12.48032
 11.89748
 11.37067
 10.89563
 10.46743
 10.07924
  9.72075
  9.38022
  9.04421
  8.68706
  8.26867
  7.71988
  6.89348
  6.26968
  5.35697
  4.22458
  2.24897
  1.48578
  0.67350
  0.51325
  0.33134
  0.29845
  0.27406
  0.27252
 
 20.98941
 16.46982
 15.51555
 14.67754
 13.92747
 13.24679
 12.63231
 12.07860
 11.58212
 11.13863
 10.74311
 10.38826
 10.06275
  9.75542
  9.45763
  9.15260
  8.80271
  8.31675
  7.52589
  6.91387
  6.01585
  4.86254
  2.67912
  1.76165
  0.76256
  0.56899
  0.35002
  0.30938
  0.27476
  0.27204
 
 20.91885
 16.47757
 15.55094
 14.73381
 14.00120
 13.33764
 12.73985
 12.20332
 11.72492
 11.30067
 10.92609
 10.59434
 10.29458
 10.01619
  9.75133
  9.48413
  9.17758
  8.73932
  7.99837
  7.41166
  6.53564
  5.37627
  3.05660
  2.02112
  0.84403
  0.62042
  0.36780
  0.32001
  0.27596
  0.27175
 
 20.76729
 16.49532
 15.61064
 14.82488
 14.11780
 13.47865
 12.90452
 12.39209
 11.93865
 11.54135
 11.19670
 10.89917
 10.63952
 10.40895
 10.20167
 10.00418
  9.78178
  9.44152
  8.81090
  8.28443
  7.46830
  6.33113
  3.83630
  2.59569
  1.02628
  0.73594
  0.40842
  0.34503
  0.28019
  0.27135
 
 20.52037
 16.49844
 15.64838
 14.88431
 14.19129
 13.56332
 12.99901
 12.49654
 12.05479
 11.67132
 11.34260
 11.06470
 10.83250
 10.63951
 10.47634
 10.32010
 10.13425
  9.85484
  9.33320
  8.87002
  8.10833
  7.00928
  4.46426
  3.07271
  1.18758
  0.83999
  0.44494
  0.36822
  0.28502
  0.27115
 
 19.95810
 16.50310
 15.67871
 14.93477
 14.25854
 13.64533
 13.09441
 12.60451
 12.17557
 11.80683
 11.49676
 11.24280
 11.03981
 10.88201
 10.76290
 10.66411
 10.55455
 10.37589
  9.99349
  9.61971
  8.95185
  7.92916
  5.39544
  3.86430
  1.47421
  1.02396
  0.50960
  0.40889
  0.29618
  0.27095
 
 19.48192
 16.50357
 15.69087
 14.95557
 14.28727
 13.68207
 13.13937
 12.65794
 12.23785
 11.87871
 11.57949
 11.33817
 11.15046
 11.01187
 10.91769
 10.85244
 10.78956
 10.67828
 10.39569
 10.08830
  9.49947
  8.55351
  6.08402
  4.48477
  1.72657
  1.18826
  0.56683
  0.44553
  0.30712
  0.27085
 
 19.13705
 16.50491
 15.69848
 14.96685
 14.30168
 13.70068
 13.16354
 12.68866
 12.27616
 11.92506
 11.63344
 11.39913
 11.21973
 11.09249
 11.01399
 10.97060
 10.93963
 10.87896
 10.66914
 10.40685
  9.88552
  9.02368
  6.63377
  4.98032
  1.95227
  1.34089
  0.61974
  0.47800
  0.31819
  0.27078
 
 18.89798
 16.50449
 15.70328
 14.97518
 14.31334
 13.71603
 13.18240
 12.71096
 12.30176
 11.95432
 11.66765
 11.44036
 11.26892
 11.15014
 11.08178
 11.05262
 11.04335
 11.01596
 10.86535
 10.65060
 10.18620
  9.37300
  7.05631
  5.42099
  2.18357
  1.47860
  0.66835
  0.50963
  0.32819
  0.27074
 
 18.59576
 16.50417
 15.70924
 14.98608
 14.32888
 13.73606
 13.20676
 12.74037
 12.33689
 11.99564
 11.71481
 11.49328
 11.32942
 11.22201
 11.16937
 11.16094
 11.18027
 11.19951
 11.12918
 10.97585
 10.60298
  9.90369
  7.74265
  6.09909
  2.63236
  1.73460
  0.75860
  0.56550
  0.34861
  0.27069
 
 18.40260
 16.50475
 15.71471
 14.99457
 14.33980
 13.74952
 13.22274
 12.75877
 12.35755
 12.01919
 11.74250
 11.52679
 11.36947
 11.26868
 11.22392
 11.22709
 11.26486
 11.31256
 11.29595
 11.19271
 10.89620
 10.27665
  8.22805
  6.64311
  3.02749
  1.96200
  0.84043
  0.61816
  0.36634
  0.27066
 
 18.11047
 16.50554
 15.72157
 15.00560
 14.35452
 13.76764
 13.24442
 12.78441
 12.38796
 12.05448
 11.78265
 11.57164
 11.42108
 11.33046
 11.29960
 11.32033
 11.38170
 11.47040
 11.53709
 11.50749
 11.32568
 10.85851
  9.09839
  7.61393
  3.82774
  2.49236
  1.02436
  0.73412
  0.40882
  0.27062
 
 17.97243
 16.51472
 15.72338
 15.00498
 14.35480
 13.77074
 13.25120
 12.79528
 12.40245
 12.07214
 11.80407
 11.59671
 11.44678
 11.35287
 11.32106
 11.35717
 11.45855
 11.58739
 11.67472
 11.66570
 11.55025
 11.20695
  9.67252
  8.24725
  4.46105
  3.01249
  1.18730
  0.83729
  0.44494
  0.27060
 
 17.79472
 16.51402
 15.72610
 15.00998
 14.36183
 13.77962
 13.26206
 12.80812
 12.41742
 12.08952
 11.82416
 11.62020
 11.47447
 11.38600
 11.36150
 11.40769
 11.52369
 11.67472
 11.80446
 11.83900
 11.80862
 11.59949
 10.37495
  9.12092
  5.41582
  3.82865
  1.47381
  1.02120
  0.51027
  0.27058
 
 17.70097
 16.51321
 15.72704
 15.01204
 14.36498
 13.78371
 13.26705
 12.81415
 12.42450
 12.09785
 11.83409
 11.63199
 11.48843
 11.40289
 11.38229
 11.43375
 11.55731
 11.71952
 11.87080
 11.92814
 11.94441
 11.81539
 10.80920
  9.69191
  6.12215
  4.47168
  1.72520
  1.18569
  0.56789
  0.27057
 
 17.61621
 16.50436
 15.72894
 15.01886
 14.37303
 13.79146
 13.27361
 12.81919
 12.42847
 12.10151
 11.83825
 11.63853
 11.50067
 11.42424
 11.41153
 11.45885
 11.56242
 11.71827
 11.90529
 11.99034
 12.03677
 11.95205
 11.10815
 10.09856
  6.66916
  4.98680
  1.98025
  1.33659
  0.62058
  0.27056
 
 17.57587
 16.50394
 15.72869
 15.01894
 14.37365
 13.79261
 13.27530
 12.82173
 12.43226
 12.10638
 11.84338
 11.64295
 11.50493
 11.43015
 11.42045
 11.47086
 11.57647
 11.73460
 11.93335
 12.03357
 12.09789
 12.03110
 11.30892
 10.45017
  7.11049
  5.39968
  2.28337
  1.48542
  0.66790
  0.27056
 
 17.52209
 16.50414
 15.72996
 15.02087
 14.37610
 13.79545
 13.27850
 12.82540
 12.43633
 12.11108
 11.84884
 11.64927
 11.51231
 11.43884
 11.43098
 11.48406
 11.59369
 11.75868
 11.97028
 12.08213
 12.17013
 12.15217
 11.60777
 10.87730
  7.79301
  6.10302
  2.79857
  1.82310
  0.75662
  0.27055
 
 17.48959
 16.50528
 15.73246
 15.02402
 14.37945
 13.79882
 13.28177
 12.82857
 12.43951
 12.11427
 11.85219
 11.65291
 11.51646
 11.44382
 11.43715
 11.49205
 11.60421
 11.77320
 11.99280
 12.11261
 12.21560
 12.22752
 11.79859
 11.16161
  8.30101
  6.65276
  3.22024
  2.14005
  0.83789
  0.27055
 
