  0.83552
  0.86881
  0.90305
  0.93847
  0.97514
  1.01310
  1.05248
  1.09344
  1.13622
  1.18104
  1.22817
  1.27806
  1.33149
  1.38835
  1.44578
  1.49666
  1.53319
  1.55475
  1.56829
  1.57716
  1.58776
  1.59593
  1.59676
  1.59589
  1.59663
  1.59685
  1.59675
  1.59667
  1.59678
  1.59672
 
  1.15278
  1.19488
  1.23837
  1.28366
  1.33076
  1.37969
  1.43047
  1.48301
  1.53724
  1.59300
  1.64997
  1.70772
  1.76561
  1.82272
  1.87775
  1.92888
  1.97389
  2.01084
  2.03424
  2.03612
  2.02753
  2.01560
  2.03241
  2.04837
  2.04344
  2.04010
  2.04072
  2.04155
  2.03959
  2.04090
 
  1.44478
  1.49424
  1.54497
  1.59752
  1.65187
  1.70800
  1.76583
  1.82525
  1.88604
  1.94796
  2.01057
  2.07323
  2.13509
  2.19499
  2.25134
  2.30211
  2.34506
  2.37913
  2.40019
  2.40156
  2.39345
  2.38329
  2.40448
  2.42168
  2.41400
  2.41001
  2.41107
  2.41212
  2.41000
  2.41136
 
  1.94399
  2.01736
  2.08840
  2.15760
  2.22470
  2.28957
  2.35238
  2.41381
  2.47489
  2.53578
  2.59647
  2.65694
  2.71770
  2.77851
  2.83691
  2.88798
  2.92692
  2.95474
  2.97281
  2.97849
  2.98577
  2.99351
  2.99918
  2.99996
  2.99908
  2.99891
  2.99911
  2.99913
  2.99917
  2.99912
 
  2.37438
  2.46473
  2.54926
  2.62847
  2.70199
  2.76984
  2.83273
  2.89242
  2.95143
  3.01020
  3.06849
  3.12580
  3.18175
  3.23557
  3.28568
  3.32965
  3.36517
  3.39257
  3.41236
  3.41998
  3.42990
  3.44034
  3.44861
  3.44930
  3.44650
  3.44605
  3.44642
  3.44643
  3.44653
  3.44646
 
  2.74985
  2.85355
  2.94801
  3.03375
  3.11034
  3.17799
  3.23795
  3.29301
  3.34706
  3.40079
  3.45387
  3.50551
  3.55475
  3.60058
  3.64215
  3.67893
  3.71042
  3.73663
  3.75769
  3.76710
  3.77933
  3.79190
  3.80203
  3.80266
  3.79866
  3.79801
  3.79849
  3.79851
  3.79866
  3.79859
 
  3.10596
  3.19518
  3.28051
  3.36296
  3.44175
  3.51603
  3.58493
  3.64758
  3.70329
  3.75156
  3.79270
  3.82772
  3.85952
  3.89072
  3.92124
  3.95087
  3.97964
  4.00878
  4.03890
  4.05314
  4.06475
  4.07199
  4.08403
  4.08748
  4.08210
  4.08087
  4.08151
  4.08160
  4.08199
  4.08175
 
  3.67692
  3.77023
  3.85723
  3.93928
  4.01540
  4.08457
  4.14581
  4.19818
  4.24099
  4.27396
  4.29781
  4.31442
  4.32801
  4.34251
  4.35853
  4.37664
  4.39785
  4.42414
  4.45686
  4.47373
  4.48582
  4.49112
  4.50361
  4.50864
  4.50369
  4.50239
  4.50308
  4.50315
  4.50362
  4.50336
 
  4.11882
  4.23669
  4.33812
  4.42448
  4.49485
  4.54901
  4.58788
  4.61392
  4.63091
  4.64044
  4.64445
  4.64655
  4.65303
  4.66855
  4.69003
  4.70828
  4.71660
  4.72559
  4.74636
  4.75989
  4.77400
  4.78521
  4.79617
  4.79775
  4.79640
  4.79610
  4.79639
  4.79654
  4.79642
  4.79655
 
  5.04490
  5.12122
  5.18517
  5.23966
  5.28367
  5.31622
  5.33640
  5.34359
  5.33768
  5.31906
  5.28985
  5.25390
  5.21807
  5.18882
  5.16813
  5.15799
  5.16039
  5.17540
  5.20118
  5.21407
  5.21630
  5.20819
  5.21361
  5.22264
  5.22595
  5.22577
  5.22605
  5.22592
  5.22654
  5.22621
 
  5.65736
  5.75884
  5.82693
  5.86605
  5.87684
  5.86176
  5.82567
  5.77659
  5.72453
  5.67253
  5.62218
  5.57539
  5.53505
  5.50319
  5.47881
  5.45788
  5.43791
  5.42510
  5.42637
  5.43016
  5.42749
  5.41899
  5.41771
  5.42123
  5.43262
  5.43430
  5.43375
  5.43377
  5.43357
  5.43369
 
  6.59453
  6.64540
  6.65707
  6.63721
  6.58781
  6.51280
  6.41871
  6.31547
  6.21437
  6.11925
  6.03139
  5.95194
  5.88295
  5.82491
  5.77588
  5.72977
  5.68277
  5.64333
  5.62045
  5.61187
  5.59311
  5.56853
  5.55413
  5.55677
  5.57435
  5.57706
  5.57587
  5.57588
  5.57545
  5.57569
 
  7.26017
  7.25873
  7.21529
  7.14033
  7.03703
  6.91045
  6.76835
  6.62191
  6.48338
  6.35657
  6.24224
  6.14015
  6.05057
  5.97226
  5.90287
  5.83611
  5.76797
  5.70680
  5.66165
  5.64192
  5.61245
  5.57985
  5.55686
  5.55706
  5.57248
  5.57495
  5.57362
  5.57361
  5.57314
  5.57339
 
  7.77414
  7.72289
  7.62869
  7.50442
  7.35398
  7.18339
  7.00118
  6.81910
  6.65017
  6.49780
  6.36213
  6.24166
  6.13485
  6.03919
  5.95229
  5.86842
  5.78384
  5.70533
  5.64069
  5.61161
  5.57590
  5.54127
  5.51356
  5.51055
  5.51830
  5.51965
  5.51851
  5.51847
  5.51814
  5.51832
 
  8.19119
  8.09328
  7.95269
  7.78427
  7.59245
  7.38390
  7.16756
  6.95536
  6.76069
  6.58666
  6.43262
  6.29606
  6.17385
  6.06272
  5.96035
  5.86199
  5.76431
  5.67175
  5.59028
  5.55339
  5.51430
  5.48102
  5.45104
  5.44460
  5.44207
  5.44188
  5.44113
  5.44106
  5.44093
  5.44101
 
  8.80732
  8.68291
  8.46412
  8.19098
  7.89752
  7.61581
  7.35200
  7.10746
  6.88418
  6.68221
  6.49912
  6.33177
  6.17731
  6.03421
  5.90157
  5.77843
  5.66315
  5.55208
  5.44348
  5.39280
  5.34818
  5.31872
  5.28635
  5.27315
  5.25422
  5.25139
  5.25101
  5.25134
  5.25089
  5.25114
 
  9.31094
  9.04617
  8.74889
  8.43813
  8.11879
  7.79755
  7.48296
  7.18593
  6.91804
  6.68123
  6.47210
  6.28555
  6.11423
  5.95336
  5.80187
  5.65882
  5.52289
  5.39125
  5.26385
  5.20559
  5.15609
  5.12464
  5.08772
  5.07259
  5.04434
  5.04031
  5.04047
  5.04032
  5.04070
  5.04047
 
 10.17467
  9.66449
  9.17419
  8.71741
  8.29199
  7.89602
  7.52799
  7.18743
  6.87391
  6.58632
  6.32266
  6.08024
  5.85577
  5.64768
  5.45705
  5.28291
  5.12280
  4.96535
  4.80154
  4.72169
  4.65221
  4.60709
  4.55637
  4.53963
  4.51930
  4.51657
  4.51589
  4.51586
  4.51591
  4.51572
 
 10.63262
  9.99468
  9.39534
  8.84489
  8.33898
  7.87461
  7.44904
  7.06031
  6.70726
  6.38694
  6.09562
  5.82888
  5.58083
  5.34774
  5.13074
  4.92915
  4.74089
  4.55807
  4.37480
  4.28561
  4.20205
  4.14035
  4.07418
  4.05918
  4.05527
  4.05538
  4.05371
  4.05339
  4.05309
  4.05303
 
 11.07074
 10.36832
  9.63865
  8.92686
  8.27055
  7.69937
  7.20696
  6.77871
  6.40046
  6.05752
  5.73201
  5.41614
  5.11851
  4.84501
  4.59265
  4.35434
  4.12453
  3.91051
  3.71496
  3.61951
  3.52284
  3.44559
  3.37230
  3.35616
  3.34892
  3.34818
  3.34658
  3.34625
  3.34613
  3.34582
 
 11.45054
 10.49570
  9.64752
  8.89184
  8.21638
  7.61233
  7.07374
  6.59235
  6.16025
  5.77114
  5.41838
  5.09430
  4.78905
  4.49624
  4.21713
  3.95492
  3.71091
  3.48115
  3.26471
  3.16254
  3.06357
  2.98762
  2.91269
  2.89336
  2.87592
  2.87378
  2.87241
  2.87221
  2.87210
  2.87200
 
 11.65782
 10.60674
  9.69075
  8.88110
  8.16375
  7.52645
  6.96044
  6.45491
  5.99930
  5.58685
  5.21160
  4.86693
  4.54459
  4.23897
  3.95000
  3.67826
  3.42412
  3.18423
  2.95814
  2.85142
  2.74859
  2.67013
  2.59259
  2.57252
  2.55390
  2.55155
  2.55011
  2.54993
  2.54981
  2.55014
 
 11.80700
 10.68646
  9.72410
  8.87724
  8.13112
  7.47139
  6.88638
  6.36334
  5.89021
  5.46012
  5.06780
  4.70758
  4.37265
  4.05809
  3.76257
  3.48461
  3.22335
  2.97687
  2.74460
  2.63448
  2.52745
  2.44496
  2.36435
  2.34427
  2.32737
  2.32526
  2.32363
  2.32346
  2.32327
  2.32388
 
 12.01116
 10.79937
  9.78017
  8.88778
  8.10668
  7.42047
  6.81299
  6.26900
  5.77486
  5.32387
  4.91133
  4.53238
  4.18145
  3.85416
  3.54815
  3.26020
  2.98797
  2.73072
  2.48677
  2.36988
  2.25535
  2.16623
  2.07944
  2.05853
  2.04303
  2.04118
  2.03935
  2.03916
  2.03892
  2.03913
 
 12.14555
 10.88006
  9.83062
  8.91442
  8.11556
  7.41593
  6.79743
  6.24355
  5.74012
  5.28027
  4.85911
  4.47149
  4.11151
  3.77467
  3.45885
  3.16139
  2.87974
  2.61153
  2.35426
  2.22967
  2.10784
  2.01312
  1.91963
  1.89670
  1.87923
  1.87721
  1.87535
  1.87512
  1.87490
  1.87425
 
 12.32712
 11.00943
  9.93859
  9.00512
  8.19491
  7.48391
  6.85525
  6.29286
  5.78318
  5.31856
  4.89276
  4.49886
  4.12866
  3.77663
  3.44219
  3.12525
  2.82372
  2.53011
  2.23858
  2.09258
  1.94629
  1.82976
  1.71479
  1.68566
  1.66201
  1.65924
  1.65702
  1.65670
  1.65648
  1.65584
 
 12.40258
 11.08339
 10.02446
  9.09946
  8.29540
  7.58571
  6.95629
  6.39312
  5.88431
  5.42173
  4.99800
  4.60474
  4.23177
  3.87239
  3.52684
  3.19636
  2.87889
  2.56385
  2.24038
  2.07245
  1.89598
  1.74944
  1.60904
  1.57481
  1.54731
  1.54385
  1.54082
  1.54051
  1.54017
  1.54151
 
 12.45169
 11.15109
 10.13357
  9.24769
  8.47295
  7.78466
  7.17013
  6.61658
  6.11309
  5.65262
  5.22906
  4.83538
  4.46294
  4.10481
  3.75760
  3.41637
  3.07413
  2.71960
  2.33717
  2.12823
  1.89903
  1.69744
  1.49493
  1.45195
  1.42493
  1.42153
  1.41566
  1.41450
  1.41509
  1.41935
 
 12.40852
 11.17270
 10.21852
  9.37823
  8.62925
  7.95463
  7.34656
  6.79729
  6.30012
  5.84826
  5.43446
  5.05016
  4.68454
  4.32909
  3.98028
  3.63307
  3.27818
  2.89670
  2.46444
  2.22005
  1.94844
  1.70525
  1.44241
  1.38057
  1.35808
  1.35705
  1.34803
  1.34560
  1.34792
  1.35259
 
 12.38341
 11.17362
 10.26035
  9.45499
  8.73282
  8.07966
  7.48862
  6.95277
  6.46605
  6.02227
  5.61470
  5.23533
  4.87377
  4.52155
  4.17449
  3.82626
  3.46500
  3.06635
  2.59810
  2.32502
  2.01377
  1.73043
  1.41561
  1.33908
  1.31614
  1.31602
  1.30476
  1.30157
  1.30496
  1.30894
 
 12.35338
 11.16652
 10.28965
  9.51350
  8.81473
  8.18049
  7.60482
  7.08133
  6.60457
  6.16880
  5.76780
  5.39399
  5.03742
  4.68969
  4.34610
  3.99927
  3.63514
  3.22454
  2.72796
  2.43105
  2.08593
  1.76656
  1.40396
  1.31313
  1.28725
  1.28757
  1.27454
  1.27076
  1.27495
  1.27777
 
 12.29452
 11.14514
 10.32782
  9.59778
  8.93715
  8.33442
  7.78486
  7.28302
  6.82426
  6.40364
  6.01566
  5.65347
  5.30785
  4.97064
  4.63637
  4.29605
  3.93219
  3.50770
  2.97018
  2.63605
  2.23541
  1.85370
  1.40545
  1.28746
  1.25043
  1.25049
  1.23487
  1.23033
  1.23546
  1.23595
 
 12.31079
 11.16269
 10.36813
  9.65692
  9.01469
  8.43009
  7.89852
  7.41457
  6.97353
  6.57031
  6.19907
  5.85232
  5.51971
  5.19237
  4.86554
  4.53152
  4.17534
  3.76449
  3.23053
  2.86736
  2.38307
  1.90677
  1.41245
  1.29440
  1.23328
  1.22512
  1.20903
  1.20790
  1.20524
  1.20902
 
 12.22137
 11.12466
 10.40002
  9.74669
  9.15391
  8.61257
  8.11903
  7.66890
  7.25833
  6.88303
  6.53794
  6.21628
  5.90834
  5.60546
  5.30244
  4.99047
  4.65167
  4.24588
  3.68664
  3.28568
  2.72874
  2.15373
  1.49317
  1.31402
  1.20616
  1.19314
  1.17350
  1.17158
  1.16882
  1.17051
 
 12.16405
 11.09969
 10.41717
  9.79982
  9.23837
  8.72503
  8.25677
  7.82980
  7.44081
  7.08603
  6.76092
  6.45926
  6.17187
  5.89036
  5.60943
  5.31957
  5.00096
  4.60777
  4.04277
  3.62537
  3.03243
  2.39436
  1.59132
  1.35507
  1.19621
  1.17722
  1.15474
  1.15208
  1.14935
  1.14998
 
 12.05179
 11.04420
 10.42641
  9.86308
  9.34713
  8.87291
  8.43833
  8.04088
  7.67835
  7.34828
  7.04763
  6.77223
  6.51557
  6.27109
  6.03292
  5.78928
  5.51324
  5.13956
  4.55283
  4.11319
  3.49710
  2.80836
  1.81568
  1.48123
  1.19047
  1.15677
  1.13849
  1.13445
  1.11971
  1.12855
 
 12.04354
 11.04588
 10.44687
  9.90107
  9.40233
  8.94564
  8.52912
  8.15037
  7.80738
  7.49782
  7.21881
  6.96613
  6.73310
  6.51319
  6.30133
  6.08673
  5.84384
  5.50827
  4.95834
  4.52705
  3.89513
  3.15093
  2.00014
  1.59188
  1.21040
  1.15880
  1.12514
  1.12070
  1.10934
  1.11743
 
 12.04440
 11.05266
 10.46363
  9.92753
  9.43885
  8.99310
  8.58834
  8.22234
  7.89316
  7.59854
  7.33560
  7.10010
  6.88508
  6.68399
  6.49245
  6.30085
  6.08529
  5.78374
  5.27280
  4.85696
  4.22480
  3.44705
  2.17243
  1.69885
  1.23440
  1.16582
  1.11657
  1.11150
  1.10376
  1.11066
 
 12.03529
 11.06047
 10.48461
  9.95795
  9.47610
  9.03556
  8.63523
  8.27382
  7.95037
  7.66329
  7.41043
  7.18855
  6.99209
  6.81439
  6.64711
  6.47182
  6.26076
  5.96925
  5.49849
  5.12123
  4.53893
  3.76900
  2.33817
  1.78031
  1.24475
  1.17043
  1.11839
  1.11088
  1.10686
  1.10612
 
 12.04739
 11.07596
 10.50339
  9.98261
  9.50925
  9.07984
  8.69272
  8.34594
  8.03790
  7.76686
  7.53050
  7.32524
  7.14481
  6.98353
  6.83825
  6.70062
  6.54715
  6.31240
  5.87817
  5.51904
  4.96836
  4.20971
  2.64656
  1.98198
  1.28783
  1.18601
  1.11547
  1.10764
  1.10081
  1.10041
 
 12.03884
 11.08098
 10.51676
 10.00353
  9.53720
  9.11479
  8.73480
  8.39544
  8.09536
  7.83306
  7.60657
  7.41273
  7.24585
  7.10091
  6.97560
  6.86261
  6.73960
  6.54143
  6.15142
  5.81983
  5.30194
  4.55925
  2.91754
  2.17042
  1.33219
  1.20534
  1.11569
  1.10616
  1.09722
  1.09693
 
 12.00442
 11.08285
 10.53809
 10.03993
  9.58534
  9.17249
  8.80070
  8.46932
  8.17829
  7.92688
  7.71397
  7.53772
  7.39429
  7.27967
  7.18989
  7.11289
  7.02702
  6.88874
  6.60378
  6.33702
  5.87611
  5.17958
  3.49506
  2.57982
  1.44143
  1.26123
  1.12220
  1.10615
  1.09296
  1.09224
 
 11.99996
 11.09482
 10.54942
 10.05293
  9.60227
  9.19525
  8.83057
  8.50713
  8.22416
  7.98085
  7.77603
  7.60772
  7.47187
  7.36558
  7.28944
  7.24043
  7.20264
  7.11954
  6.88724
  6.65687
  6.25850
  5.61746
  3.91591
  2.93705
  1.55270
  1.31940
  1.13053
  1.10992
  1.09025
  1.08990
 
 11.94549
 11.10070
 10.56125
 10.07022
  9.62480
  9.22312
  8.86401
  8.54652
  8.27006
  8.03406
  7.83765
  7.67929
  7.55550
  7.46436
  7.40786
  7.38564
  7.38635
  7.36177
  7.22032
  7.05198
  6.72999
  6.17636
  4.56697
  3.49689
  1.76065
  1.43996
  1.15236
  1.11821
  1.08855
  1.08752
 
 11.89945
 11.10374
 10.56690
 10.07830
  9.63534
  9.23631
  8.88008
  8.56580
  8.29290
  8.06091
  7.86914
  7.71625
  7.59893
  7.51580
  7.46974
  7.46199
  7.48430
  7.49458
  7.41119
  7.28472
  7.01735
  6.53317
  5.03456
  3.93101
  1.95347
  1.55721
  1.17615
  1.12772
  1.08863
  1.08632
 
 11.84532
 11.09873
 10.57139
 10.08774
  9.64690
  9.24865
  8.89258
  8.57861
  8.30691
  8.07689
  7.88760
  7.73807
  7.62722
  7.55452
  7.51972
  7.51670
  7.53573
  7.55928
  7.52618
  7.43463
  7.21621
  6.81175
  5.41525
  4.23121
  2.13340
  1.68488
  1.20093
  1.12832
  1.09453
  1.08560
 
 11.82060
 11.09962
 10.57395
 10.09148
  9.65161
  9.25440
  8.89944
  8.58650
  8.31573
  8.08691
  7.89980
  7.75364
  7.64663
  7.57771
  7.54700
  7.54919
  7.57583
  7.61147
  7.61233
  7.55563
  7.37070
  6.97620
  5.65846
  4.57812
  2.30385
  1.77648
  1.22511
  1.14858
  1.09079
  1.08511
 
 11.79012
 11.10043
 10.57653
 10.09559
  9.65724
  9.26153
  8.90814
  8.59694
  8.32815
  8.10163
  7.91708
  7.77390
  7.67043
  7.60589
  7.58102
  7.59143
  7.63039
  7.68562
  7.72232
  7.69845
  7.57079
  7.25123
  6.06495
  5.03897
  2.62068
  1.97739
  1.27391
  1.16970
  1.09509
  1.08450
 
 11.77081
 11.10095
 10.57797
 10.09802
  9.66063
  9.26594
  8.91362
  8.60356
  8.33600
  8.11081
  7.92777
  7.78637
  7.68509
  7.62327
  7.60204
  7.61751
  7.66401
  7.73148
  7.79077
  7.78825
  7.70095
  7.43816
  6.35860
  5.38913
  2.90150
  2.16177
  1.32209
  1.19173
  1.10002
  1.08414
 
 11.74157
 11.10168
 10.58002
 10.10124
  9.66508
  9.27185
  8.92112
  8.61269
  8.34673
  8.12324
  7.94217
  7.80319
  7.70495
  7.64695
  7.63076
  7.65318
  7.70988
  7.79444
  7.88540
  7.91310
  7.88723
  7.71907
  6.84010
  5.99578
  3.48307
  2.56874
  1.43924
  1.24961
  1.11322
  1.08366
 
 11.72509
 11.10214
 10.58125
 10.10291
  9.66733
  9.27476
  8.92481
  8.61718
  8.35198
  8.12928
  7.94921
  7.81156
  7.71498
  7.65904
  7.64551
  7.67152
  7.73347
  7.82726
  7.93520
  7.97857
  7.98559
  7.87446
  7.13976
  6.39312
  3.93843
  2.91578
  1.55167
  1.30935
  1.12658
  1.08342
 
 11.71212
 11.10088
 10.57868
 10.10190
  9.66899
  9.27882
  8.93063
  8.62399
  8.35881
  8.13551
  7.95473
  7.81711
  7.72238
  7.67075
  7.66283
  7.69271
  7.75555
  7.85529
  7.99152
  8.06014
  8.08505
  7.99675
  7.50706
  6.99716
  4.57201
  3.41954
  1.76460
  1.44574
  1.15479
  1.08319
 
 11.71962
 11.10950
 10.58139
 10.10053
  9.66531
  9.27437
  8.92678
  8.62192
  8.35948
  8.13936
  7.96135
  7.82476
  7.72712
  7.66842
  7.65451
  7.69163
  7.78106
  7.90039
  8.01999
  8.07743
  8.12790
  8.11931
  7.72240
  7.19338
  5.08637
  3.90869
  1.95619
  1.54589
  1.17692
  1.08309
 
 11.71356
 11.10945
 10.58159
 10.10102
  9.66599
  9.27527
  8.92787
  8.62321
  8.36101
  8.14111
  7.96342
  7.82719
  7.73006
  7.67202
  7.65901
  7.69736
  7.78859
  7.91057
  8.03522
  8.09819
  8.16048
  8.17406
  7.85627
  7.40207
  5.44445
  4.25573
  2.14710
  1.65947
  1.20120
  1.08303
 
 11.70914
 11.10941
 10.58170
 10.10133
  9.66646
  9.27588
  8.92864
  8.62413
  8.36206
  8.14235
  7.96486
  7.82887
  7.73206
  7.67444
  7.66201
  7.70118
  7.79359
  7.91741
  8.04562
  8.11231
  8.18233
  8.21096
  7.95099
  7.55248
  5.72430
  4.54483
  2.32459
  1.77177
  1.22505
  1.08299
 
 11.68276
 11.10256
 10.58320
 10.10648
  9.67239
  9.28115
  8.93247
  8.62639
  8.36320
  8.14293
  7.96544
  7.83055
  7.73733
  7.68593
  7.67857
  7.71318
  7.78792
  7.90317
  8.05336
  8.13648
  8.21711
  8.25687
  8.07678
  7.75476
  6.13998
  5.00449
  2.64282
  1.99219
  1.27284
  1.08293
 
 11.67944
 11.10184
 10.58251
 10.10612
  9.67252
  9.28174
  8.93349
  8.62779
  8.36494
  8.14478
  7.96684
  7.83107
  7.73755
  7.68713
  7.68153
  7.71731
  7.79154
  7.90597
  8.06133
  8.15217
  8.23901
  8.27262
  8.13060
  7.93571
  6.44255
  5.31921
  2.91755
  2.21097
  1.31313
  1.08289
 
