  0.81220
  0.84645
  0.88130
  0.91694
  0.95341
  0.99080
  1.02930
  1.06923
  1.11112
  1.15526
  1.20200
  1.25191
  1.30585
  1.36371
  1.42216
  1.47291
  1.50782
  1.53021
  1.54557
  1.55182
  1.56154
  1.57104
  1.56988
  1.56894
  1.56973
  1.56983
  1.56963
  1.56970
  1.56956
  1.56965
 
  1.12698
  1.16835
  1.21113
  1.25573
  1.30217
  1.35050
  1.40071
  1.45276
  1.50660
  1.56207
  1.61892
  1.67672
  1.73488
  1.79253
  1.84839
  1.90065
  1.94700
  1.98507
  2.00868
  2.00998
  2.00003
  1.98641
  2.00202
  2.01816
  2.01357
  2.01022
  2.01071
  2.01153
  2.00951
  2.01085
 
  1.41599
  1.46463
  1.51458
  1.56636
  1.62000
  1.67547
  1.73273
  1.79166
  1.85210
  1.91383
  1.97643
  2.03932
  2.10169
  2.16243
  2.21999
  2.27233
  2.31707
  2.35263
  2.37397
  2.37459
  2.36474
  2.35245
  2.37252
  2.39018
  2.38301
  2.37900
  2.37991
  2.38094
  2.37874
  2.38014
 
  1.92195
  1.98673
  2.05132
  2.11637
  2.18166
  2.24694
  2.31196
  2.37649
  2.44033
  2.50326
  2.56520
  2.62620
  2.68697
  2.74760
  2.80596
  2.85788
  2.89866
  2.92650
  2.94280
  2.94904
  2.95592
  2.96234
  2.96838
  2.96904
  2.96812
  2.96795
  2.96810
  2.96818
  2.96813
  2.96811
 
  2.34591
  2.43081
  2.51130
  2.58801
  2.66057
  2.72892
  2.79346
  2.85537
  2.91636
  2.97663
  3.03597
  3.09398
  3.15052
  3.20505
  3.25596
  3.30077
  3.33702
  3.36474
  3.38409
  3.39120
  3.40071
  3.41096
  3.41921
  3.41991
  3.41714
  3.41667
  3.41705
  3.41707
  3.41718
  3.41711
 
  2.71351
  2.81669
  2.91080
  2.99638
  3.07299
  3.14085
  3.20120
  3.25685
  3.31166
  3.36631
  3.42048
  3.47334
  3.52386
  3.57096
  3.61368
  3.65136
  3.68336
  3.70976
  3.73074
  3.73998
  3.75199
  3.76439
  3.77461
  3.77531
  3.77139
  3.77076
  3.77124
  3.77126
  3.77140
  3.77135
 
  3.03831
  3.15626
  3.26082
  3.35247
  3.43070
  3.49605
  3.55056
  3.59850
  3.64563
  3.69305
  3.74041
  3.78664
  3.83023
  3.86979
  3.90487
  3.93597
  3.96367
  3.98830
  4.01039
  4.02136
  4.03518
  4.04889
  4.06038
  4.06115
  4.05676
  4.05605
  4.05659
  4.05661
  4.05677
  4.05674
 
  3.59146
  3.72816
  3.84449
  3.94105
  4.01734
  4.07442
  4.11556
  4.14715
  4.17753
  4.20858
  4.23997
  4.27083
  4.29960
  4.32510
  4.34737
  4.36763
  4.38737
  4.40779
  4.43054
  4.44351
  4.45865
  4.47244
  4.48481
  4.48604
  4.48242
  4.48181
  4.48233
  4.48233
  4.48250
  4.48251
 
  4.05066
  4.19488
  4.31380
  4.40840
  4.47830
  4.52493
  4.55234
  4.56810
  4.58200
  4.59636
  4.61121
  4.62623
  4.64059
  4.65380
  4.66597
  4.67778
  4.69039
  4.70608
  4.72779
  4.74120
  4.75537
  4.76696
  4.77866
  4.78053
  4.77902
  4.77871
  4.77912
  4.77912
  4.77924
  4.77927
 
  4.93918
  5.07611
  5.18060
  5.25513
  5.29976
  5.31670
  5.31093
  5.29117
  5.26854
  5.24595
  5.22442
  5.20503
  5.18915
  5.17793
  5.17096
  5.16619
  5.16271
  5.16535
  5.17973
  5.19028
  5.19758
  5.19989
  5.20653
  5.20972
  5.21496
  5.21568
  5.21563
  5.21564
  5.21559
  5.21567
 
  5.59940
  5.71202
  5.78885
  5.83410
  5.84846
  5.83471
  5.79830
  5.74833
  5.69602
  5.64466
  5.59579
  5.55110
  5.51312
  5.48358
  5.46138
  5.44238
  5.42405
  5.41299
  5.41648
  5.42147
  5.41976
  5.41180
  5.41143
  5.41516
  5.42665
  5.42834
  5.42782
  5.42783
  5.42761
  5.42775
 
  6.54981
  6.60087
  6.61381
  6.59619
  6.54985
  6.47849
  6.38837
  6.28894
  6.19109
  6.09856
  6.01269
  5.93478
  5.86713
  5.81048
  5.76302
  5.71894
  5.67452
  5.63772
  5.61691
  5.60909
  5.59100
  5.56699
  5.55351
  5.55645
  5.57444
  5.57721
  5.57604
  5.57605
  5.57559
  5.57582
 
  7.22653
  7.21803
  7.17112
  7.09601
  6.99546
  6.87395
  6.73830
  6.59839
  6.46508
  6.34194
  6.22991
  6.12906
  6.04026
  5.96278
  5.89458
  5.82976
  5.76454
  5.70633
  5.66296
  5.64365
  5.61463
  5.58255
  5.56045
  5.56099
  5.57701
  5.57957
  5.57824
  5.57823
  5.57777
  5.57798
 
  7.73883
  7.70324
  7.60517
  7.46640
  7.30325
  7.13254
  6.96073
  6.79358
  6.63737
  6.49380
  6.36287
  6.24322
  6.13442
  6.03528
  5.94505
  5.86143
  5.78286
  5.71160
  5.64781
  5.61594
  5.58047
  5.54889
  5.52055
  5.51872
  5.52645
  5.52782
  5.52708
  5.52662
  5.52696
  5.52672
 
  8.15272
  8.08303
  7.94191
  7.75636
  7.54737
  7.33604
  7.12936
  6.93258
  6.75170
  6.58769
  6.43918
  6.30353
  6.17883
  6.06329
  5.95664
  5.85830
  5.76733
  5.68183
  5.60056
  5.56178
  5.52270
  5.49152
  5.46200
  5.45575
  5.45379
  5.45363
  5.45295
  5.45280
  5.45277
  5.45283
 
  8.78480
  8.66058
  8.44356
  8.17330
  7.88330
  7.60517
  7.34485
  7.10349
  6.88285
  6.68304
  6.50178
  6.33604
  6.18306
  6.04131
  5.91001
  5.78835
  5.67478
  5.56535
  5.45795
  5.40772
  5.36356
  5.33463
  5.30324
  5.29033
  5.27152
  5.26872
  5.26836
  5.26867
  5.26823
  5.26857
 
  9.24656
  9.07506
  8.79275
  8.45025
  8.09242
  7.75949
  7.45614
  7.18012
  6.92923
  6.70215
  6.49526
  6.30490
  6.12831
  5.96430
  5.81207
  5.67035
  5.53736
  5.40924
  5.28439
  5.22636
  5.17583
  5.14368
  5.10977
  5.09344
  5.06624
  5.06201
  5.06171
  5.06229
  5.06153
  5.06206
 
 10.16377
  9.66128
  9.17738
  8.72578
  8.30441
  7.91150
  7.54566
  7.20649
  6.89370
  6.60629
  6.34243
  6.09967
  5.87513
  5.66748
  5.47783
  5.30521
  5.14701
  4.99121
  4.82812
  4.74833
  4.67911
  4.63448
  4.58430
  4.56760
  4.54695
  4.54415
  4.54348
  4.54345
  4.54355
  4.54331
 
 10.62517
  9.99500
  9.40210
  8.85681
  8.35493
  7.89364
  7.47030
  7.08308
  6.73092
  6.41099
  6.11973
  5.85292
  5.60498
  5.37238
  5.15626
  4.95592
  4.76917
  4.58759
  4.40477
  4.31558
  4.23220
  4.17083
  4.10468
  4.08949
  4.08547
  4.08559
  4.08391
  4.08357
  4.08329
  4.08306
 
 11.06393
 10.36794
  9.64506
  8.93939
  8.28751
  7.71853
  7.22691
  6.79928
  6.42248
  6.08154
  5.75780
  5.44301
  5.14625
  4.87370
  4.62230
  4.38479
  4.15548
  3.94159
  3.74610
  3.65090
  3.55443
  3.47713
  3.40334
  3.38703
  3.37977
  3.37902
  3.37740
  3.37707
  3.37695
  3.37638
 
 11.44615
 10.49532
  9.65104
  8.89913
  8.22737
  7.62682
  7.09143
  6.61277
  6.18286
  5.79540
  5.44393
  5.12088
  4.81652
  4.52454
  4.24620
  3.98463
  3.74110
  3.51161
  3.29518
  3.19293
  3.09382
  3.01773
  2.94254
  2.92313
  2.90566
  2.90351
  2.90214
  2.90194
  2.90183
  2.90169
 
 11.65372
 10.60532
  9.69228
  8.88607
  8.17243
  7.53891
  6.97649
  6.47407
  6.02086
  5.61013
  5.23611
  4.89232
  4.57070
  4.26578
  3.97747
  3.70637
  3.45284
  3.21331
  2.98715
  2.88019
  2.77699
  2.69824
  2.62089
  2.60092
  2.58236
  2.58000
  2.57858
  2.57839
  2.57828
  2.57896
 
 11.80135
 10.68403
  9.72487
  8.88151
  8.13903
  7.48295
  6.90133
  6.38121
  5.91032
  5.48188
  5.09075
  4.73137
  4.39713
  4.08319
  3.78830
  3.51103
  3.25047
  3.00444
  2.77207
  2.66163
  2.55409
  2.47123
  2.39111
  2.37126
  2.35449
  2.35240
  2.35079
  2.35062
  2.35044
  2.35159
 
 12.00054
 10.79500
  9.78042
  8.89203
  8.11438
  7.43115
  6.82622
  6.28436
  5.79195
  5.34235
  4.93092
  4.55286
  4.20270
  3.87610
  3.57076
  3.28358
  3.01216
  2.75547
  2.51147
  2.39429
  2.27929
  2.18983
  2.10350
  2.08281
  2.06742
  2.06560
  2.06378
  2.06360
  2.06336
  2.06378
 
 12.12980
 10.87363
  9.83029
  8.91862
  8.12304
  7.42578
  6.80902
  6.25652
  5.75434
  5.29565
  4.87558
  4.48896
  4.12991
  3.79388
  3.47887
  3.18225
  2.90146
  2.63386
  2.37669
  2.25196
  2.12988
  2.03496
  1.94152
  1.91861
  1.90113
  1.89910
  1.89724
  1.89702
  1.89679
  1.89564
 
 12.30162
 10.99762
  9.93503
  9.00687
  8.19972
  7.49029
  6.86234
  6.30039
  5.79137
  5.32769
  4.90301
  4.51039
  4.14150
  3.79067
  3.45732
  3.14131
  2.84051
  2.54755
  2.25664
  2.11090
  1.96473
  1.84813
  1.73272
  1.70342
  1.67967
  1.67689
  1.67464
  1.67433
  1.67411
  1.67297
 
 12.37080
 11.06638
 10.01613
  9.09667
  8.29567
  7.58749
  6.95869
  6.39588
  5.88774
  5.42617
  5.00375
  4.61199
  4.24058
  3.88271
  3.53846
  3.20885
  2.89184
  2.57743
  2.25513
  2.08778
  1.91151
  1.76483
  1.62444
  1.59024
  1.56270
  1.55925
  1.55623
  1.55590
  1.55556
  1.55806
 
 12.41033
 11.12514
 10.11656
  9.23634
  8.46489
  7.77836
  7.16472
  6.61190
  6.10950
  5.65057
  5.22881
  4.83703
  4.46638
  4.10978
  3.76381
  3.42352
  3.08203
  2.72832
  2.34704
  2.13875
  1.91019
  1.70922
  1.50804
  1.46554
  1.43827
  1.43480
  1.42894
  1.42772
  1.42833
  1.43682
 
 12.36696
 11.14078
 10.19243
  9.35679
  8.61168
  7.94043
  7.33525
  6.78847
  6.29350
  5.84354
  5.43141
  5.04862
  4.68434
  4.33011
  3.98244
  3.63629
  3.28243
  2.90206
  2.47109
  2.22750
  1.95690
  1.71496
  1.45466
  1.39369
  1.37065
  1.36944
  1.36046
  1.35798
  1.36027
  1.37080
 
 12.33564
 11.13643
 10.22926
  9.42894
  8.71103
  8.06154
  7.47369
  6.94060
  6.45629
  6.01460
  5.60885
  5.23110
  4.87097
  4.52002
  4.17411
  3.82696
  3.46675
  3.06927
  2.60252
  2.33044
  2.02056
  1.73889
  1.42737
  1.35196
  1.32840
  1.32808
  1.31687
  1.31364
  1.31697
  1.32731
 
 12.30052
 11.12499
 10.25486
  9.48411
  8.78994
  8.15968
  7.58739
  7.06687
  6.59263
  6.15904
  5.75991
  5.38773
  5.03260
  4.68616
  4.34375
  3.99801
  3.63499
  3.22567
  2.73078
  2.43506
  2.09160
  1.77422
  1.41540
  1.32582
  1.29940
  1.29953
  1.28655
  1.28274
  1.28686
  1.29599
 
 12.23448
 11.09789
 10.28790
  9.56400
  8.90851
  8.31015
  7.76429
  7.26560
  6.80946
  6.39105
  6.00491
  5.64430
  5.30006
  4.96412
  4.63104
  4.29190
  3.92928
  3.50629
  2.97086
  2.63821
  2.23963
  1.86038
  1.41644
  1.29982
  1.26256
  1.26248
  1.24692
  1.24235
  1.24741
  1.25353
 
 12.24671
 11.11214
 10.32531
  9.62058
  8.98373
  8.40370
  7.87597
  7.39523
  6.95685
  6.55581
  6.18636
  5.84111
  5.50980
  5.18367
  4.85800
  4.52518
  4.17041
  3.76148
  3.23027
  2.86874
  2.38617
  1.91195
  1.42302
  1.30704
  1.24535
  1.23695
  1.22116
  1.22012
  1.21732
  1.22586
 
 12.15537
 11.07231
 10.35516
  9.70806
  9.12054
  8.58362
  8.09379
  7.64672
  7.23866
  6.86539
  6.52193
  6.20161
  5.89487
  5.59315
  5.29135
  4.98070
  4.64351
  4.23998
  3.68399
  3.28502
  2.73027
  2.15781
  1.50288
  1.32572
  1.21817
  1.20508
  1.18569
  1.18383
  1.18090
  1.18569
 
 12.10010
 11.04873
 10.37273
  9.76099
  9.20424
  8.69492
  8.23003
  7.80588
  7.41921
  7.06633
  6.74276
  6.44239
  6.15617
  5.87582
  5.59611
  5.30763
  4.99072
  4.59991
  4.03841
  3.62323
  3.03279
  2.39758
  1.60022
  1.36588
  1.20803
  1.18913
  1.16681
  1.16421
  1.16131
  1.16393
 
 11.99296
 10.99673
 10.38398
  9.82495
  9.31276
  8.84177
  8.40999
  8.01491
  7.65440
  7.32603
  7.02683
  6.75269
  6.49719
  6.25387
  6.01693
  5.77465
  5.50023
  5.12877
  4.54541
  4.10827
  3.49568
  2.81080
  1.82346
  1.49056
  1.20160
  1.16829
  1.15033
  1.14624
  1.13133
  1.14097
 
 11.98774
 11.00042
 10.40569
  9.86347
  9.36790
  8.91397
  8.49984
  8.12318
  7.78200
  7.47401
  7.19633
  6.94485
  6.71296
  6.49420
  6.28354
  6.07030
  5.82901
  5.49561
  4.94894
  4.52013
  3.89174
  3.15164
  2.00685
  1.60039
  1.22102
  1.16988
  1.13665
  1.13217
  1.12056
  1.12908
 
 11.98720
 11.01450
 10.43302
  9.90007
  9.41197
  8.96552
  8.55924
  8.19118
  7.85980
  7.56358
  7.30086
  7.06858
  6.86094
  6.66995
  6.48416
  6.28589
  6.05001
  5.73355
  5.24480
  4.86289
  4.26988
  3.48876
  2.16150
  1.69053
  1.23927
  1.17534
  1.13112
  1.12675
  1.11892
  1.12186
 
 11.98283
 11.01763
 10.44507
  9.92116
  9.44174
  9.00332
  8.60485
  8.24507
  7.92313
  7.63743
  7.38583
  7.16515
  6.96984
  6.79329
  6.62717
  6.45306
  6.24336
  5.95376
  5.48620
  5.11147
  4.53274
  3.76684
  2.34227
  1.78717
  1.25489
  1.18104
  1.12917
  1.12163
  1.11764
  1.11703
 
 11.97416
 11.02542
 10.46461
  9.95131
  9.48175
  9.05345
  8.66574
  8.31776
  8.00917
  7.73853
  7.50374
  7.30145
  7.12582
  6.97040
  6.82856
  6.68465
  6.51375
  6.27201
  5.86168
  5.51871
  4.96830
  4.19792
  2.64375
  1.99016
  1.29960
  1.19595
  1.12523
  1.11929
  1.10867
  1.11094
 
 11.96972
 11.03225
 10.47817
  9.97148
  9.50856
  9.08723
  8.70682
  8.36650
  8.06598
  7.80410
  7.57909
  7.38813
  7.22603
  7.08709
  6.96539
  6.84611
  6.70511
  6.49908
  6.13255
  5.81716
  5.29943
  4.54711
  2.91568
  2.17356
  1.34404
  1.21603
  1.12523
  1.11728
  1.10423
  1.10720
 
 11.95746
 11.04483
 10.50167
 10.00384
  9.54926
  9.13684
  8.76611
  8.43659
  8.14821
  7.89961
  7.68854
  7.51269
  7.36927
  7.25498
  7.16558
  7.08822
  7.00177
  6.86765
  6.58897
  6.32058
  5.85813
  5.16726
  3.50168
  2.57723
  1.44800
  1.27243
  1.13156
  1.11654
  1.10145
  1.10211
 
 11.95347
 11.05511
 10.51129
 10.01640
  9.56718
  9.16152
  8.79812
  8.47588
  8.19400
  7.95172
  7.74784
  7.58039
  7.44534
  7.33978
  7.26429
  7.21592
  7.17886
  7.09675
  6.86625
  6.63752
  6.24194
  5.60499
  3.91241
  2.93838
  1.56007
  1.32770
  1.13990
  1.11941
  1.09976
  1.09954
 
 11.89882
 11.06020
 10.52261
 10.03318
  9.58929
  9.18904
  8.83121
  8.51491
  8.23951
  8.00446
  7.80890
  7.65128
  7.52815
  7.43755
  7.38157
  7.35980
  7.36100
  7.33713
  7.19715
  7.03018
  6.71055
  6.16055
  4.56028
  3.49566
  1.76684
  1.44745
  1.16145
  1.12752
  1.09784
  1.09694
 
 11.85255
 11.06245
 10.52756
 10.04081
  9.59949
  9.20196
  8.84709
  8.53401
  8.26218
  8.03110
  7.84012
  7.68790
  7.57114
  7.48847
  7.44279
  7.43536
  7.45800
  7.46886
  7.38675
  7.26147
  6.99615
  6.51521
  5.02551
  3.92771
  1.95867
  1.56409
  1.18505
  1.13694
  1.09781
  1.09565
 
 11.79839
 11.05675
 10.53154
 10.04990
  9.61086
  9.21418
  8.85947
  8.54669
  8.27602
  8.04691
  7.85836
  7.70948
  7.59915
  7.52682
  7.49232
  7.48955
  7.50887
  7.53291
  7.50087
  7.41036
  7.19378
  6.79232
  5.40427
  4.22585
  2.13786
  1.69142
  1.20968
  1.13738
  1.10359
  1.09487
 
 11.77407
 11.05734
 10.53370
 10.05337
  9.61548
  9.21992
  8.86630
  8.55450
  8.28474
  8.05682
  7.87044
  7.72491
  7.61837
  7.54978
  7.51933
  7.52173
  7.54854
  7.58452
  7.58632
  7.53062
  7.34733
  6.95546
  5.64606
  4.57153
  2.30734
  1.78243
  1.23374
  1.15765
  1.09984
  1.09436
 
 11.74448
 11.05835
 10.53627
 10.05740
  9.62102
  9.22696
  8.87490
  8.56484
  8.29703
  8.07137
  7.88754
  7.74492
  7.64190
  7.57767
  7.55300
  7.56353
  7.60253
  7.65792
  7.69531
  7.67227
  7.54600
  7.22878
  6.05009
  5.02983
  2.62272
  1.98254
  1.28230
  1.17861
  1.10406
  1.09371
 
 11.72579
 11.05907
 10.53801
 10.05992
  9.62433
  9.23123
  8.88026
  8.57137
  8.30479
  8.08046
  7.89812
  7.75727
  7.65641
  7.59488
  7.57380
  7.58933
  7.63582
  7.70333
  7.76306
  7.76119
  7.67515
  7.41453
  6.34190
  5.37795
  2.90223
  2.16620
  1.33023
  1.20049
  1.10893
  1.09332
 
 11.69723
 11.06031
 10.54046
 10.06329
  9.62871
  9.23694
  8.88756
  8.58035
  8.31540
  8.09274
  7.91234
  7.77389
  7.67602
  7.61827
  7.60218
  7.62459
  7.68116
  7.76559
  7.85666
  7.88474
  7.85981
  7.69348
  6.82035
  5.98098
  3.48124
  2.57156
  1.44682
  1.25798
  1.12206
  1.09280
 
 11.68081
 11.06066
 10.54149
 10.06490
  9.63093
  9.23986
  8.89124
  8.58480
  8.32060
  8.09874
  7.91933
  7.78219
  7.68594
  7.63022
  7.61675
  7.64272
  7.70450
  7.79807
  7.90594
  7.94951
  7.95724
  7.84763
  7.11813
  6.37609
  3.93462
  2.91712
  1.55871
  1.31732
  1.13539
  1.09254
 
 11.66343
 11.06061
 10.54201
 10.06614
  9.63293
  9.24253
  8.89461
  8.58908
  8.32611
  8.10546
  7.92669
  7.78965
  7.69447
  7.64176
  7.63257
  7.66209
  7.72614
  7.82674
  7.96198
  8.03016
  8.05545
  7.96875
  7.48341
  6.97670
  4.56528
  3.41867
  1.77062
  1.45290
  1.16368
  1.09229
 
 11.67449
 11.06723
 10.54122
 10.06239
  9.62888
  9.23948
  8.89324
  8.58955
  8.32810
  8.10876
  7.93140
  7.79526
  7.69794
  7.63942
  7.62551
  7.66249
  7.75161
  7.87055
  7.98988
  8.04731
  8.09795
  8.09008
  7.69709
  7.17197
  5.07735
  3.90543
  1.96140
  1.55255
  1.18568
  1.09216
 
 11.66853
 11.06728
 10.54153
 10.06291
  9.62962
  9.24041
  8.89436
  8.59087
  8.32961
  8.11052
  7.93344
  7.79766
  7.70083
  7.64295
  7.62995
  7.66817
  7.75906
  7.88064
  8.00495
  8.06783
  8.13016
  8.14428
  7.82995
  7.37928
  5.43342
  4.25062
  2.15133
  1.66562
  1.20987
  1.09209
 
 11.66447
 11.06735
 10.54184
 10.06330
  9.63013
  9.24104
  8.89511
  8.59175
  8.33065
  8.11172
  7.93484
  7.79933
  7.70282
  7.64537
  7.63293
  7.67194
  7.76402
  7.88740
  8.01520
  8.08175
  8.15173
  8.18076
  7.92394
  7.52871
  5.71174
  4.53813
  2.32791
  1.77751
  1.23366
  1.09204
 
 11.63908
 11.06130
 10.54374
 10.06862
  9.63602
  9.24619
  8.89884
  8.59392
  8.33172
  8.11222
  7.93536
  7.80093
  7.70802
  7.65678
  7.64941
  7.68388
  7.75835
  7.87317
  8.02282
  8.10573
  8.18619
  8.22614
  8.04865
  7.72943
  6.12489
  4.99515
  2.64455
  1.99688
  1.28124
  1.09197
 
 11.63722
 11.06137
 10.54334
 10.06827
  9.63597
  9.24655
  8.89966
  8.59523
  8.33346
  8.11412
  7.93682
  7.80149
  7.70826
  7.65798
  7.65239
  7.68803
  7.76194
  7.87595
  8.03078
  8.12134
  8.20798
  8.24169
  8.10169
  7.90937
  6.42556
  5.30769
  2.91798
  2.21496
  1.32118
  1.09192
 
