  0.77418
  0.80710
  0.84061
  0.87490
  0.91005
  0.94616
  0.98345
  1.02231
  1.06331
  1.10681
  1.15318
  1.20302
  1.25716
  1.31548
  1.37458
  1.42595
  1.46113
  1.48339
  1.49816
  1.50381
  1.51262
  1.52107
  1.51874
  1.51749
  1.51803
  1.51811
  1.51788
  1.51794
  1.51780
  1.51789
 
  1.08063
  1.12072
  1.16226
  1.20561
  1.25085
  1.29801
  1.34713
  1.39819
  1.45113
  1.50588
  1.56218
  1.61970
  1.67787
  1.73590
  1.79256
  1.84606
  1.89397
  1.93342
  1.95727
  1.95784
  1.94616
  1.93025
  1.94365
  1.95967
  1.95577
  1.95250
  1.95280
  1.95357
  1.95153
  1.95291
 
  1.36214
  1.40969
  1.45860
  1.50940
  1.56211
  1.61672
  1.67321
  1.73149
  1.79141
  1.85280
  1.91528
  1.97829
  2.04109
  2.10260
  2.16131
  2.21516
  2.26164
  2.29860
  2.32003
  2.31975
  2.30793
  2.29318
  2.31138
  2.32925
  2.32270
  2.31872
  2.31946
  2.32045
  2.31820
  2.31966
 
  1.85756
  1.92090
  1.98434
  2.04853
  2.11327
  2.17836
  2.24352
  2.30855
  2.37320
  2.43725
  2.50062
  2.56329
  2.62589
  2.68837
  2.74847
  2.80180
  2.84333
  2.87086
  2.88562
  2.89085
  2.89682
  2.90266
  2.90826
  2.90880
  2.90774
  2.90754
  2.90768
  2.90777
  2.90772
  2.90770
 
  2.27400
  2.35701
  2.43639
  2.51274
  2.58573
  2.65523
  2.72148
  2.78538
  2.84829
  2.91031
  2.97128
  3.03088
  3.08917
  3.14577
  3.19885
  3.24544
  3.28254
  3.31021
  3.32865
  3.33504
  3.34396
  3.35398
  3.36198
  3.36261
  3.35973
  3.35925
  3.35962
  3.35964
  3.35976
  3.35968
 
  2.63626
  2.73750
  2.83075
  2.91655
  2.99442
  3.06444
  3.12762
  3.18631
  3.24383
  3.30074
  3.35677
  3.41124
  3.46350
  3.51272
  3.55775
  3.59737
  3.63045
  3.65716
  3.67793
  3.68690
  3.69872
  3.71112
  3.72131
  3.72197
  3.71797
  3.71732
  3.71780
  3.71782
  3.71798
  3.71792
 
  2.95743
  3.07366
  3.17772
  3.27011
  3.35023
  3.41848
  3.47655
  3.52820
  3.57854
  3.62857
  3.67796
  3.72588
  3.77122
  3.81295
  3.85043
  3.88361
  3.91259
  3.93793
  3.96049
  3.97162
  3.98564
  3.99956
  4.01122
  4.01200
  4.00754
  4.00683
  4.00738
  4.00740
  4.00757
  4.00753
 
  3.50692
  3.64289
  3.75966
  3.85782
  3.93674
  3.99730
  4.04245
  4.07807
  4.11200
  4.14596
  4.17972
  4.21259
  4.24338
  4.27120
  4.29598
  4.31851
  4.33997
  4.36187
  4.38628
  4.40013
  4.41613
  4.43053
  4.44341
  4.44473
  4.44108
  4.44047
  4.44101
  4.44102
  4.44120
  4.44119
 
  3.96540
  4.11024
  4.23064
  4.32744
  4.40016
  4.45011
  4.48112
  4.50048
  4.51772
  4.53508
  4.55262
  4.57010
  4.58690
  4.60267
  4.61744
  4.63168
  4.64643
  4.66427
  4.68853
  4.70334
  4.71885
  4.73138
  4.74387
  4.74589
  4.74443
  4.74413
  4.74455
  4.74457
  4.74470
  4.74472
 
  4.85687
  4.99756
  5.10554
  5.18307
  5.23022
  5.24927
  5.24535
  5.22754
  5.20730
  5.18763
  5.16943
  5.15362
  5.14121
  5.13309
  5.12891
  5.12689
  5.12639
  5.13236
  5.15057
  5.16321
  5.17252
  5.17627
  5.18411
  5.18760
  5.19310
  5.19383
  5.19380
  5.19382
  5.19378
  5.19386
 
  5.52120
  5.63937
  5.72073
  5.76933
  5.78594
  5.77353
  5.73797
  5.68903
  5.63862
  5.59017
  5.54502
  5.50453
  5.47060
  5.44450
  5.42529
  5.40930
  5.39447
  5.38731
  5.39502
  5.40225
  5.40276
  5.39647
  5.39743
  5.40156
  5.41347
  5.41520
  5.41469
  5.41472
  5.41449
  5.41463
 
  6.45621
  6.55900
  6.58349
  6.55014
  6.48117
  6.40017
  6.31405
  6.22772
  6.14592
  6.06752
  5.98773
  5.90635
  5.83400
  5.77811
  5.73573
  5.69673
  5.65467
  5.62323
  5.60973
  5.60126
  5.58408
  5.56324
  5.55117
  5.55411
  5.57280
  5.57569
  5.57472
  5.57428
  5.57428
  5.57432
 
  7.14226
  7.17762
  7.14046
  7.05266
  6.93420
  6.80592
  6.67494
  6.54708
  6.42816
  6.31789
  6.21260
  6.11102
  6.01958
  5.94217
  5.87660
  5.81563
  5.75461
  5.70279
  5.66495
  5.64493
  5.61677
  5.58764
  5.56673
  5.56730
  5.58408
  5.58675
  5.58563
  5.58516
  5.58515
  5.58520
 
  7.68432
  7.62912
  7.53519
  7.41476
  7.27131
  7.11010
  6.93866
  6.76742
  6.60798
  6.46348
  6.33422
  6.21895
  6.11652
  6.02489
  5.94216
  5.86349
  5.78563
  5.71388
  5.65421
  5.62694
  5.59320
  5.56039
  5.53458
  5.53229
  5.54128
  5.54280
  5.54168
  5.54165
  5.54130
  5.54148
 
  8.08841
  8.03206
  7.89737
  7.71381
  7.50619
  7.29895
  7.09854
  6.90860
  6.73334
  6.57361
  6.42846
  6.29574
  6.17391
  6.06150
  5.95827
  5.86352
  5.77618
  5.69414
  5.61612
  5.57898
  5.54141
  5.51125
  5.48271
  5.47678
  5.47531
  5.47522
  5.47455
  5.47439
  5.47434
  5.47442
 
  8.73133
  8.61138
  8.40049
  8.13727
  7.85462
  7.58350
  7.32971
  7.09424
  6.87869
  6.68321
  6.50567
  6.34322
  6.19319
  6.05415
  5.92547
  5.80663
  5.69624
  5.59025
  5.48615
  5.43733
  5.39444
  5.36640
  5.33589
  5.32318
  5.30449
  5.30170
  5.30136
  5.30170
  5.30125
  5.30161
 
  9.20193
  9.02805
  8.75211
  8.42092
  8.07515
  7.75145
  7.45470
  7.18360
  6.93694
  6.71373
  6.51044
  6.32345
  6.14985
  5.98839
  5.83838
  5.69895
  5.56866
  5.44364
  5.32200
  5.26537
  5.21604
  5.18466
  5.15153
  5.13532
  5.10799
  5.10371
  5.10342
  5.10402
  5.10325
  5.10381
 
 10.11717
  9.63003
  9.15972
  8.71979
  8.30838
  7.92388
  7.56506
  7.23162
  6.92339
  6.63951
  6.37834
  6.13765
  5.91488
  5.70891
  5.52092
  5.35005
  5.19381
  5.04042
  4.88025
  4.80190
  4.73355
  4.68911
  4.63962
  4.62323
  4.60212
  4.59921
  4.59859
  4.59858
  4.59870
  4.59844
 
 10.58518
  9.97390
  9.39694
  8.86486
  8.37377
  7.92114
  7.50459
  7.12249
  6.77399
  6.45651
  6.16675
  5.90086
  5.65374
  5.42217
  5.20738
  5.00871
  4.82400
  4.64467
  4.46402
  4.37570
  4.29272
  4.23132
  4.16576
  4.15097
  4.14672
  4.14675
  4.14510
  4.14478
  4.14454
  4.14423
 
 11.12349
 10.32792
  9.59963
  8.93946
  8.33938
  7.79497
  7.30294
  6.85875
  6.45878
  6.09865
  5.77291
  5.47537
  5.19787
  4.93481
  4.68644
  4.45325
  4.23255
  4.01799
  3.80627
  3.70479
  3.61104
  3.54264
  3.46768
  3.44945
  3.44283
  3.44265
  3.44084
  3.44055
  3.44015
  3.43968
 
 11.42681
 10.49533
  9.66520
  8.92369
  8.25939
  7.66414
  7.13242
  6.65652
  6.22905
  5.84389
  5.49463
  5.17371
  4.87134
  4.58115
  4.30435
  4.04398
  3.80126
  3.57227
  3.35602
  3.25374
  3.15452
  3.07832
  3.00315
  2.98377
  2.96637
  2.96424
  2.96286
  2.96266
  2.96255
  2.96240
 
 11.64331
 10.60976
  9.70732
  8.90888
  8.20092
  7.57163
  7.01247
  6.51291
  6.06261
  5.65493
  5.28395
  4.94297
  4.62358
  4.32011
  4.03276
  3.76259
  3.51016
  3.27147
  3.04538
  2.93821
  2.83475
  2.75577
  2.67804
  2.65797
  2.63937
  2.63702
  2.63558
  2.63540
  2.63528
  2.63604
 
 11.79627
 10.69058
  9.73922
  8.90172
  8.16369
  7.51112
  6.93250
  6.41532
  5.94770
  5.52279
  5.13518
  4.77903
  4.44715
  4.13451
  3.84029
  3.56382
  3.30457
  3.05962
  2.82740
  2.71672
  2.60886
  2.52565
  2.44484
  2.42478
  2.40789
  2.40578
  2.40416
  2.40399
  2.40381
  2.40510
 
 11.99569
 10.79940
  9.79054
  8.90671
  8.13277
  7.45267
  6.85067
  6.31184
  5.82283
  5.37685
  4.96903
  4.59423
  4.24648
  3.92124
  3.61667
  3.33036
  3.06030
  2.80476
  2.56114
  2.44386
  2.32860
  2.23873
  2.15142
  2.13042
  2.11479
  2.11293
  2.11109
  2.11090
  2.11065
  2.11114
 
 12.11675
 10.87101
  9.83420
  8.92790
  8.13669
  7.44309
  6.82957
  6.28017
  5.78108
  5.32546
  4.90836
  4.52447
  4.16769
  3.83341
  3.51973
  3.22430
  2.94467
  2.67800
  2.42138
  2.29677
  2.17462
  2.07935
  1.98492
  1.96167
  1.94388
  1.94182
  1.93993
  1.93970
  1.93947
  1.93822
 
 12.26747
 10.97619
  9.92211
  9.00143
  8.20062
  7.49668
  6.87338
  6.31520
  5.80905
  5.34753
  4.92464
  4.53374
  4.16692
  3.81869
  3.48807
  3.17429
  2.87490
  2.58293
  2.29284
  2.14738
  2.00121
  1.88430
  1.76819
  1.73864
  1.71469
  1.71188
  1.70961
  1.70930
  1.70907
  1.70779
 
 12.32516
 11.03147
  9.98877
  9.07675
  8.28277
  7.58124
  6.95837
  6.40046
  5.89584
  5.43673
  5.01610
  4.62602
  4.25679
  3.90191
  3.56110
  3.23475
  2.92032
  2.60776
  2.28635
  2.11903
  1.94250
  1.79543
  1.65475
  1.62051
  1.59292
  1.58946
  1.58644
  1.58611
  1.58577
  1.58844
 
 12.35403
 11.07559
 10.07133
  9.19657
  8.43134
  7.75156
  7.14465
  6.59792
  6.10042
  5.64534
  5.22672
  4.83781
  4.47022
  4.11720
  3.77526
  3.43927
  3.10197
  2.75153
  2.37178
  2.16351
  1.93454
  1.73315
  1.53242
  1.49039
  1.46308
  1.45954
  1.45368
  1.45247
  1.45305
  1.46235
 
 12.29651
 11.08262
 10.14056
  9.31028
  8.57010
  7.90362
  7.30311
  6.76097
  6.27058
  5.82522
  5.41770
  5.03954
  4.67994
  4.33036
  3.98733
  3.64576
  3.29624
  2.91953
  2.49096
  2.24795
  1.97749
  1.73549
  1.47606
  1.41569
  1.39265
  1.39136
  1.38235
  1.37988
  1.38216
  1.39387
 
 12.26302
 11.07461
 10.17223
  9.37605
  8.66226
  8.01707
  7.43366
  6.90517
  6.42562
  5.98883
  5.58811
  5.21547
  4.86048
  4.51466
  4.17383
  3.83168
  3.47624
  3.08285
  2.61898
  2.34777
  2.03839
  1.75702
  1.44702
  1.37242
  1.34890
  1.34847
  1.33722
  1.33401
  1.33735
  1.34901
 
 12.22665
 11.06131
 10.19467
  9.42733
  8.73671
  8.11036
  7.54230
  7.02628
  6.55683
  6.12826
  5.73433
  5.36749
  5.01773
  4.67663
  4.33951
  3.99900
  3.64099
  3.23608
  2.74451
  2.44994
  2.10734
  1.79066
  1.43391
  1.34529
  1.31903
  1.31905
  1.30603
  1.30223
  1.30638
  1.31688
 
 12.15897
 11.03207
 10.22444
  9.50299
  8.85038
  8.25542
  7.71344
  7.21901
  6.76755
  6.35411
  5.97322
  5.61802
  5.27925
  4.94871
  4.62102
  4.28722
  3.92982
  3.51161
  2.98021
  2.64926
  2.25229
  1.87450
  1.43353
  1.31812
  1.28131
  1.28116
  1.26554
  1.26099
  1.26612
  1.27356
 
 12.10334
 11.00673
 10.24337
  9.55661
  8.93329
  8.36310
  7.84212
  7.36561
  6.92955
  6.52954
  6.16066
  5.81659
  5.48867
  5.16887
  4.85140
  4.52628
  4.17357
  3.75021
  3.19321
  2.83582
  2.39655
  1.96764
  1.45164
  1.31093
  1.25893
  1.25758
  1.24023
  1.23527
  1.24076
  1.24548
 
 12.07442
 11.00218
 10.28694
  9.64190
  9.05688
  8.52293
  8.03648
  7.59320
  7.18925
  6.82040
  6.48160
  6.16613
  5.86423
  5.56731
  5.27028
  4.96447
  4.63231
  4.23415
  3.68396
  3.28794
  2.73598
  2.16630
  1.51748
  1.34269
  1.23618
  1.22308
  1.20375
  1.20199
  1.19910
  1.20487
 
 12.01494
 10.97568
 10.30216
  9.69303
  9.13912
  8.63293
  8.17145
  7.75097
  7.36819
  7.01941
  6.70009
  6.40406
  6.12215
  5.84604
  5.57055
  5.28637
  4.97407
  4.58857
  4.03347
  3.62191
  3.03527
  2.40395
  1.61372
  1.38188
  1.22594
  1.20719
  1.18491
  1.18238
  1.17953
  1.18293
 
 11.90126
 10.91938
 10.31044
  9.75499
  9.24629
  8.77881
  8.35055
  7.95901
  7.60204
  7.27722
  6.98157
  6.71094
  6.45891
  6.21899
  5.98547
  5.74672
  5.47623
  5.10954
  4.53268
  4.09999
  3.49327
  2.81464
  1.83564
  1.50512
  1.21893
  1.18622
  1.16879
  1.16468
  1.14960
  1.15980
 
 11.89260
 10.92088
 10.33055
  9.79238
  9.30065
  8.85041
  8.43980
  8.06655
  7.72866
  7.42385
  7.14927
  6.90080
  6.67186
  6.45600
  6.24827
  6.03813
  5.80037
  5.47141
  4.93118
  4.50700
  3.88503
  3.15212
  2.01754
  1.61409
  1.23813
  1.18773
  1.15521
  1.15072
  1.13880
  1.14778
 
 11.88957
 10.93217
 10.35612
  9.82871
  9.34545
  8.90262
  8.49911
  8.13370
  7.80545
  7.51265
  7.25295
  7.02287
  6.81667
  6.62726
  6.44552
  6.25201
  6.01933
  5.70753
  5.22276
  4.84026
  4.25404
  3.49786
  2.17672
  1.69691
  1.25378
  1.19345
  1.15049
  1.14419
  1.14085
  1.14046
 
 11.88399
 10.93561
 10.36833
  9.84905
  9.37360
  8.93876
  8.54353
  8.18680
  7.86778
  7.58494
  7.33608
  7.11802
  6.92517
  6.75091
  6.58702
  6.41532
  6.20856
  5.92299
  5.46173
  5.09181
  4.52007
  3.76197
  2.34891
  1.79871
  1.27216
  1.19904
  1.14748
  1.13999
  1.13605
  1.13556
 
 11.87495
 10.94242
 10.38661
  9.87772
  9.41229
  8.98777
  8.60351
  8.25869
  7.95293
  7.68483
  7.45232
  7.25214
  7.07847
  6.92502
  6.78517
  6.64348
  6.47525
  6.23718
  5.83269
  5.49427
  4.95060
  4.18838
  2.64797
  2.00025
  1.31633
  1.21361
  1.14353
  1.13762
  1.12715
  1.12940
 
 11.87024
 10.94847
 10.39932
  9.89700
  9.43819
  9.02067
  8.64375
  8.30658
  8.00881
  7.74931
  7.52638
  7.33727
  7.17690
  7.03969
  6.91977
  6.80250
  6.66393
  6.46128
  6.10013
  5.78904
  5.27788
  4.53393
  2.91753
  2.18220
  1.36032
  1.23338
  1.14347
  1.13561
  1.12266
  1.12564
 
 11.85776
 10.95838
 10.41978
  9.92757
  9.47859
  9.07104
  8.70414
  8.37720
  8.08997
  7.84181
  7.63165
  7.45776
  7.31651
  7.20404
  7.11652
  7.04205
  6.95925
  6.82500
  6.54639
  6.28508
  5.83341
  5.14990
  3.49087
  2.58747
  1.46464
  1.28684
  1.15000
  1.13394
  1.12111
  1.12057
 
 11.85316
 10.96998
 10.43118
  9.94061
  9.49530
  9.09315
  8.73288
  8.41338
  8.13388
  7.89365
  7.69154
  7.52561
  7.39193
  7.28764
  7.21338
  7.16629
  7.13073
  7.05084
  6.82429
  6.59899
  6.20908
  5.58021
  3.90525
  2.94063
  1.57419
  1.34363
  1.15787
  1.13756
  1.11815
  1.11804
 
 11.80118
 10.97558
 10.44247
  9.95720
  9.51698
  9.12002
  8.76513
  8.45143
  8.17827
  7.94514
  7.75122
  7.59500
  7.47306
  7.38351
  7.32846
  7.30759
  7.30978
  7.28752
  7.15071
  6.98661
  6.67184
  6.12911
  4.54688
  3.49307
  1.77894
  1.46211
  1.17918
  1.14564
  1.11615
  1.11545
 
 11.75730
 10.97844
 10.44781
  9.96493
  9.52711
  9.13272
  8.78067
  8.47007
  8.20040
  7.97119
  7.78181
  7.63087
  7.51521
  7.43344
  7.38850
  7.38168
  7.40500
  7.41703
  7.33758
  7.21480
  6.95374
  6.47940
  5.00743
  3.92104
  1.96894
  1.57766
  1.20257
  1.15504
  1.11606
  1.11414
 
 11.70351
 10.97365
 10.45289
  9.97465
  9.53851
  9.14477
  8.79291
  8.48249
  8.21342
  7.98553
  7.79862
  7.65203
  7.54378
  7.47257
  7.43820
  7.43474
  7.45265
  7.47471
  7.45175
  7.37437
  7.15646
  6.72374
  5.35391
  4.26897
  2.14529
  1.68863
  1.22668
  1.16548
  1.11637
  1.11336
 
 11.68083
 10.97414
 10.45474
  9.97771
  9.54280
  9.15015
  8.79932
  8.49010
  8.22250
  7.99638
  7.81147
  7.66712
  7.56153
  7.49362
  7.46365
  7.46638
  7.49353
  7.53018
  7.53388
  7.48018
  7.30029
  6.91394
  5.62129
  4.55832
  2.31428
  1.79420
  1.25083
  1.17562
  1.11797
  1.11284
 
 11.65209
 10.97466
 10.45681
  9.98145
  9.54818
  9.15708
  8.80779
  8.50019
  8.23449
  8.01058
  7.82818
  7.68672
  7.58456
  7.52094
  7.49662
  7.50733
  7.54644
  7.60216
  7.64083
  7.61938
  7.49607
  7.18374
  6.02038
  5.01151
  2.62678
  1.99281
  1.29896
  1.19637
  1.12212
  1.11217
 
 11.63400
 10.97508
 10.45805
  9.98363
  9.55141
  9.16132
  8.81306
  8.50656
  8.24204
  8.01941
  7.83849
  7.69878
  7.59875
  7.53776
  7.51697
  7.53261
  7.57905
  7.64664
  7.70723
  7.70661
  7.62316
  7.36700
  6.30854
  5.35564
  2.90381
  2.17510
  1.34647
  1.21799
  1.12693
  1.11177
 
 11.60625
 10.97563
 10.45980
  9.98663
  9.55568
  9.16703
  8.82028
  8.51532
  8.25233
  8.03137
  7.85236
  7.71499
  7.61791
  7.56065
  7.54473
  7.56709
  7.62349
  7.70768
  7.79887
  7.82763
  7.80457
  7.64193
  6.78081
  5.95154
  3.47777
  2.57732
  1.46202
  1.27478
  1.13998
  1.11125
 
 11.59075
 10.97609
 10.46072
  9.98797
  9.55759
  9.16962
  8.82372
  8.51980
  8.25804
  8.03818
  7.85971
  7.72241
  7.62631
  7.57187
  7.55999
  7.58576
  7.64447
  7.73615
  7.85226
  7.90150
  7.89505
  7.76162
  7.09909
  6.40388
  3.89080
  2.89163
  1.57605
  1.34024
  1.16019
  1.11099
 
 11.57362
 10.97674
 10.46224
  9.98995
  9.55991
  9.17238
  8.82705
  8.52381
  8.26282
  8.04385
  7.86641
  7.73038
  7.63589
  7.58354
  7.57440
  7.60375
  7.66742
  7.76747
  7.90202
  7.97010
  7.99625
  7.91225
  7.43570
  6.93571
  4.55204
  3.41720
  1.78287
  1.46743
  1.18171
  1.11074
 
 11.58527
 10.98347
 10.46145
  9.98616
  9.55591
  9.16942
  8.82578
  8.52433
  8.26480
  8.04708
  7.87101
  7.73584
  7.63921
  7.58109
  7.56729
  7.60398
  7.69248
  7.81067
  7.92941
  7.98676
  8.03778
  8.03141
  7.64627
  7.12892
  5.05925
  3.89900
  1.97196
  1.56603
  1.20338
  1.11062
 
 11.57950
 10.98342
 10.46166
  9.98664
  9.55659
  9.17030
  8.82683
  8.52559
  8.26628
  8.04880
  7.87300
  7.73820
  7.64205
  7.58457
  7.57163
  7.60953
  7.69975
  7.82049
  7.94410
  8.00678
  8.06926
  8.08452
  7.77716
  7.33359
  5.41144
  4.24046
  2.15987
  1.67801
  1.22741
  1.11055
 
 11.57547
 10.98348
 10.46186
  9.98695
  9.55702
  9.17086
  8.82752
  8.52641
  8.26725
  8.04994
  7.87436
  7.73980
  7.64398
  7.58692
  7.57453
  7.61322
  7.70458
  7.82708
  7.95412
  8.02039
  8.09037
  8.12025
  7.86958
  7.48085
  5.68645
  4.52471
  2.33461
  1.78907
  1.25103
  1.11050
 
 11.55004
 10.97714
 10.46357
  9.99204
  9.56271
  9.17584
  8.83114
  8.52854
  8.26829
  8.05041
  7.87485
  7.74139
  7.64916
  7.59824
  7.59086
  7.62498
  7.69882
  7.81277
  7.96148
  8.04396
  8.12418
  8.16458
  7.99207
  7.67846
  6.09461
  4.97649
  2.64807
  2.00626
  1.29820
  1.11043
 
 11.54848
 10.97651
 10.46247
  9.99134
  9.56276
  9.17650
  8.83221
  8.52993
  8.26998
  8.05222
  7.87622
  7.74191
  7.64937
  7.59941
  7.59378
  7.62902
  7.70229
  7.81542
  7.96926
  8.05936
  8.14564
  8.17956
  8.04344
  7.85631
  6.39173
  5.28479
  2.91893
  2.22304
  1.33753
  1.11038
 
