  0.75600
  0.78838
  0.82133
  0.85505
  0.88961
  0.92512
  0.96184
  1.00016
  1.04069
  1.08382
  1.12994
  1.17965
  1.23384
  1.29237
  1.35178
  1.40337
  1.43847
  1.46052
  1.47519
  1.48080
  1.48942
  1.49752
  1.49454
  1.49309
  1.49350
  1.49356
  1.49331
  1.49337
  1.49323
  1.49331
 
  1.06343
  1.10110
  1.14032
  1.18151
  1.22479
  1.27025
  1.31799
  1.36807
  1.42054
  1.47538
  1.53241
  1.59131
  1.65148
  1.71195
  1.77126
  1.82698
  1.87500
  1.90829
  1.91824
  1.91548
  1.91732
  1.92442
  1.92586
  1.92411
  1.92499
  1.92545
  1.92533
  1.92519
  1.92550
  1.92525
 
  1.33592
  1.38302
  1.43150
  1.48187
  1.53419
  1.58844
  1.64460
  1.70260
  1.76230
  1.82353
  1.88591
  1.94893
  2.01185
  2.07361
  2.13270
  2.18707
  2.23417
  2.27170
  2.29337
  2.29293
  2.28064
  2.26521
  2.28263
  2.30034
  2.29378
  2.28978
  2.29045
  2.29144
  2.28917
  2.29067
 
  1.82674
  1.88946
  1.95239
  2.01614
  2.08057
  2.14545
  2.21055
  2.27564
  2.34050
  2.40492
  2.46880
  2.53213
  2.59550
  2.65883
  2.71979
  2.77385
  2.81579
  2.84332
  2.85773
  2.86278
  2.86858
  2.87427
  2.87949
  2.87986
  2.87862
  2.87840
  2.87854
  2.87862
  2.87857
  2.87856
 
  2.24037
  2.32247
  2.40117
  2.47710
  2.54991
  2.61948
  2.68606
  2.75050
  2.81411
  2.87700
  2.93894
  2.99958
  3.05891
  3.11645
  3.17038
  3.21770
  3.25542
  3.28340
  3.30166
  3.30780
  3.31660
  3.32662
  3.33435
  3.33487
  3.33192
  3.33144
  3.33181
  3.33183
  3.33194
  3.33187
 
  2.60156
  2.70099
  2.79302
  2.87819
  2.95604
  3.02664
  3.09085
  3.15085
  3.20968
  3.26781
  3.32495
  3.38038
  3.43345
  3.48337
  3.52915
  3.56994
  3.60477
  3.63271
  3.65279
  3.66080
  3.67210
  3.68489
  3.69577
  3.69582
  3.69207
  3.69138
  3.69177
  3.69200
  3.69187
  3.69194
 
  2.92201
  3.03571
  3.13818
  3.22989
  3.31029
  3.37962
  3.43939
  3.49294
  3.54491
  3.59616
  3.64644
  3.69505
  3.74120
  3.78411
  3.82310
  3.85788
  3.88824
  3.91430
  3.93641
  3.94696
  3.96076
  3.97513
  3.98744
  3.98771
  3.98365
  3.98287
  3.98331
  3.98356
  3.98339
  3.98353
 
  3.46818
  3.60325
  3.71959
  3.81775
  3.89714
  3.95858
  4.00499
  4.04216
  4.07779
  4.11357
  4.14917
  4.18380
  4.21608
  4.24499
  4.27056
  4.29399
  4.31673
  4.33986
  4.36485
  4.37874
  4.39479
  4.40940
  4.42279
  4.42427
  4.42080
  4.42021
  4.42077
  4.42078
  4.42096
  4.42092
 
  3.92551
  4.06994
  4.19035
  4.28755
  4.36107
  4.41217
  4.44461
  4.46564
  4.48464
  4.50383
  4.52320
  4.54243
  4.56074
  4.57769
  4.59344
  4.60878
  4.62502
  4.64435
  4.66954
  4.68455
  4.70021
  4.71294
  4.72630
  4.72861
  4.72734
  4.72706
  4.72752
  4.72752
  4.72766
  4.72766
 
  4.81570
  4.95735
  5.06652
  5.14541
  5.19406
  5.21467
  5.21235
  5.19614
  5.17748
  5.15938
  5.14270
  5.12837
  5.11739
  5.11069
  5.10797
  5.10755
  5.10886
  5.11668
  5.13644
  5.14962
  5.15919
  5.16313
  5.17233
  5.17629
  5.18198
  5.18274
  5.18277
  5.18277
  5.18276
  5.18282
 
  5.48000
  5.60020
  5.68368
  5.73433
  5.75288
  5.74227
  5.70838
  5.66093
  5.61192
  5.56479
  5.52090
  5.48167
  5.44911
  5.42457
  5.40712
  5.39303
  5.38017
  5.37500
  5.38459
  5.39253
  5.39338
  5.38723
  5.38959
  5.39421
  5.40638
  5.40816
  5.40770
  5.40772
  5.40752
  5.40765
 
  6.41928
  6.52075
  6.54761
  6.51880
  6.45445
  6.37623
  6.29122
  6.20516
  6.12385
  6.04638
  5.96802
  5.88845
  5.81796
  5.76372
  5.72288
  5.68556
  5.64553
  5.61650
  5.60515
  5.59719
  5.58035
  5.55982
  5.54867
  5.55194
  5.57107
  5.57405
  5.57309
  5.57264
  5.57265
  5.57271
 
  7.10830
  7.14187
  7.10751
  7.02513
  6.91209
  6.78691
  6.65697
  6.52922
  6.41070
  6.30138
  6.19761
  6.09797
  6.00845
  5.93268
  5.86858
  5.80925
  5.75028
  5.70070
  5.66481
  5.64544
  5.61773
  5.58886
  5.56845
  5.56925
  5.58653
  5.58927
  5.58815
  5.58767
  5.58766
  5.58773
 
  7.63650
  7.61720
  7.53040
  7.39867
  7.24012
  7.07359
  6.90627
  6.74467
  6.59569
  6.45989
  6.33508
  6.21916
  6.11380
  6.01945
  5.93511
  5.85735
  5.78374
  5.71745
  5.65976
  5.63103
  5.59720
  5.56608
  5.54043
  5.53802
  5.54748
  5.54905
  5.54807
  5.54771
  5.54769
  5.54776
 
  8.05977
  8.00165
  7.87049
  7.69331
  7.49193
  7.28817
  7.08893
  6.89909
  6.72430
  6.56564
  6.42216
  6.29150
  6.17166
  6.06082
  5.95890
  5.86562
  5.78015
  5.69998
  5.62351
  5.58714
  5.55020
  5.52038
  5.49209
  5.48625
  5.48503
  5.48499
  5.48432
  5.48416
  5.48410
  5.48417
 
  8.70676
  8.58652
  8.37959
  8.12254
  7.84581
  7.57837
  7.32635
  7.09169
  6.87704
  6.68274
  6.50671
  6.34606
  6.19785
  6.06046
  5.93327
  5.81585
  5.70688
  5.60229
  5.49961
  5.45152
  5.40935
  5.38182
  5.35166
  5.33898
  5.32025
  5.31746
  5.31713
  5.31746
  5.31700
  5.31730
 
  9.18020
  9.00827
  8.73658
  8.41068
  8.06981
  7.74965
  7.45527
  7.18584
  6.94073
  6.71906
  6.51739
  6.33210
  6.16017
  6.00022
  5.85162
  5.71350
  5.58444
  5.46061
  5.34014
  5.28416
  5.23555
  5.20481
  5.17218
  5.15596
  5.12838
  5.12408
  5.12382
  5.12443
  5.12364
  5.12414
 
 10.10179
  9.61837
  9.15171
  8.71526
  8.30713
  7.92578
  7.56997
  7.23941
  6.93391
  6.65260
  6.39385
  6.15539
  5.93457
  5.73022
  5.54348
  5.37354
  5.21796
  5.06511
  4.90560
  4.82770
  4.75998
  4.71624
  4.66737
  4.65100
  4.62965
  4.62669
  4.62610
  4.62610
  4.62621
  4.62598
 
 10.57550
  9.96638
  9.39191
  8.86246
  8.37417
  7.92449
  7.51100
  7.13206
  6.78676
  6.47247
  6.18586
  5.92292
  5.67832
  5.44866
  5.23514
  5.03712
  4.85255
  4.67321
  4.49277
  4.40473
  4.32223
  4.26139
  4.19634
  4.18160
  4.17741
  4.17745
  4.17583
  4.17551
  4.17526
  4.17508
 
 11.11824
 10.32562
  9.60036
  8.94307
  8.34588
  7.80433
  7.31511
  6.87373
  6.47652
  6.11907
  5.79592
  5.50078
  5.22534
  4.96385
  4.71655
  4.48397
  4.26346
  4.04888
  3.83714
  3.73569
  3.64207
  3.57388
  3.49914
  3.48099
  3.47457
  3.47443
  3.47262
  3.47232
  3.47191
  3.47165
 
 11.42176
 10.49608
  9.67067
  8.93316
  8.27228
  7.67991
  7.15065
  6.67682
  6.25108
  5.86740
  5.51941
  5.19961
  4.89825
  4.60895
  4.33295
  4.07333
  3.83128
  3.60271
  3.38649
  3.28412
  3.18487
  3.10872
  3.03356
  3.01420
  2.99685
  2.99472
  2.99335
  2.99315
  2.99304
  2.99292
 
 11.63362
 10.61159
  9.71710
  8.92416
  8.21978
  7.59265
  7.03460
  6.53556
  6.08565
  5.67830
  5.30772
  4.96729
  4.64872
  4.34637
  4.06020
  3.79090
  3.53881
  3.30022
  3.07432
  2.96727
  2.86389
  2.78490
  2.70699
  2.68686
  2.66818
  2.66582
  2.66437
  2.66419
  2.66407
  2.66459
 
 11.78288
 10.69223
  9.75090
  8.91978
  8.18538
  7.53443
  6.95609
  6.43853
  5.97046
  5.54523
  5.15755
  4.80166
  4.47054
  4.15913
  3.86630
  3.59076
  3.33167
  3.08666
  2.85475
  2.74433
  2.63661
  2.55336
  2.47224
  2.45206
  2.43503
  2.43290
  2.43127
  2.43109
  2.43091
  2.43182
 
 11.97972
 10.79906
  9.80033
  8.92283
  8.15229
  7.47355
  6.87159
  6.33220
  5.84262
  5.39630
  4.98840
  4.61390
  4.26695
  3.94298
  3.63981
  3.35444
  3.08455
  2.82901
  2.58579
  2.46879
  2.35362
  2.26357
  2.17584
  2.15469
  2.13890
  2.13702
  2.13517
  2.13498
  2.13473
  2.13507
 
 12.10192
 10.86763
  9.83816
  8.93679
  8.14865
  7.45678
  6.84413
  6.29518
  5.79649
  5.34137
  4.92486
  4.54172
  4.18592
  3.85278
  3.54030
  3.24576
  2.96658
  2.70021
  2.44394
  2.31946
  2.19721
  2.10164
  2.00678
  1.98340
  1.96551
  1.96344
  1.96153
  1.96130
  1.96108
  1.96016
 
 12.25331
 10.96580
  9.91437
  8.99634
  8.19808
  7.49665
  6.87577
  6.31987
  5.81578
  5.35611
  4.93489
  4.54549
  4.18001
  3.83294
  3.50339
  3.19064
  2.89224
  2.60108
  2.31141
  2.16596
  2.01959
  1.90236
  1.78595
  1.75632
  1.73232
  1.72951
  1.72723
  1.72692
  1.72669
  1.72577
 
 12.30550
 11.01652
  9.97675
  9.06755
  8.27613
  7.57705
  6.95648
  6.40066
  5.89789
  5.44040
  5.02128
  4.63266
  4.26496
  3.91168
  3.57243
  3.24744
  2.93410
  2.62244
  2.30182
  2.13479
  1.95838
  1.81126
  1.67039
  1.63609
  1.60840
  1.60492
  1.60189
  1.60156
  1.60122
  1.60317
 
 12.31988
 11.05466
 10.05799
  9.18805
  8.42552
  7.74710
  7.14072
  6.59420
  6.09713
  5.64273
  5.22509
  4.83742
  4.47138
  4.12015
  3.78013
  3.44595
  3.11023
  2.76126
  2.38298
  2.17546
  1.94724
  1.74640
  1.54585
  1.50372
  1.47620
  1.47259
  1.46675
  1.46560
  1.46612
  1.47271
 
 12.26092
 11.05815
 10.12277
  9.29742
  8.56080
  7.89687
  7.29807
  6.75698
  6.26713
  5.82194
  5.41439
  5.03624
  4.67693
  4.32817
  3.98647
  3.64676
  3.29954
  2.92543
  2.49951
  2.25778
  1.98843
  1.74713
  1.48808
  1.42770
  1.40446
  1.40307
  1.39408
  1.39170
  1.39387
  1.40184
 
 12.22306
 11.04729
 10.15247
  9.36174
  8.65187
  8.00937
  7.42766
  6.90003
  6.42069
  5.98366
  5.58245
  5.20934
  4.85427
  4.50903
  4.16948
  3.82930
  3.47650
  3.08619
  2.62555
  2.35595
  2.04799
  1.76753
  1.45807
  1.38350
  1.35981
  1.35929
  1.34806
  1.34493
  1.34814
  1.35579
 
 12.18353
 11.03166
 10.17300
  9.41148
  8.72501
  8.10148
  7.53513
  7.01990
  6.55051
  6.12147
  5.72680
  5.35923
  5.00918
  4.66852
  4.33265
  3.99419
  3.63902
  3.23750
  2.74959
  2.45684
  2.11591
  1.80028
  1.44420
  1.35565
  1.32928
  1.32923
  1.31622
  1.31250
  1.31651
  1.32306
 
 12.11170
 10.99913
 10.19967
  9.48430
  8.83605
  8.24407
  7.70383
  7.21019
  6.75871
  6.34467
  5.96283
  5.60668
  5.26743
  4.93723
  4.61074
  4.27908
  3.92474
  3.51031
  2.98308
  2.65426
  2.25928
  1.88280
  1.44272
  1.32744
  1.29068
  1.29049
  1.27488
  1.27039
  1.27538
  1.27934
 
 12.05386
 10.97159
 10.21632
  9.53561
  8.91667
  8.34949
  7.83034
  7.35465
  6.91859
  6.51800
  6.14817
  5.80312
  5.47467
  5.15518
  4.83892
  4.51597
  4.16641
  3.74699
  3.19445
  2.83940
  2.40232
  1.97493
  1.46005
  1.31955
  1.26775
  1.26638
  1.24904
  1.24413
  1.24948
  1.25128
 
 12.02226
 10.96415
 10.25659
  9.61734
  9.03654
  8.50550
  8.02083
  7.57836
  7.17444
  6.80502
  6.46527
  6.14881
  5.84645
  5.54994
  5.25430
  4.95093
  4.62223
  4.22826
  3.68268
  3.28904
  2.73930
  2.17128
  1.52456
  1.35044
  1.24432
  1.23122
  1.21193
  1.21021
  1.20719
  1.21111
 
 11.96332
 10.93706
 10.27015
  9.66606
  9.11592
  8.61245
  8.15270
  7.73316
  7.35061
  7.00154
  6.68160
  6.38489
  6.10271
  5.82707
  5.55288
  5.27095
  4.96189
  4.58048
  4.03017
  3.62115
  3.03691
  2.40751
  1.61999
  1.38901
  1.23380
  1.21513
  1.19287
  1.19037
  1.18742
  1.18965
 
 11.85208
 10.88107
 10.27687
  9.72524
  9.21952
  8.75432
  8.32770
  7.93728
  7.58094
  7.25639
  6.96076
  6.69007
  6.43818
  6.19884
  5.96641
  5.72943
  5.46148
  5.09820
  4.52580
  4.09587
  3.49234
  2.81666
  1.84111
  1.51149
  1.22641
  1.19398
  1.17680
  1.17269
  1.15744
  1.16724
 
 11.84516
 10.88307
 10.29645
  9.76135
  9.27207
  8.82383
  8.41477
  8.04268
  7.70561
  7.40136
  7.12713
  6.87896
  6.65041
  6.43524
  6.22857
  6.01994
  5.78429
  5.45822
  4.92200
  4.50049
  3.88185
  3.15234
  2.02226
  1.62007
  1.24560
  1.19554
  1.16334
  1.15883
  1.14673
  1.15568
 
 11.84273
 10.89497
 10.32249
  9.79771
  9.31643
  8.87505
  8.47263
  8.10810
  7.78065
  7.48864
  7.22969
  7.00037
  6.79490
  6.60629
  6.42550
  6.23330
  6.00251
  5.69327
  5.21200
  4.83198
  4.24914
  3.49650
  2.18022
  1.70245
  1.26155
  1.20151
  1.15862
  1.15232
  1.14900
  1.14866
 
 11.83899
 10.89902
 10.33428
  9.81716
  9.34353
  8.91019
  8.51623
  8.16056
  7.84251
  7.56054
  7.31250
  7.09521
  6.90316
  6.72974
  6.56680
  6.39622
  6.19083
  5.90728
  5.44936
  5.08198
  4.51371
  3.75938
  2.35180
  1.80387
  1.27995
  1.20718
  1.15573
  1.14823
  1.14433
  1.14397
 
 11.83197
 10.90645
 10.35234
  9.84511
  9.38122
  8.95813
  8.57522
  8.23162
  7.92699
  7.65991
  7.42833
  7.22898
  7.05611
  6.90338
  6.76426
  6.62334
  6.45609
  6.21960
  5.81798
  5.48191
  4.94168
  4.18356
  2.64981
  2.00486
  1.32407
  1.22179
  1.15197
  1.14607
  1.13568
  1.13807
 
 11.82796
 10.91280
 10.36494
  9.86413
  9.40675
  8.99061
  8.61505
  8.27915
  7.98253
  7.72405
  7.50203
  7.31372
  7.15405
  7.01747
  6.89816
  6.78147
  6.64366
  6.44225
  6.08365
  5.77475
  5.26699
  4.52730
  2.91831
  2.18623
  1.36800
  1.24155
  1.15204
  1.14421
  1.13133
  1.13446
 
 11.81612
 10.92283
 10.38568
  9.89472
  9.44708
  9.04085
  8.67524
  8.34949
  8.06330
  7.81605
  7.60664
  7.43337
  7.29261
  7.18051
  7.09329
  7.01918
  6.93693
  6.80364
  6.52697
  6.26748
  5.81897
  5.13995
  3.48943
  2.58985
  1.47197
  1.29493
  1.15878
  1.14272
  1.13003
  1.12956
 
 11.81115
 10.93433
 10.39717
  9.90813
  9.46420
  9.06328
  8.70412
  8.38562
  8.10697
  7.86749
  7.66600
  7.50060
  7.36733
  7.26337
  7.18940
  7.14253
  7.10726
  7.02800
  6.80306
  6.57938
  6.19236
  5.56772
  3.90170
  2.94176
  1.58113
  1.35146
  1.16670
  1.14648
  1.12717
  1.12709
 
 11.75940
 10.93955
 10.40836
  9.92463
  9.48584
  9.09016
  8.73639
  8.42365
  8.15130
  7.91885
  7.72548
  7.56967
  7.44804
  7.35873
  7.30385
  7.28306
  7.28539
  7.26343
  7.12765
  6.96471
  6.65219
  6.11315
  4.54018
  3.49185
  1.78497
  1.46942
  1.18802
  1.15468
  1.12525
  1.12462
 
 11.71593
 10.94221
 10.41349
  9.93219
  9.49584
  9.10275
  8.75181
  8.44223
  8.17337
  7.94485
  7.75601
  7.60551
  7.49018
  7.40861
  7.36380
  7.35703
  7.38033
  7.39246
  7.31361
  7.19163
  6.93234
  6.46119
  4.99833
  3.91779
  1.97410
  1.58448
  1.21136
  1.16410
  1.12516
  1.12339
 
 11.66276
 10.93723
 10.41837
  9.94182
  9.50725
  9.11483
  8.76405
  8.45455
  8.18629
  7.95911
  7.77280
  7.62667
  7.51879
  7.44780
  7.41357
  7.41013
  7.42796
  7.44997
  7.42728
  7.35042
  7.13382
  6.70384
  5.34305
  4.26387
  2.14958
  1.69501
  1.23540
  1.17454
  1.12546
  1.12266
 
 11.64043
 10.93782
 10.42012
  9.94486
  9.51150
  9.12016
  8.77045
  8.46214
  8.19535
  7.96992
  7.78560
  7.64174
  7.53653
  7.46893
  7.43913
  7.44183
  7.46872
  7.50516
  7.50904
  7.45572
  7.27685
  6.89288
  5.60877
  4.55170
  2.31783
  1.80017
  1.25945
  1.18466
  1.12705
  1.12217
 
 11.61244
 10.93865
 10.42248
  9.94863
  9.51678
  9.12695
  8.77879
  8.47219
  8.20733
  7.98411
  7.80226
  7.66124
  7.55947
  7.49616
  7.47205
  7.48268
  7.52140
  7.57679
  7.61553
  7.59428
  7.47163
  7.16110
  6.00536
  5.00238
  2.62885
  1.99798
  1.30737
  1.20532
  1.13120
  1.12155
 
 11.59473
 10.93927
 10.42392
  9.95090
  9.51993
  9.13109
  8.78399
  8.47853
  8.21487
  7.99295
  7.81255
  7.67326
  7.57358
  7.51287
  7.49223
  7.50775
  7.55384
  7.62111
  7.68164
  7.68111
  7.59810
  7.34332
  6.29159
  5.34445
  2.90468
  2.17960
  1.35467
  1.22683
  1.13603
  1.12118
 
 11.56762
 10.94022
 10.42597
  9.95396
  9.52413
  9.13665
  8.79111
  8.48726
  8.22519
  8.00491
  7.82643
  7.68946
  7.59263
  7.53551
  7.51963
  7.54190
  7.59804
  7.68193
  7.77285
  7.80159
  7.77871
  7.61685
  6.76080
  5.93673
  3.47604
  2.58020
  1.46968
  1.28328
  1.14910
  1.12068
 
 11.55187
 10.94059
 10.42709
  9.95564
  9.52635
  9.13952
  8.79466
  8.49154
  8.23020
  8.01073
  7.83325
  7.69754
  7.60228
  7.54710
  7.53377
  7.55949
  7.62078
  7.71362
  7.82089
  7.86473
  7.87385
  7.76774
  7.05296
  6.32500
  3.92355
  2.92139
  1.58001
  1.34151
  1.16240
  1.12043
 
 11.53520
 10.94074
 10.42791
  9.95707
  9.52841
  9.14215
  8.79795
  8.49571
  8.23558
  8.01731
  7.84042
  7.70480
  7.61056
  7.55834
  7.54916
  7.57838
  7.64182
  7.74151
  7.87557
  7.94339
  7.96950
  7.88595
  7.41197
  6.91495
  4.54530
  3.41640
  1.78903
  1.47476
  1.19090
  1.12017
 
 11.54669
 10.94726
 10.42692
  9.95326
  9.52445
  9.13924
  8.79670
  8.49625
  8.23756
  8.02053
  7.84500
  7.71025
  7.61390
  7.55593
  7.54212
  7.57864
  7.66681
  7.78454
  7.90283
  7.95995
  8.01084
  8.00456
  7.62133
  7.10706
  5.05011
  3.89581
  1.97728
  1.57286
  1.21239
  1.12004
 
 11.54090
 10.94711
 10.42713
  9.95373
  9.52512
  9.14012
  8.79778
  8.49752
  8.23905
  8.02225
  7.84702
  7.71261
  7.61674
  7.55941
  7.54645
  7.58419
  7.67406
  7.79433
  7.91745
  7.97989
  8.04220
  8.05750
  7.75152
  7.31052
  5.40036
  4.23543
  2.16423
  1.68434
  1.23637
  1.11997
 
 11.53683
 10.94718
 10.42733
  9.95404
  9.52558
  9.14070
  8.79850
  8.49838
  8.24005
  8.02342
  7.84838
  7.71424
  7.61868
  7.56175
  7.54936
  7.58788
  7.67890
  7.80092
  7.92741
  7.99343
  8.06323
  8.09316
  7.84351
  7.45694
  5.67373
  4.51806
  2.33807
  1.79494
  1.25987
  1.11992
 
 11.51189
 10.94083
 10.42894
  9.95912
  9.53133
  9.14577
  8.80215
  8.50048
  8.24104
  8.02385
  7.84882
  7.71575
  7.62378
  7.57299
  7.56562
  7.59960
  7.67314
  7.78667
  7.93480
  8.01691
  8.09684
  8.13726
  7.96552
  7.65348
  6.07938
  4.96721
  2.64998
  2.01109
  1.30681
  1.11986
 
 11.51047
 10.94051
 10.42794
  9.95840
  9.53121
  9.14620
  8.80308
  8.50182
  8.24274
  8.02568
  7.85023
  7.71626
  7.62393
  7.57405
  7.56835
  7.60347
  7.67657
  7.78934
  7.94257
  8.03231
  8.11828
  8.15209
  8.01655
  7.83077
  6.37461
  5.27327
  2.91951
  2.22713
  1.34575
  1.11983
 
