  0.72208
  0.75320
  0.78493
  0.81746
  0.85089
  0.88533
  0.92105
  0.95845
  0.99816
  1.04056
  1.08609
  1.13537
  1.18931
  1.24778
  1.30736
  1.35926
  1.39465
  1.41675
  1.43096
  1.43605
  1.44397
  1.45138
  1.44777
  1.44616
  1.44645
  1.44650
  1.44624
  1.44630
  1.44615
  1.44624
 
  1.02073
  1.05705
  1.09496
  1.13490
  1.17699
  1.22134
  1.26809
  1.31733
  1.36911
  1.42348
  1.48028
  1.53921
  1.59966
  1.66066
  1.72073
  1.77739
  1.82629
  1.85979
  1.86847
  1.86459
  1.86561
  1.87248
  1.87365
  1.87173
  1.87248
  1.87293
  1.87281
  1.87266
  1.87298
  1.87271
 
  1.28566
  1.33183
  1.37943
  1.42897
  1.48048
  1.53399
  1.58947
  1.64690
  1.70612
  1.76700
  1.82920
  1.89223
  1.95539
  2.01764
  2.07752
  2.13297
  2.18135
  2.21998
  2.24195
  2.24106
  2.22763
  2.21074
  2.22710
  2.24499
  2.23889
  2.23493
  2.23548
  2.23644
  2.23414
  2.23567
 
  1.76788
  1.82927
  1.89109
  1.95398
  2.01779
  2.08234
  2.14739
  2.21270
  2.27804
  2.34317
  2.40799
  2.47249
  2.53715
  2.60182
  2.66409
  2.71930
  2.76202
  2.78968
  2.80346
  2.80802
  2.81339
  2.81885
  2.82403
  2.82439
  2.82308
  2.82286
  2.82300
  2.82308
  2.82303
  2.82301
 
  2.17547
  2.25613
  2.33389
  2.40935
  2.48218
  2.55222
  2.61967
  2.68521
  2.74996
  2.81399
  2.87710
  2.93899
  2.99976
  3.05899
  3.11471
  3.16357
  3.20217
  3.23044
  3.24845
  3.25432
  3.26301
  3.27313
  3.28088
  3.28139
  3.27843
  3.27794
  3.27831
  3.27833
  3.27844
  3.27836
 
  2.53224
  2.63056
  2.72203
  2.80721
  2.88560
  2.95722
  3.02287
  3.08451
  3.14501
  3.20477
  3.26348
  3.32047
  3.37514
  3.42673
  3.47421
  3.51660
  3.55274
  3.58152
  3.60177
  3.60967
  3.62110
  3.63427
  3.64536
  3.64534
  3.64158
  3.64089
  3.64129
  3.64152
  3.64140
  3.64148
 
  2.84957
  2.96245
  3.06472
  3.15687
  3.23829
  3.30915
  3.37085
  3.42652
  3.48054
  3.53372
  3.58579
  3.63609
  3.68395
  3.72865
  3.76944
  3.80597
  3.83784
  3.86504
  3.88777
  3.89851
  3.91275
  3.92772
  3.94032
  3.94053
  3.93647
  3.93570
  3.93614
  3.93640
  3.93624
  3.93638
 
  3.39196
  3.52663
  3.64337
  3.74266
  3.82383
  3.88760
  3.93670
  3.97662
  4.01476
  4.05271
  4.09024
  4.12665
  4.16083
  4.19193
  4.21986
  4.24547
  4.26988
  4.29442
  4.32089
  4.33562
  4.35272
  4.36825
  4.38201
  4.38348
  4.38004
  4.37947
  4.38003
  4.38004
  4.38021
  4.38021
 
  3.84710
  3.99178
  4.11320
  4.21206
  4.28782
  4.34160
  4.37703
  4.40103
  4.42277
  4.44441
  4.46597
  4.48724
  4.50771
  4.52706
  4.54536
  4.56311
  4.58138
  4.60264
  4.63002
  4.64629
  4.66334
  4.67719
  4.69111
  4.69348
  4.69225
  4.69199
  4.69245
  4.69247
  4.69260
  4.69261
 
  4.73563
  4.87894
  4.99030
  5.07173
  5.12320
  5.14683
  5.14762
  5.13449
  5.11880
  5.10351
  5.08954
  5.07786
  5.06960
  5.06576
  5.06599
  5.06845
  5.07248
  5.08314
  5.10625
  5.12127
  5.13266
  5.13788
  5.14802
  5.15218
  5.15802
  5.15879
  5.15883
  5.15884
  5.15883
  5.15888
 
  5.40070
  5.52357
  5.61003
  5.66378
  5.68549
  5.67805
  5.64729
  5.60296
  5.55702
  5.51297
  5.47212
  5.43596
  5.40650
  5.38512
  5.37088
  5.35998
  5.35024
  5.34841
  5.36179
  5.37175
  5.37448
  5.36957
  5.37302
  5.37795
  5.39041
  5.39219
  5.39173
  5.39176
  5.39156
  5.39168
 
  6.34539
  6.44807
  6.47873
  6.45506
  6.39563
  6.32081
  6.23820
  6.15456
  6.07690
  6.00389
  5.92958
  5.85308
  5.78543
  5.73445
  5.69727
  5.66364
  5.62703
  5.60148
  5.59393
  5.58786
  5.57263
  5.55311
  5.54304
  5.54668
  5.56635
  5.56939
  5.56844
  5.56800
  5.56800
  5.56802
 
  7.03961
  7.07443
  7.04456
  6.96825
  6.86098
  6.73959
  6.61208
  6.48674
  6.37210
  6.26769
  6.16847
  6.07229
  5.98582
  5.91328
  5.85265
  5.79692
  5.74155
  5.69552
  5.66307
  5.64533
  5.61897
  5.59090
  5.57150
  5.57268
  5.59058
  5.59342
  5.59230
  5.59181
  5.59180
  5.59185
 
  7.57287
  7.55507
  7.47346
  7.34864
  7.19651
  7.03391
  6.86892
  6.70972
  6.56497
  6.43469
  6.31492
  6.20263
  6.10027
  6.00903
  5.92797
  5.85365
  5.78360
  5.72080
  5.66630
  5.63898
  5.60635
  5.57597
  5.55123
  5.54916
  5.55924
  5.56091
  5.55993
  5.55957
  5.55953
  5.55961
 
  8.00082
  7.94468
  7.81947
  7.65000
  7.45547
  7.25569
  7.05853
  6.87104
  6.70093
  6.54849
  6.41052
  6.28348
  6.16645
  6.05853
  5.95972
  5.86972
  5.78763
  5.71084
  5.63747
  5.60240
  5.56655
  5.53747
  5.51008
  5.50454
  5.50382
  5.50384
  5.50317
  5.50301
  5.50296
  5.50305
 
  8.65304
  8.54028
  8.34174
  8.09261
  7.82214
  7.55853
  7.30883
  7.07659
  6.86608
  6.67759
  6.50826
  6.35401
  6.21002
  6.07360
  5.94585
  5.83023
  5.72757
  5.62779
  5.52516
  5.47803
  5.43789
  5.41198
  5.38120
  5.36998
  5.35066
  5.34784
  5.34774
  5.34792
  5.34784
  5.34795
 
  9.13470
  8.97016
  8.70685
  8.38914
  8.05537
  7.74055
  7.45029
  7.18478
  6.94421
  6.72748
  6.53047
  6.34911
  6.18040
  6.02304
  5.87660
  5.74071
  5.61430
  5.49340
  5.37578
  5.32103
  5.27352
  5.24355
  5.21178
  5.19569
  5.16794
  5.16360
  5.16335
  5.16399
  5.16318
  5.16376
 
 10.06505
  9.59466
  9.13952
  8.71299
  8.31337
  7.93925
  7.58949
  7.26393
  6.96245
  6.68431
  6.42803
  6.19156
  5.97252
  5.76995
  5.58500
  5.41698
  5.26353
  5.11310
  4.95629
  4.87967
  4.81283
  4.76941
  4.72117
  4.70500
  4.68316
  4.68010
  4.67955
  4.67956
  4.67969
  4.67942
 
 10.54203
  9.95062
  9.39105
  8.87386
  8.39558
  7.95390
  7.54662
  7.17232
  6.83025
  6.51804
  6.23260
  5.97029
  5.72624
  5.49742
  5.28506
  5.08862
  4.90609
  4.72914
  4.55121
  4.46421
  4.38214
  4.32110
  4.25632
  4.24185
  4.23738
  4.23735
  4.23575
  4.23543
  4.23519
  4.23487
 
 11.09273
 10.31938
  9.60960
  8.96476
  8.37741
  7.84350
  7.35999
  6.92266
  6.52813
  6.17226
  5.84991
  5.55510
  5.28002
  5.01919
  4.77293
  4.54175
  4.32300
  4.11029
  3.90010
  3.79912
  3.70544
  3.63674
  3.56175
  3.54371
  3.53724
  3.53707
  3.53526
  3.53495
  3.53456
  3.53406
 
 11.40344
 10.49482
  9.68267
  8.95548
  8.30265
  7.71647
  7.19184
  6.72144
  6.29827
  5.91654
  5.57011
  5.25174
  4.95199
  4.66462
  4.39064
  4.13268
  3.89164
  3.66377
  3.44815
  3.34597
  3.24663
  3.17012
  3.09440
  3.07488
  3.05743
  3.05529
  3.05390
  3.05371
  3.05359
  3.05343
 
 11.61351
 10.61110
  9.73009
  8.94628
  8.24786
  7.62449
  7.06893
  6.57202
  6.12475
  5.72062
  5.35358
  5.01668
  4.70110
  4.40086
  4.11612
  3.84791
  3.59680
  3.35899
  3.13353
  3.02651
  2.92290
  2.84347
  2.76481
  2.74445
  2.72561
  2.72322
  2.72176
  2.72157
  2.72146
  2.72226
 
 11.76047
 10.69098
  9.76289
  8.93996
  8.21009
  7.56135
  6.98417
  6.46801
  6.00276
  5.58165
  5.19882
  4.84778
  4.52050
  4.21132
  3.91958
  3.64482
  3.38674
  3.14263
  2.91113
  2.80067
  2.69267
  2.60891
  2.52692
  2.50648
  2.48925
  2.48711
  2.48545
  2.48527
  2.48508
  2.48646
 
 11.95327
 10.79371
  9.80745
  8.93737
  8.17065
  7.49352
  6.89230
  6.35419
  5.86761
  5.42576
  5.02315
  4.65389
  4.31101
  3.98932
  3.68720
  3.40262
  3.13387
  2.87936
  2.63661
  2.51958
  2.40409
  2.31349
  2.22487
  2.20344
  2.18742
  2.18552
  2.18364
  2.18345
  2.18320
  2.18373
 
 12.07258
 10.85712
  9.83917
  8.94540
  8.16199
  7.47297
  6.86232
  6.31540
  5.81962
  5.36813
  4.95565
  4.57647
  4.22391
  3.89300
  3.58197
  3.28867
  3.01078
  2.74552
  2.48989
  2.36546
  2.24292
  2.14681
  2.05117
  2.02755
  2.00941
  2.00730
  2.00537
  2.00514
  2.00491
  2.00360
 
 12.21627
 10.94346
  9.90188
  8.99208
  8.20052
  7.50459
  6.88818
  6.33579
  5.83430
  5.37657
  4.95690
  4.56902
  4.20541
  3.86078
  3.53388
  3.22350
  2.92687
  2.63711
  2.34856
  2.20342
  2.05692
  1.93922
  1.82217
  1.79234
  1.76815
  1.76531
  1.76301
  1.76270
  1.76247
  1.76109
 
 12.25930
 10.98474
  9.95451
  9.05339
  8.26866
  7.57523
  6.95932
  6.40717
  5.90701
  5.45139
  5.03375
  4.64671
  4.28121
  3.93099
  3.59520
  3.27327
  2.96212
  2.65224
  2.33320
  2.16670
  1.99040
  1.84293
  1.70148
  1.66700
  1.63917
  1.63568
  1.63264
  1.63230
  1.63196
  1.63470
 
 12.22898
 11.01119
 10.03944
  9.18046
  8.41913
  7.73619
  7.12322
  6.57193
  6.07510
  5.62560
  5.21587
  4.83719
  4.47861
  4.13192
  3.79442
  3.46250
  3.12958
  2.78218
  2.40379
  2.19726
  1.97342
  1.77740
  1.57289
  1.52638
  1.50076
  1.49813
  1.49191
  1.49042
  1.49136
  1.50086
 
 12.19819
 11.00529
 10.07468
  9.25362
  8.52115
  7.86151
  7.26711
  6.73052
  6.24523
  5.80468
  5.40179
  5.02827
  4.67346
  4.32899
  3.99139
  3.65559
  3.31212
  2.94148
  2.51859
  2.27815
  2.00991
  1.76936
  1.51102
  1.45072
  1.42678
  1.42527
  1.41627
  1.41384
  1.41606
  1.42847
 
 12.15593
 10.98838
 10.09667
  9.30909
  8.60278
  7.96434
  7.38709
  6.86431
  6.39011
  5.95843
  5.56269
  5.19505
  4.84522
  4.50482
  4.16976
  3.83375
  3.48486
  3.09823
  2.64102
  2.37303
  2.06668
  1.78746
  1.47944
  1.40516
  1.38078
  1.38010
  1.36886
  1.36569
  1.36897
  1.38153
 
 12.11239
 10.96799
 10.11157
  9.35257
  8.66930
  8.04969
  7.48791
  6.97777
  6.51389
  6.09069
  5.70203
  5.34046
  4.99611
  4.66064
  4.32948
  3.99532
  3.64412
  3.24639
  2.76221
  2.47137
  2.13246
  1.81854
  1.46454
  1.37650
  1.34957
  1.34936
  1.33634
  1.33258
  1.33668
  1.34820
 
 12.03429
 10.92872
 10.13056
  9.41718
  8.77185
  8.18375
  7.64823
  7.15998
  6.71445
  6.30679
  5.93157
  5.58201
  5.24896
  4.92429
  4.60268
  4.27535
  3.92495
  3.51438
  2.99131
  2.66485
  2.27262
  1.89867
  1.46174
  1.34733
  1.31045
  1.31015
  1.29451
  1.28998
  1.29511
  1.30367
 
 11.97164
 10.89668
 10.14233
  9.46352
  8.84747
  8.28421
  7.76985
  7.29971
  6.86981
  6.47583
  6.11286
  5.77466
  5.45259
  5.13872
  4.82735
  4.50866
  4.16294
  3.74736
  3.19928
  2.84694
  2.41321
  1.98905
  1.47820
  1.33884
  1.28740
  1.28601
  1.26862
  1.26367
  1.26921
  1.27504
 
 11.93239
 10.88271
 10.17617
  9.53910
  8.96136
  8.43438
  7.95459
  7.51771
  7.11999
  6.75720
  6.42437
  6.11480
  5.81880
  5.52782
  5.23689
  4.93748
  4.61222
  4.22176
  3.68084
  3.29055
  2.74547
  2.18213
  1.54117
  1.36884
  1.26398
  1.25096
  1.23169
  1.23000
  1.22711
  1.23381
 
 11.86898
 10.85241
 10.18729
  9.58569
  9.03887
  8.53950
  8.08460
  7.67046
  7.29385
  6.95108
  6.63765
  6.34742
  6.07123
  5.80075
  5.53095
  5.25271
  4.94691
  4.56907
  4.02385
  3.61862
  3.03967
  2.41580
  1.63530
  1.40646
  1.25349
  1.23508
  1.21281
  1.21034
  1.20750
  1.21161
 
 11.75242
 10.79361
 10.19264
  9.64445
  9.14255
  8.68159
  8.25956
  7.87402
  7.52283
  7.20359
  6.91334
  6.64796
  6.40101
  6.16604
  5.93746
  5.70388
  5.43919
  5.07977
  4.51310
  4.08745
  3.49003
  2.82110
  1.85462
  1.52760
  1.24555
  1.21378
  1.19717
  1.19302
  1.17757
  1.18832
 
 11.73339
 10.80102
 10.22673
  9.69746
  9.20920
  8.75887
  8.34644
  7.97196
  7.63571
  7.33556
  7.06804
  6.82817
  6.60793
  6.39918
  6.19497
  5.98121
  5.73495
  5.41404
  4.91732
  4.52093
  3.91145
  3.16503
  2.01145
  1.62576
  1.26527
  1.21579
  1.18361
  1.18029
  1.17271
  1.17632
 
 11.73496
 10.80554
 10.23981
  9.72040
  9.24343
  8.80564
  8.40639
  8.04500
  7.72111
  7.43303
  7.17828
  6.95318
  6.75161
  6.56631
  6.38833
  6.19868
  5.97061
  5.66528
  5.19070
  4.81575
  4.23976
  3.49441
  2.18913
  1.71616
  1.28062
  1.22129
  1.17865
  1.17237
  1.16912
  1.16907
 
 11.73290
 10.80969
 10.25106
  9.73915
  9.27006
  8.84078
  8.45054
  8.09835
  7.78371
  7.50508
  7.26033
  7.04619
  6.85709
  6.68643
  6.52615
  6.35832
  6.15616
  5.87682
  5.42519
  5.06259
  4.50125
  3.75476
  2.35918
  1.81646
  1.29869
  1.22677
  1.17567
  1.16818
  1.16435
  1.16423
 
 11.72759
 10.81724
 10.26836
  9.76612
  9.30697
  8.88837
  8.50961
  8.16975
  7.86832
  7.60395
  7.37466
  7.17735
  7.00644
  6.85581
  6.71904
  6.58089
  6.41705
  6.18493
  5.78948
  5.45790
  4.92419
  4.17410
  2.65455
  2.01577
  1.34207
  1.24083
  1.17173
  1.16585
  1.15557
  1.15815
 
 11.72408
 10.82341
 10.28053
  9.78452
  9.33181
  8.92013
  8.54870
  8.21648
  7.92293
  7.66693
  7.44690
  7.26028
  7.10225
  6.96749
  6.85029
  6.73620
  6.60164
  6.40441
  6.05166
  5.74708
  5.24573
  4.51416
  2.92055
  2.19554
  1.38539
  1.26013
  1.17162
  1.16388
  1.15106
  1.15441
 
 11.71148
 10.83265
 10.30033
  9.81397
  9.37066
  8.96847
  8.60657
  8.28413
  8.00074
  7.75584
  7.54842
  7.37688
  7.23777
  7.12744
  7.04214
  6.97020
  6.89051
  6.76048
  6.48870
  6.23311
  5.79085
  5.12038
  3.48676
  2.59520
  1.48799
  1.31265
  1.17809
  1.16206
  1.14953
  1.14932
 
 11.70645
 10.84368
 10.31130
  9.82662
  9.38668
  8.98942
  8.63360
  8.31814
  8.04221
  7.80520
  7.60593
  7.44251
  7.31104
  7.20880
  7.13644
  7.09120
  7.05780
  6.98118
  6.76074
  6.54079
  6.15969
  5.54324
  3.89478
  2.94431
  1.59597
  1.36826
  1.18573
  1.16574
  1.14654
  1.14676
 
 11.65680
 10.84901
 10.32216
  9.84247
  9.40741
  9.01517
  8.66455
  8.35469
  8.08494
  7.85485
  7.66357
  7.50961
  7.38962
  7.30173
  7.24812
  7.22851
  7.23211
  7.21214
  7.08017
  6.92056
  6.61344
  6.08207
  4.52702
  3.48945
  1.79767
  1.48481
  1.20670
  1.17382
  1.14447
  1.14416
 
 11.61488
 10.85178
 10.32749
  9.85013
  9.41743
  9.02768
  8.67980
  8.37293
  8.10653
  7.88017
  7.69322
  7.54435
  7.43040
  7.35001
  7.30619
  7.30027
  7.32452
  7.33827
  7.26284
  7.14395
  6.88963
  6.42564
  4.98049
  3.91130
  1.98486
  1.59868
  1.22976
  1.18316
  1.14431
  1.14287
 
 11.56309
 10.84690
 10.33226
  9.85971
  9.42886
  9.03978
  8.69199
  8.38516
  8.11929
  7.89421
  7.70962
  7.56487
  7.45807
  7.38797
  7.35449
  7.35176
  7.37049
  7.39390
  7.37423
  7.30026
  7.08819
  6.66483
  5.32167
  4.25385
  2.15854
  1.70824
  1.25355
  1.19351
  1.14452
  1.14210
 
 11.54154
 10.84750
 10.33401
  9.86266
  9.43296
  9.04501
  8.69838
  8.39279
  8.12833
  7.90483
  7.72206
  7.57944
  7.47521
  7.40831
  7.37908
  7.38239
  7.41014
  7.44778
  7.45416
  7.40348
  7.22892
  6.85128
  5.58430
  4.53863
  2.32514
  1.81248
  1.27735
  1.20350
  1.14606
  1.14159
 
 11.51391
 10.84824
 10.33616
  9.86628
  9.43806
  9.05163
  8.70657
  8.40267
  8.14006
  7.91864
  7.73825
  7.59840
  7.49749
  7.43475
  7.41101
  7.42206
  7.46142
  7.51760
  7.55808
  7.53901
  7.42021
  7.11561
  5.97598
  4.98426
  2.63323
  2.00869
  1.32477
  1.22389
  1.15011
  1.14094
 
 11.49635
 10.84857
 10.33740
  9.86841
  9.44113
  9.05563
  8.71154
  8.40871
  8.14726
  7.92717
  7.74826
  7.61012
  7.51128
  7.45109
  7.43073
  7.44653
  7.49299
  7.56071
  7.62246
  7.62370
  7.54413
  7.29497
  6.25850
  5.32230
  2.90650
  2.18887
  1.37160
  1.24510
  1.15486
  1.14056
 
 11.46966
 10.84902
 10.33924
  9.87136
  9.44524
  9.06101
  8.71825
  8.41685
  8.15697
  7.93863
  7.76170
  7.62591
  7.52991
  7.47331
  7.45763
  7.47990
  7.53597
  7.61978
  7.71116
  7.74090
  7.72064
  7.56363
  6.72134
  5.90753
  3.47278
  2.58625
  1.48547
  1.30077
  1.16781
  1.14004
 
 11.45459
 10.84959
 10.34036
  9.87305
  9.44743
  9.06375
  8.72162
  8.42091
  8.16178
  7.94425
  7.76833
  7.63375
  7.53925
  7.48457
  7.47140
  7.49705
  7.55805
  7.65057
  7.75787
  7.80230
  7.81339
  7.71140
  7.00941
  6.29129
  3.91632
  2.92446
  1.59471
  1.35822
  1.18107
  1.13977
 
 11.43862
 10.85035
 10.34178
  9.87491
  9.44969
  9.06649
  8.72494
  8.42489
  8.16645
  7.94973
  7.77479
  7.64141
  7.54847
  7.49576
  7.48517
  7.51427
  7.58037
  7.68203
  7.80627
  7.86576
  7.90781
  7.86720
  7.35609
  6.77404
  4.57362
  3.46602
  1.79849
  1.47318
  1.20705
  1.13951
 
 11.45108
 10.85707
 10.34089
  9.87093
  9.44554
  9.06340
  8.72363
  8.42559
  8.16900
  7.95374
  7.77964
  7.64600
  7.55043
  7.49294
  7.47924
  7.51548
  7.60298
  7.71992
  7.83770
  7.89487
  7.94636
  7.94220
  7.56915
  7.06375
  5.03207
  3.88954
  1.98828
  1.58692
  1.23081
  1.13938
 
 11.44565
 10.85712
 10.34120
  9.87149
  9.44627
  9.06432
  8.72472
  8.42686
  8.17048
  7.95543
  7.78162
  7.64832
  7.55323
  7.49635
  7.48348
  7.52087
  7.61002
  7.72939
  7.85184
  7.91416
  7.97676
  7.99367
  7.69687
  7.26416
  5.37838
  4.22543
  2.17322
  1.69728
  1.25462
  1.13931
 
 11.44170
 10.85709
 10.34140
  9.87178
  9.44670
  9.06489
  8.72541
  8.42769
  8.17145
  7.95659
  7.78298
  7.64991
  7.55513
  7.49864
  7.48631
  7.52447
  7.61471
  7.73576
  7.86149
  7.92728
  7.99717
  8.02833
  7.78690
  7.40810
  5.64851
  4.50483
  2.34520
  1.80702
  1.27792
  1.13927
 
 11.41671
 10.85025
 10.34230
  9.87636
  9.45217
  9.06987
  8.72915
  8.42994
  8.17254
  7.95700
  7.78335
  7.65141
  7.56022
  7.50981
  7.50239
  7.53598
  7.60884
  7.72142
  7.86852
  7.95024
  8.03003
  8.07125
  7.90599
  7.60096
  6.04920
  4.94878
  2.65393
  2.02098
  1.32438
  1.13922
 
 11.41308
 10.84782
 10.34030
  9.87581
  9.45327
  9.07194
  8.73147
  8.43193
  8.17379
  7.95739
  7.78311
  7.65109
  7.56033
  7.51086
  7.50485
  7.54013
  7.61429
  7.72559
  7.87321
  7.96090
  8.04833
  8.09943
  7.98087
  7.71816
  6.32221
  5.30744
  2.93394
  2.20546
  1.36950
  1.13921
 
