  5.03732
  5.12715
  5.19716
  5.25011
  5.28732
  5.31071
  5.32141
  5.32136
  5.31328
  5.29821
  5.27745
  5.25181
  5.22200
  5.18893
  5.15368
  5.11890
  5.08765
  5.06209
  5.04318
  5.03500
  5.02604
  5.01760
  5.00745
  5.00467
  5.00243
  5.00213
  5.00192
  5.00190
  5.00188
  5.00187
 
  5.72529
  5.82635
  5.89508
  5.93663
  5.95455
  5.95354
  5.93652
  5.90761
  5.87187
  5.82941
  5.77873
  5.72010
  5.65782
  5.59582
  5.53441
  5.47352
  5.41395
  5.35916
  5.30820
  5.28105
  5.25504
  5.23718
  5.22332
  5.21986
  5.21712
  5.21678
  5.21652
  5.21647
  5.21646
  5.21641
 
  6.21591
  6.32053
  6.38026
  6.40354
  6.39734
  6.37003
  6.32564
  6.26893
  6.20571
  6.13655
  6.06041
  5.97812
  5.89381
  5.81135
  5.73102
  5.65243
  5.57589
  5.50397
  5.43623
  5.40197
  5.36956
  5.34702
  5.32820
  5.32366
  5.32007
  5.31964
  5.31929
  5.31921
  5.31919
  5.31915
 
  6.90596
  7.00606
  7.03947
  7.02140
  6.96565
  6.88758
  6.79284
  6.68692
  6.57623
  6.46247
  6.34621
  6.22923
  6.11370
  6.00205
  5.89476
  5.79179
  5.69341
  5.60057
  5.51529
  5.47642
  5.43988
  5.41293
  5.38650
  5.38022
  5.37527
  5.37461
  5.37413
  5.37406
  5.37401
  5.37399
 
  7.39269
  7.48079
  7.48441
  7.42527
  7.32323
  7.19958
  7.06134
  6.91445
  6.76573
  6.61737
  6.47069
  6.32776
  6.18916
  6.05618
  5.92939
  5.80896
  5.69516
  5.58829
  5.49252
  5.45165
  5.41350
  5.38445
  5.35358
  5.34626
  5.34046
  5.33968
  5.33912
  5.33905
  5.33898
  5.33899
 
  7.76773
  7.84046
  7.81400
  7.71620
  7.57222
  7.40828
  7.23258
  7.05137
  6.87168
  6.69576
  6.52497
  6.36113
  6.20395
  6.05397
  5.91172
  5.77734
  5.65097
  5.53289
  5.42873
  5.38579
  5.34602
  5.31551
  5.28213
  5.27424
  5.26800
  5.26716
  5.26655
  5.26647
  5.26639
  5.26641
 
  8.07233
  8.12809
  8.07229
  7.93853
  7.75663
  7.55697
  7.34872
  7.13833
  6.93296
  6.73449
  6.54390
  6.36244
  6.18956
  6.02537
  5.87027
  5.72408
  5.58680
  5.45896
  5.34717
  5.30162
  5.25978
  5.22799
  5.19330
  5.18514
  5.17872
  5.17783
  5.17720
  5.17713
  5.17706
  5.17708
 
  8.54978
  8.56975
  8.45856
  8.26036
  8.01257
  7.75226
  7.48998
  7.23245
  6.98672
  6.75348
  6.53190
  6.32176
  6.12311
  5.93582
  5.75988
  5.59412
  5.43802
  5.29325
  5.16697
  5.11478
  5.06760
  5.03332
  4.99806
  4.98990
  4.98352
  4.98265
  4.98204
  4.98195
  4.98188
  4.98188
 
  8.91673
  8.90063
  8.73866
  8.48436
  8.18121
  7.87132
  7.56596
  7.27185
  6.99568
  6.73640
  6.49128
  6.25853
  6.03938
  5.83381
  5.64130
  5.45961
  5.28760
  5.12823
  4.98823
  4.92851
  4.87510
  4.83809
  4.80318
  4.79527
  4.78914
  4.78833
  4.78774
  4.78767
  4.78761
  4.78759
 
  9.85233
  9.47551
  9.08135
  8.70091
  8.33336
  7.97822
  7.63504
  7.30369
  6.98452
  6.67660
  6.38344
  6.10428
  5.84060
  5.59083
  5.35602
  5.13744
  4.93605
  4.75041
  4.58491
  4.51667
  4.46511
  4.43440
  4.37136
  4.34556
  4.35130
  4.35562
  4.35385
  4.35252
  4.35511
  4.35335
 
 10.27939
  9.82778
  9.35750
  8.90747
  8.47604
  8.06222
  7.66546
  7.28532
  6.92148
  6.57370
  6.24555
  5.93521
  5.64494
  5.37235
  5.11794
  4.88243
  4.66570
  4.46358
  4.27674
  4.19458
  4.12575
  4.07928
  4.00863
  3.98607
  3.99491
  3.99915
  3.99678
  3.99540
  3.99763
  3.99627
 
 10.62828
 10.31107
  9.80397
  9.22012
  8.62678
  8.07996
  7.58478
  7.13729
  6.72987
  6.35744
  6.01065
  5.68001
  5.37026
  5.07980
  4.80502
  4.54110
  4.28527
  4.04137
  3.80526
  3.68698
  3.58031
  3.51281
  3.46786
  3.45886
  3.45236
  3.45167
  3.45111
  3.45100
  3.45099
  3.45101
 
 11.02741
 10.59001
  9.97024
  9.29557
  8.63270
  8.03503
  7.50234
  7.02522
  6.59090
  6.19392
  5.82650
  5.47726
  5.14946
  4.84189
  4.54932
  4.26724
  3.99262
  3.72711
  3.46398
  3.33028
  3.20819
  3.12874
  3.07324
  3.06190
  3.05357
  3.05264
  3.05192
  3.05177
  3.05175
  3.05177
 
 11.48425
 10.71581
  9.94577
  9.24216
  8.59549
  7.99998
  7.45115
  6.94501
  6.47744
  6.04833
  5.65766
  5.29492
  4.95701
  4.64097
  4.34070
  4.05403
  3.77604
  3.49454
  3.20166
  3.05677
  2.92570
  2.83766
  2.76799
  2.75926
  2.74693
  2.74490
  2.74436
  2.74423
  2.74440
  2.74422
 
 11.67924
 10.83859
 10.00415
  9.24919
  8.56102
  7.93283
  7.35865
  6.83188
  6.34964
  5.91129
  5.51430
  5.14674
  4.80346
  4.48233
  4.17589
  3.88134
  3.59346
  3.30003
  2.99329
  2.84085
  2.70216
  2.60732
  2.52782
  2.51561
  2.50148
  2.49934
  2.49851
  2.49836
  2.49843
  2.49826
 
 11.95122
 10.99217
 10.05632
  9.22238
  8.47178
  7.79503
  7.18395
  6.62884
  6.12614
  5.67732
  5.27326
  4.90087
  4.55169
  4.22436
  3.91115
  3.60740
  3.30764
  2.99990
  2.67669
  2.51498
  2.36591
  2.26039
  2.16434
  2.14598
  2.12857
  2.12619
  2.12484
  2.12465
  2.12456
  2.12441
 
 12.14198
 11.06875
 10.04711
  9.15328
  8.36197
  7.65780
  7.02861
  6.46305
  5.95362
  5.50163
  5.09443
  4.71746
  4.36008
  4.02083
  3.69592
  3.38109
  3.07361
  2.76377
  2.44386
  2.28199
  2.12446
  2.00569
  1.89917
  1.87450
  1.85491
  1.85259
  1.85064
  1.85040
  1.85019
  1.85009
 
 12.53152
 11.19207
  9.99170
  8.97975
  8.11444
  7.36477
  6.70623
  6.12446
  5.60825
  5.14841
  4.73266
  4.34670
  3.97971
  3.62936
  3.29983
  2.98435
  2.67877
  2.37122
  2.05086
  1.88547
  1.71857
  1.58574
  1.45906
  1.42805
  1.40318
  1.40021
  1.39771
  1.39739
  1.39713
  1.39707
 
 12.82177
 11.26876
  9.94063
  8.84691
  7.92796
  7.14626
  6.47075
  5.87905
  5.35917
  4.89639
  4.47621
  4.08584
  3.71437
  3.35860
  3.02546
  2.71324
  2.41386
  2.11424
  1.80133
  1.63756
  1.46772
  1.32800
  1.19123
  1.15677
  1.12897
  1.12564
  1.12284
  1.12247
  1.12220
  1.12217
 
 13.31840
 11.40950
  9.91291
  8.72476
  7.74241
  6.91312
  6.21167
  5.60554
  5.07348
  4.60010
  4.16818
  3.76638
  3.38855
  3.03203
  2.69884
  2.39097
  2.09661
  1.80575
  1.50704
  1.34938
  1.18324
  1.04237
  0.89489
  0.85689
  0.82637
  0.82231
  0.81936
  0.81901
  0.81868
  0.81865
 
 13.77888
 11.59008
  9.97900
  8.72224
  7.69782
  6.83462
  6.11168
  5.49347
  4.94937
  4.46286
  4.01970
  3.60960
  3.22652
  2.86687
  2.53025
  2.21791
  1.92585
  1.63919
  1.34814
  1.19567
  1.03350
  0.89328
  0.74055
  0.70029
  0.66814
  0.66390
  0.66077
  0.66039
  0.66007
  0.65996
 
 14.20308
 11.79468
 10.10189
  8.78738
  7.72862
  6.84128
  6.10031
  5.46931
  4.91340
  4.41406
  3.95887
  3.53895
  3.14869
  2.78417
  2.44328
  2.12506
  1.82992
  1.54478
  1.25737
  1.10721
  0.94626
  0.80527
  0.64835
  0.60648
  0.57302
  0.56862
  0.56537
  0.56496
  0.56464
  0.56446
 
 14.57414
 12.04673
 10.28510
  8.88791
  7.77019
  6.85988
  6.11378
  5.48327
  4.92421
  4.41770
  3.95435
  3.52668
  3.12771
  2.75300
  2.40187
  2.07547
  1.77605
  1.49275
  1.20588
  1.05564
  0.89380
  0.75078
  0.58938
  0.54611
  0.51139
  0.50710
  0.50350
  0.50309
  0.50266
  0.50254
 
 15.23450
 12.43573
 10.58480
  9.11107
  7.94290
  7.00838
  6.24307
  5.59308
  5.01464
  4.48994
  4.01000
  3.56760
  3.15594
  2.77014
  2.40807
  2.06859
  1.75230
  1.45889
  1.16724
  1.01399
  0.84702
  0.69730
  0.52520
  0.47861
  0.44112
  0.43645
  0.43257
  0.43212
  0.43166
  0.43157
 
 15.76953
 12.77333
 10.86198
  9.33879
  8.13963
  7.18652
  6.40591
  5.74027
  5.14690
  4.60908
  4.11787
  3.66537
  3.24406
  2.84829
  2.47512
  2.12201
  1.78832
  1.47688
  1.17531
  1.01615
  0.84101
  0.68208
  0.49692
  0.44647
  0.40579
  0.40070
  0.39650
  0.39600
  0.39552
  0.39550
 
 16.76729
 13.37848
 11.39065
  9.84726
  8.66365
  7.68829
  6.86616
  6.15392
  5.52306
  4.95694
  4.44297
  3.97072
  3.53168
  3.11856
  2.72516
  2.34392
  1.97126
  1.61209
  1.26936
  1.09003
  0.88801
  0.70097
  0.48007
  0.41943
  0.37009
  0.36366
  0.35896
  0.35837
  0.35793
  0.35777
 
 17.36630
 13.89192
 11.88537
 10.29938
  9.08867
  8.09290
  7.26034
  6.54005
  5.89734
  5.31603
  4.78601
  4.29763
  3.84085
  3.40741
  2.99161
  2.58644
  2.18686
  1.79226
  1.40004
  1.19670
  0.96428
  0.74636
  0.48809
  0.41732
  0.35962
  0.35223
  0.34633
  0.34562
  0.34496
  0.34466
 
 18.13866
 14.49118
 12.53099
 11.01044
  9.82226
  8.82164
  7.96733
  7.21817
  6.54594
  5.93590
  5.37825
  4.86342
  4.38129
  3.92324
  3.48296
  3.05216
  2.62013
  2.17119
  1.68512
  1.41944
  1.12492
  0.85005
  0.52630
  0.43351
  0.35632
  0.34600
  0.33749
  0.33644
  0.33600
  0.33445
 
 18.63226
 14.83828
 12.95253
 11.52822
 10.38204
  9.38749
  8.51663
  7.74516
  7.05735
  6.43713
  5.86901
  5.34018
  4.84076
  4.36270
  3.90068
  3.44775
  2.99269
  2.51444
  1.96877
  1.64725
  1.28341
  0.95008
  0.56659
  0.45905
  0.36091
  0.34589
  0.33366
  0.33242
  0.33157
  0.32953
 
 18.91655
 15.09651
 13.29618
 11.91901
 10.78472
  9.80215
  8.94261
  8.17581
  7.48100
  6.84619
  6.26288
  5.72240
  5.21527
  4.73275
  4.26701
  3.80701
  3.33502
  2.81867
  2.21072
  1.84936
  1.43052
  1.05301
  0.61233
  0.48464
  0.36681
  0.34804
  0.33115
  0.32933
  0.32897
  0.32633
 
 19.13025
 15.25590
 13.54312
 12.21854
 11.11213
 10.14317
  9.28867
  8.52178
  7.82465
  7.18628
  6.59860
  6.05330
  5.54113
  5.05324
  4.58136
  4.11338
  3.62910
  3.09025
  2.43917
  2.04240
  1.57323
  1.14840
  0.65638
  0.51199
  0.37390
  0.35080
  0.32932
  0.32701
  0.32681
  0.32400
 
 19.31235
 15.42447
 13.90235
 12.67602
 11.62360
 10.67793
  9.82870
  9.05912
  8.36005
  7.72200
  7.13631
  6.59357
  6.08283
  5.59369
  5.11683
  4.63813
  4.13255
  3.55069
  2.82305
  2.37353
  1.83937
  1.34333
  0.74781
  0.56205
  0.38815
  0.35791
  0.32710
  0.32346
  0.32400
  0.32080
 
 19.48801
 15.54286
 14.12933
 12.96250
 11.95386
 11.03994
 10.21362
  9.46010
  8.77190
  8.14079
  7.55912
  7.01843
  6.50863
  6.01972
  5.54187
  5.05980
  4.54568
  3.94354
  3.17094
  2.68162
  2.08615
  1.51434
  0.83052
  0.61375
  0.40325
  0.36527
  0.32593
  0.32116
  0.32182
  0.31868
 
 19.70648
 15.70506
 14.45138
 13.38978
 12.45912
 11.60751
 10.83073
 10.11711
  9.46104
  8.85599
  8.29563
  7.77262
  7.27771
  6.80110
  6.33257
  5.85525
  5.33751
  4.71345
  3.87789
  3.32562
  2.62441
  1.91333
  1.01958
  0.73283
  0.43937
  0.38424
  0.32565
  0.31804
  0.31838
  0.31552
 
 19.80792
 15.78055
 14.61543
 13.62107
 12.74142
 11.93427
 11.19582
 10.51627
  9.89065
  9.31314
  8.77793
  8.27786
  7.80354
  7.34502
  6.89203
  6.42728
  5.91743
  5.29163
  4.43020
  3.84398
  3.07714
  2.26701
  1.18861
  0.84018
  0.47287
  0.40281
  0.32742
  0.31705
  0.31632
  0.31376
 
 19.90833
 15.83798
 14.77523
 13.85863
 13.04186
 12.29274
 11.60805
 10.97957
 10.40296
  9.87277
  9.38333
  8.92718
  8.49387
  8.07272
  7.65388
  7.22018
  6.73748
  6.13085
  5.26361
  4.64876
  3.80960
  2.86913
  1.48474
  1.03091
  0.53372
  0.43791
  0.33371
  0.31823
  0.31395
  0.31184
 
 19.94218
 15.85582
 14.85029
 13.97686
 13.19681
 12.48356
 11.83393
 11.24076
 10.69969
 10.20553
  9.75251
  9.33273
  8.93470
  8.54707
  8.16044
  7.75816
  7.30631
  6.72878
  5.87967
  5.25936
  4.38651
  3.36635
  1.75535
  1.19939
  0.58864
  0.47054
  0.34160
  0.32142
  0.31262
  0.31083
 
 19.93867
 15.86239
 14.89331
 14.04748
 13.29154
 12.60274
 11.97758
 11.40980
 10.89505
 10.42834
 10.00377
  9.61318
  9.24435
  8.88538
  8.52730
  8.15404
  7.73226
  7.18568
  6.36320
  5.74765
  4.86035
  3.78899
  2.00781
  1.35225
  0.63933
  0.50113
  0.35000
  0.32546
  0.31187
  0.31021
 
 19.92018
 15.87474
 14.93192
 14.10493
 13.36453
 12.69060
 12.08010
 11.52713
 11.02808
 10.57838
 10.17280
  9.80392
  9.46047
  9.13121
  8.80719
  8.47143
  8.08715
  7.56763
  6.75328
  6.13914
  5.25727
  4.16735
  2.24147
  1.49191
  0.68720
  0.53090
  0.35851
  0.32957
  0.31142
  0.30979
 
 19.84775
 15.87769
 14.97147
 14.17251
 13.45633
 12.80656
 12.22041
 11.69269
 11.22020
 10.79890
 10.42402
 10.08851
  9.78131
  9.49148
  9.21079
  8.92290
  8.59081
  8.12433
  7.35895
  6.76687
  5.90070
  4.78639
  2.66162
  1.76295
  0.77467
  0.58518
  0.37538
  0.33857
  0.31158
  0.30926
 
 19.78554
 15.88373
 15.00223
 14.22214
 13.52187
 12.88790
 12.31710
 11.80520
 11.34948
 10.94620
 10.59110
 10.27771
  9.99559
  9.73449
  9.48701
  9.23769
  8.95002
  8.53197
  7.81606
  7.24851
  6.40351
  5.28382
  3.02958
  2.01749
  0.85512
  0.63533
  0.39169
  0.34782
  0.31216
  0.30894
 
 19.65448
 15.89995
 15.05651
 14.30492
 13.62809
 13.01634
 12.46698
 11.97693
 11.54396
 11.16531
 10.83779
 10.55633
 10.31228
 10.09741
  9.90647
  9.72652
  9.52358
  9.20509
  8.60106
  8.09316
  7.30522
  6.20639
  3.78883
  2.57976
  1.03567
  0.74859
  0.42974
  0.37041
  0.31482
  0.30849
 
 19.43916
 15.90411
 15.09312
 14.36108
 13.69643
 13.09418
 12.55316
 12.07160
 11.64865
 11.28208
 10.96950
 10.70723
 10.48964
 10.31002
 10.16012
 10.01911
  9.85265
  9.59776
  9.10680
  8.66168
  7.92128
  6.85412
  4.40121
  3.04837
  1.19541
  0.85114
  0.46454
  0.39165
  0.31843
  0.30827
 
 18.96118
 15.90895
 15.11908
 14.40504
 13.75618
 13.16787
 12.63940
 12.16979
 11.75890
 11.40588
 11.10959
 10.86785
 10.67602
 10.52896
 10.42107
 10.33538
 10.24255
 10.08581
  9.73343
  9.37968
  8.73822
  7.75057
  5.30335
  3.81580
  1.48074
  1.03319
  0.52696
  0.43026
  0.32721
  0.30804
 
 18.55367
 15.90982
 15.12983
 14.42343
 13.78133
 13.20005
 12.67898
 12.21711
 11.81418
 11.46999
 11.18365
 10.95350
 10.77574
 10.64631
 10.56122
 10.50611
 10.45632
 10.36427
 10.11231
  9.82683
  9.26640
  8.35512
  5.96940
  4.41805
  1.73190
  1.19619
  0.58265
  0.46535
  0.33644
  0.30793
 
 18.25731
 15.91132
 15.13714
 14.43373
 13.79424
 13.21661
 12.70018
 12.24373
 11.84713
 11.50976
 11.23075
 11.00839
 10.83930
 10.72023
 10.64848
 10.61201
 10.59052
 10.54530
 10.36800
 10.13328
  9.64119
  8.80123
  6.48829
  4.91138
  1.95821
  1.34564
  0.63408
  0.49742
  0.34575
  0.30786
 
 18.05287
 15.91069
 15.14073
 14.44056
 13.80418
 13.22968
 12.71640
 12.26331
 11.87011
 11.53665
 11.26207
 11.04496
 10.88213
 10.77078
 10.70904
 10.68640
 10.68515
 10.67160
 10.54873
 10.35691
  9.92399
  9.14690
  6.90808
  5.32558
  2.18418
  1.48451
  0.68202
  0.52738
  0.35500
  0.30782
 
 17.79321
 15.91024
 15.14589
 14.45009
 13.81774
 13.24718
 12.73788
 12.28929
 11.90126
 11.57338
 11.30412
 11.09222
 10.93630
 10.83517
 10.78770
 10.78379
 10.80848
 10.83792
 10.79105
 10.65896
 10.31695
  9.65461
  7.57239
  5.98356
  2.61998
  1.73863
  0.77083
  0.58193
  0.37369
  0.30776
 
 17.62769
 15.91050
 15.15035
 14.45719
 13.82699
 13.25882
 12.75182
 12.30570
 11.92037
 11.59554
 11.32969
 11.12174
 10.97073
 10.87600
 10.83682
 10.84403
 10.88468
 10.94007
 10.94406
 10.85790
 10.58620
 10.00704
  8.05621
  6.50756
  2.99962
  1.96517
  0.85196
  0.63272
  0.39087
  0.30773
 
 17.40364
 15.92026
 15.15530
 14.46130
 13.83333
 13.26912
 12.76707
 12.32626
 11.94611
 11.62628
 11.36607
 11.16398
 11.01636
 10.92222
 10.88694
 10.91554
 11.00443
 11.11424
 11.17000
 11.13354
 10.97100
 10.56046
  8.89563
  7.42584
  3.78521
  2.49594
  1.03353
  0.74687
  0.42914
  0.30768
 
 17.26108
 15.92020
 15.15816
 14.46616
 13.83997
 13.27736
 12.77707
 12.33800
 11.95966
 11.64183
 11.38391
 11.18464
 11.04059
 10.95106
 10.92180
 10.95882
 11.06013
 11.18945
 11.28253
 11.28330
 11.19071
 10.88453
  9.43274
  8.06236
  4.39909
  2.99254
  1.19517
  0.84871
  0.46465
  0.30766
 
 17.10893
 15.91975
 15.16072
 14.47074
 13.84626
 13.28526
 12.78662
 12.34921
 11.97286
 11.65700
 11.40151
 11.20528
 11.06504
 10.98040
 10.95776
 11.00389
 11.11828
 11.26730
 11.39800
 11.43801
 11.42377
 11.24532
 10.10408
  8.90740
  5.32626
  3.78284
  1.47994
  1.03054
  0.52792
  0.30763
 
 17.00316
 15.91103
 15.16319
 14.47835
 13.85527
 13.29416
 12.79446
 12.35592
 11.97876
 11.66285
 11.40835
 11.21491
 11.08094
 11.00605
 10.99231
 11.03606
 11.13315
 11.27916
 11.45047
 11.52411
 11.55419
 11.44285
 10.51395
  9.45725
  6.01279
  4.40268
  1.73000
  1.19331
  0.58434
  0.30762
 
 16.95296
 15.91043
 15.16325
 14.47888
 13.85638
 13.29584
 12.79671
 12.35882
 11.98233
 11.66731
 11.41376
 11.22138
 11.08864
 11.01523
 11.00350
 11.05002
 11.15100
 11.30338
 11.48840
 11.57558
 11.62843
 11.56204
 10.79891
  9.84578
  6.53805
  4.90313
  1.98306
  1.34347
  0.63567
  0.30761
 
 16.91820
 15.90996
 15.16296
 14.47887
 13.85680
 13.29668
 12.79815
 12.36108
 11.98572
 11.67167
 11.41826
 11.22513
 11.09222
 11.02036
 11.01147
 11.06074
 11.16341
 11.31787
 11.51369
 11.61430
 11.68332
 11.63300
 10.98494
 10.17996
  6.96472
  5.30244
  2.27174
  1.49146
  0.68188
  0.30761
 
 16.87140
 15.91029
 15.16449
 14.48103
 13.85943
 13.29956
 12.80119
 12.36414
 11.98854
 11.67466
 11.42231
 11.23125
 11.10020
 11.02905
 11.02046
 11.07126
 11.17834
 11.34038
 11.54685
 11.65536
 11.74404
 11.74836
 11.27958
 10.54840
  7.61665
  6.00524
  2.76763
  1.81108
  0.77106
  0.30760
 
 16.84410
 15.91138
 15.16657
 14.48373
 13.86243
 13.30285
 12.80444
 12.36729
 11.99167
 11.67779
 11.42545
 11.23457
 11.10382
 11.03333
 11.02572
 11.07809
 11.18756
 11.35367
 11.56660
 11.68065
 11.78349
 11.81496
 11.45028
 10.82046
  8.10308
  6.53475
  3.17483
  2.11508
  0.85117
  0.30760
 
