  0.62702
  0.65236
  0.67932
  0.70798
  0.73818
  0.76975
  0.80275
  0.83738
  0.87396
  0.91298
  0.95526
  1.00168
  1.05286
  1.10855
  1.16585
  1.21715
  1.25378
  1.27469
  1.28801
  1.29719
  1.30539
  1.30853
  1.30490
  1.30370
  1.30364
  1.30362
  1.30344
  1.30341
  1.30338
  1.30341
 
  0.87947
  0.91808
  0.95729
  0.99736
  1.03838
  1.08050
  1.12404
  1.16954
  1.21775
  1.26894
  1.32313
  1.38019
  1.43972
  1.50080
  1.56151
  1.61802
  1.66503
  1.69715
  1.70795
  1.70623
  1.70858
  1.71492
  1.71336
  1.71084
  1.71244
  1.71314
  1.71295
  1.71274
  1.71312
  1.71282
 
  1.12261
  1.17062
  1.21933
  1.26903
  1.31972
  1.37139
  1.42408
  1.47800
  1.53345
  1.59066
  1.64979
  1.71130
  1.77612
  1.84415
  1.91208
  1.97203
  2.01578
  2.04364
  2.05675
  2.05835
  2.06243
  2.06775
  2.06599
  2.06563
  2.06716
  2.06737
  2.06722
  2.06729
  2.06716
  2.06716
 
  1.56883
  1.63475
  1.69989
  1.76464
  1.82880
  1.89231
  1.95529
  2.01821
  2.08188
  2.14643
  2.21181
  2.27804
  2.34548
  2.41364
  2.47960
  2.53732
  2.58078
  2.61075
  2.62834
  2.63260
  2.63816
  2.64471
  2.65047
  2.65135
  2.65003
  2.64977
  2.64998
  2.64998
  2.65005
  2.64995
 
  1.96698
  2.04736
  2.12483
  2.19987
  2.27217
  2.34171
  2.40883
  2.47463
  2.54066
  2.60708
  2.67352
  2.73928
  2.80363
  2.86553
  2.92343
  2.97535
  3.01908
  3.05330
  3.07584
  3.08242
  3.08955
  3.09761
  3.11017
  3.11282
  3.10927
  3.10820
  3.10853
  3.10882
  3.10840
  3.10868
 
  2.32436
  2.41526
  2.50133
  2.58311
  2.66020
  2.73253
  2.80058
  2.86576
  2.93013
  2.99387
  3.05667
  3.11785
  3.17687
  3.23299
  3.28511
  3.33220
  3.37304
  3.40675
  3.43195
  3.44154
  3.45284
  3.46515
  3.48133
  3.48371
  3.47891
  3.47768
  3.47819
  3.47857
  3.47820
  3.47843
 
  2.64569
  2.74471
  2.83686
  2.92280
  3.00201
  3.07448
  3.14087
  3.20296
  3.26336
  3.32242
  3.37985
  3.43504
  3.48766
  3.53725
  3.58309
  3.62483
  3.66221
  3.69538
  3.72421
  3.73710
  3.75122
  3.76512
  3.78388
  3.78700
  3.78173
  3.78031
  3.78090
  3.78133
  3.78088
  3.78119
 
  3.19829
  3.30795
  3.40669
  3.49543
  3.57361
  3.64133
  3.69971
  3.75140
  3.80012
  3.84652
  3.89056
  3.93199
  3.97096
  4.00765
  4.04197
  4.07443
  4.10587
  4.13752
  4.17063
  4.18774
  4.20548
  4.22105
  4.24137
  4.24533
  4.24139
  4.24018
  4.24078
  4.24118
  4.24076
  4.24109
 
  3.65165
  3.77927
  3.88169
  3.96321
  4.02876
  4.08452
  4.13235
  4.17413
  4.21242
  4.24734
  4.27833
  4.30532
  4.32977
  4.35325
  4.37636
  4.40043
  4.42724
  4.45841
  4.49393
  4.51192
  4.52998
  4.54535
  4.56536
  4.56910
  4.56790
  4.56769
  4.56819
  4.56827
  4.56835
  4.56839
 
  4.53099
  4.66712
  4.76333
  4.82701
  4.86683
  4.89312
  4.90921
  4.91822
  4.92409
  4.92673
  4.92493
  4.91927
  4.91432
  4.91444
  4.92025
  4.93143
  4.94764
  4.96916
  4.99677
  5.01333
  5.03104
  5.04432
  5.05221
  5.05611
  5.06467
  5.06584
  5.06585
  5.06581
  5.06577
  5.06587
 
  5.18785
  5.29494
  5.37244
  5.42387
  5.44972
  5.45210
  5.43547
  5.40732
  5.37701
  5.34720
  5.31893
  5.29336
  5.27200
  5.25639
  5.24721
  5.24449
  5.24826
  5.25858
  5.27585
  5.28727
  5.29884
  5.30551
  5.30348
  5.30548
  5.32078
  5.32401
  5.32362
  5.32294
  5.32380
  5.32332
 
  6.10377
  6.18377
  6.22458
  6.23237
  6.20890
  6.15808
  6.08671
  6.00531
  5.92609
  5.85295
  5.78698
  5.72908
  5.68069
  5.64228
  5.61304
  5.58924
  5.56770
  5.55032
  5.54053
  5.53948
  5.53990
  5.53636
  5.51293
  5.51228
  5.53597
  5.53982
  5.53821
  5.53856
  5.53759
  5.53808
 
  6.76472
  6.80952
  6.80951
  6.77338
  6.70413
  6.60710
  6.49080
  6.36772
  6.25193
  6.14755
  6.05524
  5.97478
  5.90618
  5.84827
  5.79966
  5.75576
  5.71274
  5.67327
  5.64163
  5.62953
  5.61807
  5.60479
  5.57367
  5.57073
  5.59155
  5.59506
  5.59337
  5.59366
  5.59272
  5.59317
 
  7.29088
  7.29721
  7.25593
  7.17793
  7.06713
  6.92999
  6.77602
  6.61873
  6.47326
  6.34353
  6.22975
  6.13058
  6.04459
  5.96941
  5.90330
  5.84150
  5.78026
  5.72279
  5.67386
  5.65297
  5.63158
  5.61107
  5.58032
  5.57586
  5.58770
  5.58982
  5.58849
  5.58865
  5.58803
  5.58835
 
  7.90384
  7.74515
  7.57991
  7.41815
  7.25981
  7.10505
  6.95406
  6.80695
  6.66422
  6.52670
  6.39520
  6.26984
  6.15199
  6.04276
  5.94333
  5.85541
  5.78026
  5.71598
  5.66335
  5.64491
  5.63390
  5.62421
  5.56660
  5.53794
  5.55302
  5.55974
  5.55709
  5.55513
  5.55846
  5.55642
 
  8.58955
  8.36297
  8.13143
  7.90666
  7.68842
  7.47688
  7.27225
  7.07454
  6.88445
  6.70324
  6.53134
  6.36913
  6.21791
  6.07965
  5.95537
  5.84691
  5.75499
  5.67499
  5.60446
  5.57584
  5.55361
  5.53455
  5.46978
  5.43886
  5.44273
  5.44658
  5.44304
  5.44147
  5.44388
  5.44274
 
  8.94383
  8.83175
  8.60684
  8.31588
  8.00275
  7.70772
  7.43652
  7.18818
  6.96182
  6.75651
  6.56909
  6.39636
  6.23593
  6.08684
  5.94863
  5.82072
  5.70254
  5.59292
  5.48863
  5.43709
  5.38707
  5.35252
  5.33208
  5.32314
  5.29607
  5.29069
  5.29032
  5.29125
  5.28989
  5.29091
 
  9.84005
  9.56443
  9.18690
  8.76069
  8.33300
  7.94427
  7.59737
  7.28873
  7.01393
  6.76577
  6.53367
  6.31136
  6.10162
  5.90733
  5.72832
  5.56110
  5.40390
  5.25811
  5.12187
  5.05432
  4.98651
  4.93591
  4.89863
  4.88594
  4.86299
  4.85978
  4.85942
  4.85948
  4.85955
  4.85930
 
 10.49459
  9.92619
  9.38852
  8.89159
  8.43220
  8.00827
  7.61777
  7.25936
  6.93230
  6.63429
  6.36237
  6.11277
  5.88035
  5.66174
  5.45819
  5.26914
  5.09268
  4.92051
  4.74667
  4.66262
  4.58630
  4.53164
  4.46615
  4.44828
  4.44441
  4.44487
  4.44312
  4.44277
  4.44249
  4.44220
 
 11.00769
 10.35484
  9.68591
  9.03605
  8.43359
  7.90189
  7.43762
  7.03120
  6.67282
  6.34927
  6.04309
  5.74583
  5.46434
  5.20366
  4.96214
  4.73505
  4.51749
  4.31151
  4.11848
  4.02604
  3.93604
  3.86496
  3.78649
  3.76912
  3.76293
  3.76232
  3.76069
  3.76039
  3.76020
  3.75952
 
 11.38730
 10.51362
  9.72984
  9.02635
  8.39351
  7.82438
  7.31421
  6.85632
  6.44421
  6.07244
  5.73517
  5.42541
  5.13381
  4.85405
  4.58708
  4.33532
  4.09969
  3.87703
  3.66660
  3.56646
  3.46760
  3.39053
  3.31673
  3.29785
  3.28056
  3.27842
  3.27706
  3.27684
  3.27676
  3.27655
 
 11.58981
 10.62592
  9.77583
  9.01806
  8.34160
  7.73678
  7.19654
  6.71208
  6.27470
  5.87848
  5.51807
  5.18727
  4.87807
  4.58490
  4.30743
  4.04564
  3.79956
  3.56642
  3.34577
  3.24031
  3.13580
  3.05432
  2.97818
  2.95876
  2.93979
  2.93731
  2.93587
  2.93565
  2.93558
  2.93640
 
 11.72440
 10.69700
  9.80210
  9.00703
  8.30045
  7.67109
  7.10965
  6.60589
  6.14994
  5.73578
  5.35841
  5.01229
  4.69054
  4.38811
  4.10370
  3.83561
  3.58265
  3.34262
  3.11443
  3.00486
  2.89622
  2.81109
  2.72994
  2.70989
  2.69250
  2.69025
  2.68854
  2.68837
  2.68818
  2.68963
 
 11.88385
 10.77597
  9.82786
  8.98859
  8.24641
  7.58861
  7.00243
  6.47579
  5.99771
  5.56220
  5.16466
  4.80017
  4.46292
  4.14830
  3.85391
  3.57625
  3.31247
  3.06128
  2.82056
  2.70401
  2.58840
  2.49709
  2.40686
  2.38475
  2.36836
  2.36653
  2.36460
  2.36425
  2.36419
  2.36470
 
 11.97835
 10.81968
  9.84108
  8.97737
  8.21652
  7.54436
  6.94650
  6.40980
  5.92283
  5.47931
  5.07432
  4.70253
  4.35762
  4.03469
  3.73148
  3.44477
  3.17154
  2.90923
  2.65521
  2.53123
  2.40894
  2.31247
  2.21415
  2.18960
  2.17087
  2.16873
  2.16680
  2.16655
  2.16632
  2.16500
 
 12.06875
 10.85992
  9.85931
  8.97871
  8.20710
  7.52495
  6.91857
  6.37471
  5.88219
  5.43417
  5.02487
  4.64783
  4.29525
  3.96140
  3.64447
  3.34217
  3.05124
  2.76569
  2.48036
  2.33613
  2.18946
  2.07060
  1.95176
  1.92124
  1.89646
  1.89361
  1.89132
  1.89096
  1.89077
  1.88927
 
 12.06906
 10.87253
  9.88330
  9.00543
  8.23444
  7.55280
  6.94826
  6.40783
  5.92013
  5.47649
  5.06856
  4.68925
  4.33315
  3.99583
  3.67445
  3.36475
  3.06166
  2.75812
  2.44321
  2.27679
  2.10166
  1.95540
  1.81076
  1.77640
  1.74936
  1.74529
  1.74205
  1.74170
  1.74130
  1.74400
 
 12.01754
 10.84716
  9.90457
  9.06950
  8.32797
  7.66217
  7.06418
  6.52619
  6.04140
  5.60301
  5.20389
  4.83573
  4.48809
  4.15305
  3.82793
  3.50904
  3.18942
  2.85447
  2.48625
  2.28361
  2.06249
  1.86768
  1.66336
  1.61682
  1.59108
  1.58814
  1.58120
  1.57964
  1.58077
  1.59012
 
 11.96007
 10.81394
  9.91044
  9.11153
  8.39788
  7.75485
  7.17524
  6.65206
  6.17911
  5.75014
  5.35843
  4.99609
  4.65294
  4.32091
  3.99668
  3.67519
  3.34689
  2.99154
  2.58314
  2.34939
  2.08712
  1.85020
  1.59289
  1.53219
  1.50790
  1.50589
  1.49570
  1.49316
  1.49575
  1.50813
 
 11.90265
 10.78065
  9.91369
  9.14645
  8.45784
  7.83537
  7.27269
  6.76337
  6.30176
  5.88209
  5.49806
  5.14213
  4.80443
  4.47690
  4.15563
  3.83453
  3.50180
  3.13243
  2.69318
  2.43426
  2.13669
  1.86307
  1.55642
  1.48145
  1.45722
  1.45604
  1.44317
  1.43979
  1.44367
  1.45639
 
 11.85027
 10.75001
  9.91594
  9.17558
  8.50894
  7.90469
  7.35719
  6.86047
  6.40940
  5.99855
  5.62202
  5.27260
  4.94074
  4.61836
  4.30113
  3.98210
  3.64761
  3.26852
  2.80504
  2.52526
  2.19745
  1.89078
  1.53830
  1.44939
  1.42348
  1.42285
  1.40781
  1.40376
  1.40868
  1.42057
 
 11.75311
 10.69380
  9.91732
  9.22230
  8.59330
  8.02023
  7.49864
  7.02347
  6.59039
  6.19477
  5.83146
  5.49404
  5.17380
  4.86295
  4.55636
  4.24530
  3.91231
  3.51946
  3.01454
  2.69894
  2.32120
  1.96268
  1.54523
  1.43001
  1.36810
  1.36939
  1.37107
  1.36768
  1.35779
  1.37402
 
 11.68349
 10.65449
  9.91990
  9.25815
  8.65741
  8.10837
  7.60732
  7.14979
  6.73201
  6.34984
  5.99869
  5.67262
  5.36349
  5.06374
  4.76783
  4.46601
  4.13838
  3.74106
  3.21152
  2.87042
  2.45223
  2.04601
  1.56116
  1.42235
  1.34280
  1.34319
  1.34544
  1.34159
  1.32889
  1.34488
 
 11.64080
 10.63473
  9.94399
  9.32088
  8.75601
  8.24130
  7.77326
  7.34777
  6.96122
  6.60955
  6.28801
  5.99020
  5.70686
  5.42975
  5.15403
  4.87115
  4.56344
  4.19036
  3.67022
  3.29820
  2.78379
  2.24573
  1.60291
  1.42633
  1.33409
  1.32214
  1.29952
  1.29836
  1.29446
  1.30369
 
 11.57614
 10.60161
  9.94993
  9.36063
  8.82536
  8.33727
  7.89337
  7.49010
  7.12428
  6.79232
  6.48990
  6.21104
  5.94684
  5.68925
  5.43339
  5.17036
  4.88109
  4.52088
  3.99852
  3.61285
  3.06551
  2.46859
  1.69160
  1.46100
  1.32282
  1.30609
  1.28121
  1.27910
  1.27546
  1.28184
 
 11.46941
 10.55125
  9.95945
  9.41854
  8.92283
  8.46778
  8.05201
  7.67388
  7.33208
  7.02404
  6.74638
  6.49427
  6.26022
  6.03660
  5.81670
  5.58732
  5.32658
  4.99316
  4.49230
  4.10498
  3.52714
  2.84916
  1.87509
  1.57344
  1.31732
  1.28568
  1.26423
  1.26123
  1.25597
  1.25923
 
 11.44032
 10.54122
  9.97205
  9.45000
  8.97190
  8.53489
  8.13730
  7.77696
  7.45201
  7.16067
  6.90101
  6.66973
  6.46092
  6.26630
  6.07405
  5.86775
  5.62540
  5.31054
  4.84037
  4.47723
  3.91567
  3.19267
  2.04327
  1.67085
  1.33258
  1.28589
  1.25366
  1.25021
  1.24465
  1.24769
 
 11.42210
 10.53338
  9.97918
  9.47203
  9.00791
  8.58325
  8.19691
  7.84760
  7.53427
  7.25531
  7.00850
  6.79058
  6.59607
  6.41836
  6.24907
  6.07013
  5.85569
  5.56720
  5.11571
  4.75865
  4.20993
  3.49297
  2.22037
  1.76252
  1.34692
  1.29050
  1.24907
  1.24298
  1.23960
  1.24077
 
 11.40868
 10.53118
  9.98741
  9.48947
  9.03380
  8.61728
  8.23901
  7.89784
  7.59301
  7.32309
  7.08612
  6.87913
  6.69699
  6.53354
  6.38109
  6.22244
  6.03180
  5.76814
  5.34023
  4.99520
  4.45843
  3.73929
  2.38517
  1.86013
  1.36398
  1.29551
  1.24640
  1.23893
  1.23521
  1.23617
 
 11.39203
 10.53460
 10.00347
  9.51523
  9.06815
  8.66107
  8.29334
  7.96389
  7.67199
  7.41594
  7.19344
  7.00165
  6.83684
  6.69418
  6.56677
  6.43803
  6.28301
  6.06199
  5.68615
  5.37102
  4.86134
  4.13972
  2.66842
  2.04986
  1.40881
  1.31324
  1.24211
  1.23468
  1.22405
  1.23042
 
 11.40454
 10.54332
 10.01140
  9.52712
  9.08679
  8.68774
  8.32869
  8.00807
  7.72461
  7.47704
  7.26363
  7.08152
  6.92557
  6.79131
  6.67693
  6.57599
  6.46809
  6.29251
  5.94017
  5.63722
  5.16024
  4.47064
  2.93180
  2.22905
  1.44477
  1.32617
  1.24319
  1.23382
  1.22574
  1.22689
 
 11.37730
 10.54805
 10.03292
  9.56071
  9.12915
  8.73701
  8.38398
  8.06997
  7.79515
  7.55856
  7.35833
  7.19242
  7.05794
  6.95171
  6.86995
  6.80099
  6.72546
  6.60745
  6.35648
  6.11153
  5.68696
  5.04773
  3.48427
  2.60951
  1.54502
  1.37961
  1.24845
  1.23417
  1.22002
  1.22208
 
 11.36360
 10.55553
 10.04446
  9.57596
  9.14836
  8.76079
  8.41269
  8.10377
  7.83391
  7.60273
  7.40922
  7.25199
  7.12808
  7.03459
  6.96892
  6.92133
  6.87551
  6.80090
  6.61426
  6.41132
  6.03612
  5.44558
  3.89917
  2.93952
  1.64660
  1.43393
  1.25658
  1.23716
  1.21747
  1.21965
 
 11.33716
 10.56692
 10.05393
  9.58684
  9.16317
  8.78120
  8.43977
  8.13803
  7.87540
  7.65141
  7.46531
  7.31569
  7.19931
  7.11445
  7.06331
  7.04580
  7.05161
  7.03549
  6.91307
  6.76403
  6.47719
  5.97533
  4.48138
  3.48084
  1.84474
  1.54187
  1.27603
  1.24504
  1.21633
  1.21721
 
 11.29879
 10.56913
 10.05856
  9.59375
  9.17238
  8.79285
  8.45409
  8.15529
  7.89591
  7.67557
  7.49365
  7.34890
  7.23829
  7.16050
  7.11861
  7.11401
  7.13935
  7.15530
  7.08678
  6.97623
  6.73875
  6.30125
  4.91900
  3.88955
  2.02448
  1.65104
  1.29813
  1.25413
  1.21613
  1.21600
 
 11.27041
 10.56997
 10.06097
  9.59758
  9.17765
  8.79968
  8.46261
  8.16568
  7.90838
  7.69034
  7.51107
  7.36939
  7.26236
  7.18888
  7.15263
  7.15600
  7.19369
  7.23075
  7.19926
  7.11640
  6.91638
  6.53029
  5.25072
  4.21809
  2.19203
  1.75639
  1.32095
  1.26359
  1.21687
  1.21529
 
 11.22944
 10.56419
 10.06435
  9.60509
  9.18641
  8.80867
  8.47141
  8.17421
  7.91695
  7.69947
  7.52151
  7.38255
  7.28107
  7.21617
  7.18824
  7.19217
  7.22011
  7.25858
  7.26922
  7.22385
  7.05907
  6.70134
  5.50109
  4.49431
  2.35166
  1.85757
  1.34387
  1.27371
  1.21763
  1.21481
 
 11.20375
 10.56435
 10.06614
  9.60845
  9.19126
  8.81493
  8.47902
  8.18332
  7.92780
  7.71235
  7.53671
  7.40039
  7.30209
  7.24115
  7.21842
  7.22968
  7.26857
  7.32451
  7.36754
  7.35243
  7.24083
  6.95174
  5.87299
  4.92238
  2.64960
  2.04795
  1.38943
  1.29314
  1.22143
  1.21422
 
 11.18776
 10.56449
 10.06716
  9.61048
  9.19428
  8.81882
  8.48373
  8.18886
  7.93434
  7.72010
  7.54589
  7.41129
  7.31499
  7.25649
  7.23692
  7.25266
  7.29832
  7.36523
  7.42827
  7.43246
  7.35884
  7.12246
  6.13983
  5.24589
  2.91434
  2.22309
  1.43446
  1.31330
  1.22595
  1.21386
 
 11.16373
 10.56476
 10.06866
  9.61325
  9.19834
  8.82403
  8.49005
  8.19634
  7.94312
  7.73043
  7.55813
  7.42589
  7.33238
  7.27723
  7.26198
  7.28378
  7.33870
  7.42104
  7.51179
  7.54277
  7.52685
  7.37934
  6.57780
  5.80437
  3.46302
  2.60917
  1.54410
  1.36612
  1.23848
  1.21338
 
 11.15030
 10.56524
 10.06967
  9.61475
  9.20034
  8.82661
  8.49327
  8.20021
  7.94769
  7.73574
  7.56434
  7.43323
  7.34113
  7.28774
  7.27481
  7.29979
  7.35948
  7.45016
  7.55580
  7.60049
  7.61464
  7.52085
  6.85375
  6.17019
  3.89204
  2.93687
  1.64935
  1.42062
  1.25146
  1.21314
 
 11.13607
 10.56601
 10.07094
  9.61633
  9.20228
  8.82911
  8.49646
  8.20417
  7.95239
  7.74117
  7.57063
  7.44056
  7.34982
  7.29826
  7.28774
  7.31599
  7.38049
  7.47985
  7.60145
  7.66011
  7.70340
  7.66932
  7.18733
  6.63089
  4.52655
  3.46030
  1.84571
  1.53020
  1.27690
  1.21289
 
 11.12853
 10.56635
 10.07157
  9.61712
  9.20327
  8.83037
  8.49808
  8.20618
  7.95476
  7.74391
  7.57378
  7.44423
  7.35418
  7.30351
  7.29422
  7.32411
  7.39106
  7.49465
  7.62469
  7.69111
  7.74825
  7.74431
  7.37951
  6.91234
  4.97420
  3.86467
  2.02867
  1.63861
  1.30099
  1.21277
 
 11.14362
 10.57250
 10.07025
  9.61294
  9.19890
  8.82697
  8.49624
  8.20612
  7.95631
  7.74674
  7.57727
  7.44721
  7.35433
  7.29864
  7.28581
  7.32197
  7.40862
  7.52499
  7.64489
  7.70612
  7.76777
  7.78595
  7.50825
  7.09955
  5.30141
  4.19137
  2.20683
  1.74559
  1.32295
  1.21270
 
 11.14023
 10.57257
 10.07042
  9.61321
  9.19931
  8.82748
  8.49686
  8.20687
  7.95721
  7.74783
  7.57855
  7.44873
  7.35614
  7.30081
  7.28845
  7.32527
  7.41296
  7.53106
  7.65432
  7.71876
  7.78650
  7.81699
  7.59232
  7.23634
  5.56075
  4.45958
  2.37215
  1.85188
  1.34537
  1.21266
 
 11.11601
 10.56643
 10.07207
  9.61813
  9.20477
  8.83229
  8.50036
  8.20888
  7.95803
  7.74793
  7.57860
  7.44991
  7.36090
  7.31159
  7.30414
  7.33657
  7.40720
  7.51660
  7.66001
  7.74002
  7.81854
  7.85877
  7.70253
  7.42063
  5.94427
  4.88472
  2.66936
  2.05787
  1.39014
  1.21262
 
 11.11316
 10.56621
 10.07211
  9.61841
  9.20517
  8.83263
  8.50058
  8.20906
  7.95838
  7.74857
  7.57952
  7.45100
  7.36217
  7.31318
  7.30611
  7.33902
  7.41034
  7.52136
  7.66727
  7.74901
  7.83332
  7.88764
  7.77888
  7.53426
  6.21600
  5.21426
  2.93133
  2.24479
  1.43294
  1.21261
 
