  0.61330
  0.63927
  0.66627
  0.69451
  0.72409
  0.75513
  0.78780
  0.82234
  0.85907
  0.89830
  0.94043
  0.98608
  1.03614
  1.09067
  1.14676
  1.19677
  1.23276
  1.25686
  1.27272
  1.27804
  1.28510
  1.29105
  1.28716
  1.28554
  1.28577
  1.28583
  1.28559
  1.28564
  1.28551
  1.28558
 
  0.87035
  0.90568
  0.94250
  0.98115
  1.02172
  1.06428
  1.10889
  1.15560
  1.20442
  1.25532
  1.30815
  1.36269
  1.41852
  1.47498
  1.53103
  1.58503
  1.63459
  1.67637
  1.70245
  1.70375
  1.69209
  1.67492
  1.68345
  1.69750
  1.69569
  1.69310
  1.69313
  1.69371
  1.69191
  1.69317
 
  1.11534
  1.15861
  1.20343
  1.25023
  1.29908
  1.35000
  1.40303
  1.45811
  1.51518
  1.57412
  1.63463
  1.69627
  1.75841
  1.82009
  1.87993
  1.93593
  1.98552
  2.02599
  2.05035
  2.05084
  2.03878
  2.02253
  2.03705
  2.05383
  2.04928
  2.04583
  2.04631
  2.04716
  2.04505
  2.04646
 
  1.56410
  1.61959
  1.67643
  1.73528
  1.79612
  1.85890
  1.92351
  1.98978
  2.05746
  2.12619
  2.19547
  2.26450
  2.33224
  2.39729
  2.45781
  2.51147
  2.55587
  2.59044
  2.61167
  2.61306
  2.60517
  2.59625
  2.62378
  2.64351
  2.63164
  2.62647
  2.62797
  2.62934
  2.62681
  2.62840
 
  1.95397
  2.02426
  2.09460
  2.16571
  2.23727
  2.30895
  2.38029
  2.45085
  2.52012
  2.58762
  2.65305
  2.71616
  2.77737
  2.83679
  2.89317
  2.94484
  2.98989
  3.02736
  3.05486
  3.06342
  3.06950
  3.07386
  3.08590
  3.09105
  3.08821
  3.08680
  3.08692
  3.08727
  3.08652
  3.08708
 
  2.29302
  2.38331
  2.46913
  2.55106
  2.62868
  2.70184
  2.77093
  2.83718
  2.90240
  2.96672
  3.02983
  3.09112
  3.15022
  3.20655
  3.25905
  3.30669
  3.34826
  3.38278
  3.40875
  3.41872
  3.43039
  3.44307
  3.46000
  3.46256
  3.45766
  3.45638
  3.45691
  3.45729
  3.45691
  3.45716
 
  2.61772
  2.70481
  2.78980
  2.87352
  2.95533
  3.03450
  3.11025
  3.18178
  3.24834
  3.30933
  3.36475
  3.41498
  3.46200
  3.50746
  3.55087
  3.59157
  3.62936
  3.66619
  3.70329
  3.72023
  3.73347
  3.74187
  3.76115
  3.76829
  3.76105
  3.75909
  3.76011
  3.76034
  3.76068
  3.76046
 
  3.16280
  3.25756
  3.34800
  3.43520
  3.51830
  3.59631
  3.66830
  3.73332
  3.79055
  3.83954
  3.88065
  3.91507
  3.94617
  3.97700
  4.00779
  4.03880
  4.07106
  4.10787
  4.15186
  4.17414
  4.19040
  4.19853
  4.21938
  4.22821
  4.22205
  4.22016
  4.22123
  4.22144
  4.22186
  4.22161
 
  3.62037
  3.71695
  3.80718
  3.89243
  3.97166
  4.04383
  4.10790
  4.16292
  4.20817
  4.24337
  4.26931
  4.28802
  4.30400
  4.32150
  4.34138
  4.36458
  4.39278
  4.42916
  4.47608
  4.50061
  4.51765
  4.52449
  4.54375
  4.55307
  4.55029
  4.54900
  4.54988
  4.55000
  4.55048
  4.55023
 
  4.47998
  4.60270
  4.70208
  4.78018
  4.83664
  4.87251
  4.89066
  4.89662
  4.89772
  4.89602
  4.89267
  4.88931
  4.88853
  4.89270
  4.90180
  4.91447
  4.92986
  4.95035
  4.97923
  4.99712
  5.01557
  5.02876
  5.03698
  5.04065
  5.04970
  5.05100
  5.05087
  5.05100
  5.05080
  5.05097
 
  5.13738
  5.25007
  5.33258
  5.38827
  5.41754
  5.42256
  5.40784
  5.38109
  5.35200
  5.32329
  5.29603
  5.27144
  5.25112
  5.23670
  5.22882
  5.22745
  5.23247
  5.24389
  5.26201
  5.27383
  5.28596
  5.29315
  5.29107
  5.29305
  5.30881
  5.31216
  5.31175
  5.31105
  5.31196
  5.31146
 
  6.07944
  6.16082
  6.20248
  6.21054
  6.18688
  6.13558
  6.06368
  5.98207
  5.90336
  5.83146
  5.76731
  5.71154
  5.66512
  5.62815
  5.59995
  5.57713
  5.55682
  5.54075
  5.53207
  5.53150
  5.53244
  5.52931
  5.50611
  5.50555
  5.52942
  5.53331
  5.53170
  5.53204
  5.53107
  5.53158
 
  6.77880
  6.79645
  6.78090
  6.74004
  6.67522
  6.58907
  6.48607
  6.37304
  6.25800
  6.14534
  6.03903
  5.94434
  5.87058
  5.82244
  5.79280
  5.76154
  5.71326
  5.66540
  5.63639
  5.62676
  5.61574
  5.60100
  5.57188
  5.57079
  5.58855
  5.59209
  5.59185
  5.59113
  5.59208
  5.59123
 
  7.46804
  7.34453
  7.21433
  7.08629
  6.96043
  6.83685
  6.71574
  6.59730
  6.48177
  6.36989
  6.26249
  6.15965
  6.06267
  5.97227
  5.88964
  5.81643
  5.75408
  5.70201
  5.66240
  5.65084
  5.64689
  5.64276
  5.58992
  5.56307
  5.58506
  5.59343
  5.59123
  5.58905
  5.59286
  5.59034
 
  7.90472
  7.74392
  7.57686
  7.41349
  7.25374
  7.09783
  6.94591
  6.79813
  6.65500
  6.51738
  6.38609
  6.26129
  6.14439
  6.03656
  5.93901
  5.85349
  5.78117
  5.71974
  5.66929
  5.65142
  5.64033
  5.62990
  5.57128
  5.54260
  5.55853
  5.56537
  5.56256
  5.56055
  5.56387
  5.56187
 
  8.58167
  8.35533
  8.12419
  7.89987
  7.68214
  7.47117
  7.26717
  7.07020
  6.88091
  6.70059
  6.52968
  6.36857
  6.21859
  6.08173
  5.95903
  5.85232
  5.76232
  5.68424
  5.61532
  5.58724
  5.56523
  5.54596
  5.48068
  5.44967
  5.45399
  5.45792
  5.45432
  5.45274
  5.45514
  5.45398
 
  8.92442
  8.81570
  8.59365
  8.30510
  7.99430
  7.70177
  7.43315
  7.18730
  6.96312
  6.75963
  6.57379
  6.40247
  6.24333
  6.09543
  5.95839
  5.83166
  5.71472
  5.60641
  5.50342
  5.45247
  5.40287
  5.36844
  5.34787
  5.33888
  5.31196
  5.30662
  5.30624
  5.30717
  5.30580
  5.30680
 
  9.81629
  9.52053
  9.14673
  8.73784
  8.32880
  7.95019
  7.60623
  7.29718
  7.02259
  6.77578
  6.54568
  6.32551
  6.11763
  5.92465
  5.74655
  5.58025
  5.42426
  5.27979
  5.14470
  5.07761
  5.01015
  4.95973
  4.92254
  4.90984
  4.88696
  4.88376
  4.88341
  4.88346
  4.88352
  4.88330
 
 10.44549
  9.89024
  9.36401
  8.87681
  8.42568
  8.00861
  7.62376
  7.26989
  6.94637
  6.65103
  6.38103
  6.13281
  5.90145
  5.68380
  5.48110
  5.29287
  5.11728
  4.94626
  4.77395
  4.69062
  4.61457
  4.55972
  4.49467
  4.47718
  4.47314
  4.47354
  4.47183
  4.47147
  4.47121
  4.47097
 
 10.99376
 10.31851
  9.65311
  9.02077
  8.43719
  7.91628
  7.45592
  7.04983
  6.69136
  6.36823
  6.06339
  5.76826
  5.48891
  5.22984
  4.98948
  4.76345
  4.54706
  4.34219
  4.14985
  4.05745
  3.96752
  3.89668
  3.81891
  3.80175
  3.79565
  3.79503
  3.79343
  3.79313
  3.79294
  3.79233
 
 11.34170
 10.51989
  9.74893
  9.03708
  8.39240
  7.82111
  7.31722
  6.87000
  6.46872
  6.10458
  5.76790
  5.45201
  5.15515
  4.87604
  4.61364
  4.36591
  4.13089
  3.90865
  3.69924
  3.59834
  3.49931
  3.42292
  3.34942
  3.33065
  3.31363
  3.31141
  3.31010
  3.30993
  3.30982
  3.30963
 
 11.57608
 10.62263
  9.78014
  9.02786
  8.35527
  7.75305
  7.21456
  6.73136
  6.29509
  5.89997
  5.54069
  5.21110
  4.90323
  4.61147
  4.33543
  4.07491
  3.82976
  3.59733
  3.37719
  3.27187
  3.16735
  3.08579
  3.00980
  2.99045
  2.97160
  2.96914
  2.96770
  2.96749
  2.96741
  2.96815
 
 11.71196
 10.69608
  9.80938
  9.02023
  8.31768
  7.69086
  7.13078
  6.62754
  6.17157
  5.75710
  5.37943
  5.03344
  4.71271
  4.41239
  4.13061
  3.86454
  3.61229
  3.37243
  3.14461
  3.03529
  2.92684
  2.84164
  2.75992
  2.73985
  2.72271
  2.72050
  2.71873
  2.71850
  2.71832
  2.71968
 
 11.87840
 10.78002
  9.83785
  9.00212
  8.26173
  7.60458
  7.01845
  6.49182
  6.01425
  5.57973
  5.18353
  4.82061
  4.48493
  4.17171
  3.87856
  3.60196
  3.33900
  3.08841
  2.84810
  2.73165
  2.61602
  2.52456
  2.43401
  2.41180
  2.39532
  2.39349
  2.39155
  2.39120
  2.39114
  2.39162
 
 11.97308
 10.82086
  9.84616
  8.98516
  8.22606
  7.55502
  6.95797
  6.42210
  5.93620
  5.49402
  5.09054
  4.72033
  4.37692
  4.05532
  3.75330
  3.46767
  3.19541
  2.93381
  2.68008
  2.55611
  2.43377
  2.33719
  2.23862
  2.21397
  2.19514
  2.19299
  2.19104
  2.19079
  2.19056
  2.18941
 
 12.05391
 10.84779
  9.84949
  8.97181
  8.20335
  7.52444
  6.92115
  6.38002
  5.88961
  5.44319
  5.03515
  4.65926
  4.30797
  3.97564
  3.66039
  3.35969
  3.07006
  2.78535
  2.50023
  2.35591
  2.20912
  2.09016
  1.97109
  1.94052
  1.91568
  1.91282
  1.91052
  1.91016
  1.90996
  1.90854
 
 12.04819
 10.83920
  9.85226
  8.98519
  8.22647
  7.55350
  6.95367
  6.41431
  5.92458
  5.47803
  5.06930
  4.69239
  4.34006
  4.00642
  3.68810
  3.38016
  3.07706
  2.77246
  2.45852
  2.29419
  2.11917
  1.97120
  1.82668
  1.79233
  1.76468
  1.76116
  1.75786
  1.75737
  1.75711
  1.75928
 
 11.95682
 10.80231
  9.87127
  9.04535
  8.31090
  7.65061
  7.05677
  6.52183
  6.03923
  5.60235
  5.20426
  4.83695
  4.49026
  4.15649
  3.83298
  3.51597
  3.19843
  2.86544
  2.49869
  2.29643
  2.07534
  1.88019
  1.67522
  1.62845
  1.60260
  1.59965
  1.59273
  1.59120
  1.59232
  1.60034
 
 11.88134
 10.75600
  9.86763
  9.08053
  8.37595
  7.73976
  7.16512
  6.64534
  6.17456
  5.74676
  5.35560
  4.99350
  4.65079
  4.31977
  3.99711
  3.67773
  3.35193
  2.99913
  2.59282
  2.35977
  2.09778
  1.86068
  1.60282
  1.54185
  1.51724
  1.51519
  1.50507
  1.50258
  1.50515
  1.51584
 
 11.81205
 10.71395
  9.86446
  9.11080
  8.43259
  7.81791
  7.26078
  6.75513
  6.29567
  5.87696
  5.49308
  5.13694
  4.79931
  4.47256
  4.15280
  3.83391
  3.50399
  3.13758
  2.70092
  2.44298
  2.14596
  1.87236
  1.56541
  1.49022
  1.46548
  1.46422
  1.45144
  1.44814
  1.45199
  1.46306
 
 11.75176
 10.67740
  9.86225
  9.13666
  8.48133
  7.88552
  7.34396
  6.85112
  6.40219
  5.99215
  5.61550
  5.26556
  4.93347
  4.61166
  4.29588
  3.97910
  3.64760
  3.27178
  2.81129
  2.53273
  2.20572
  1.89931
  1.54683
  1.45775
  1.43120
  1.43046
  1.41553
  1.41157
  1.41646
  1.42688
 
 11.64605
 10.61458
  9.85835
  9.17925
  8.56249
  7.99856
  7.48339
  7.01236
  6.58148
  6.18652
  5.82280
  5.48447
  5.16361
  4.85306
  4.54770
  4.23887
  3.90901
  3.51979
  3.01852
  2.70458
  2.32819
  1.97041
  1.55331
  1.43800
  1.37552
  1.37664
  1.37830
  1.37503
  1.36538
  1.38039
 
 11.57347
 10.57268
  9.85857
  9.21301
  8.62476
  8.08510
  7.59062
  7.13732
  6.72174
  6.34018
  5.98847
  5.66128
  5.35133
  5.05168
  4.75689
  4.45722
  4.13277
  3.73930
  3.21380
  2.87466
  2.45823
  2.05312
  1.56906
  1.43027
  1.35023
  1.35045
  1.35265
  1.34892
  1.33650
  1.35163
 
 11.53247
 10.55392
  9.88276
  9.27516
  8.72226
  8.21646
  7.75461
  7.33299
  6.94830
  6.59689
  6.27444
  5.97518
  5.69077
  5.41370
  5.13920
  4.85880
  4.55474
  4.18598
  3.67017
  3.30012
  2.78726
  2.25047
  1.61040
  1.43464
  1.34175
  1.32969
  1.30725
  1.30609
  1.30241
  1.31135
 
 11.47720
 10.52670
  9.89185
  9.31597
  8.79114
  8.31091
  7.87257
  7.47284
  7.10883
  6.77727
  6.47418
  6.19416
  5.92908
  5.67154
  5.41675
  5.15593
  4.87001
  4.51399
  3.99623
  3.61280
  3.06737
  2.47214
  1.69856
  1.46902
  1.33090
  1.31416
  1.28940
  1.28731
  1.28385
  1.29014
 
 11.37705
 10.47634
  9.89786
  9.36950
  8.88535
  8.44056
  8.03321
  7.66107
  7.32216
  7.01425
  6.73463
  6.47947
  6.24277
  6.01858
  5.80181
  5.58189
  5.33420
  4.99788
  4.46463
  4.06149
  3.49172
  2.84863
  1.90973
  1.58989
  1.31954
  1.29094
  1.27711
  1.27260
  1.25517
  1.26836
 
 11.36871
 10.47762
  9.91622
  9.40375
  8.93528
  8.50643
  8.11544
  7.76027
  7.43907
  7.14977
  6.88978
  6.65531
  6.44021
  6.23861
  6.04609
  5.85305
  5.63600
  5.33474
  4.83518
  4.43978
  3.85592
  3.16317
  2.08137
  1.69346
  1.33784
  1.29237
  1.26461
  1.25986
  1.24537
  1.25731
 
 11.36729
 10.48899
  9.94015
  9.43727
  8.97644
  8.55432
  8.16987
  7.82196
  7.50970
  7.23154
  6.98537
  6.76802
  6.57419
  6.39741
  6.22927
  6.05171
  5.83891
  5.55281
  5.10512
  4.75070
  4.20527
  3.49167
  2.22435
  1.76894
  1.35603
  1.29998
  1.25876
  1.25271
  1.24936
  1.25069
 
 11.36180
 10.49199
  9.95143
  9.45614
  9.00263
  8.58791
  8.21108
  7.87113
  7.56737
  7.29838
  7.06224
  6.85604
  6.67469
  6.51207
  6.36058
  6.20300
  6.01375
  5.75223
  5.32795
  4.98558
  4.45232
  3.73682
  2.38839
  1.86612
  1.37313
  1.30513
  1.25631
  1.24888
  1.24518
  1.24631
 
 11.35213
 10.49792
  9.96847
  9.48315
  9.03887
  8.63343
  8.26635
  7.93709
  7.64545
  7.39018
  7.16932
  6.97985
  6.81628
  6.67268
  6.54304
  6.41305
  6.25987
  6.04357
  5.67365
  5.36067
  4.85201
  4.13294
  2.67336
  2.06000
  1.41462
  1.31797
  1.25286
  1.24726
  1.23717
  1.24085
 
 11.36852
 10.51125
  9.97962
  9.49579
  9.05602
  8.65768
  8.29940
  7.97962
  7.69711
  7.45052
  7.23811
  7.05699
  6.90195
  6.76849
  6.65477
  6.55447
  6.44733
  6.27302
  5.92332
  5.62272
  5.14944
  4.46454
  2.93327
  2.23367
  1.45372
  1.33587
  1.25354
  1.24420
  1.23617
  1.23749
 
 11.34215
 10.51279
  9.99656
  9.52539
  9.09626
  8.70718
  8.35715
  8.04512
  7.77042
  7.53261
  7.33108
  7.16470
  7.03092
  6.92662
  6.84750
  6.78060
  6.70509
  6.58444
  6.33140
  6.09062
  5.67887
  5.04773
  3.47315
  2.61028
  1.55708
  1.39128
  1.25862
  1.24439
  1.22817
  1.23293
 
 11.32201
 10.51907
 10.00948
  9.54222
  9.11583
  8.72956
  8.38294
  8.07560
  7.80745
  7.57763
  7.38456
  7.22663
  7.10197
  7.00852
  6.94388
  6.89833
  6.85486
  6.77932
  6.58691
  6.38463
  6.02347
  5.44951
  3.89049
  2.93052
  1.65855
  1.44764
  1.26701
  1.24604
  1.22605
  1.23062
 
 11.27678
 10.52127
 10.01701
  9.55577
  9.13554
  8.75513
  8.41389
  8.11162
  7.84837
  7.62407
  7.43829
  7.29022
  7.17750
  7.09815
  7.05095
  7.02822
  7.01634
  6.98783
  6.87937
  6.74470
  6.46581
  5.97304
  4.48267
  3.45302
  1.85577
  1.55825
  1.28689
  1.25270
  1.22486
  1.22831
 
 11.23755
 10.52488
 10.02367
  9.56411
  9.14517
  8.76645
  8.42748
  8.12799
  7.86805
  7.64749
  7.46593
  7.32262
  7.21560
  7.14337
  7.10547
  7.09545
  7.10295
  7.10927
  7.06007
  6.96243
  6.72089
  6.27349
  4.91854
  3.88252
  2.02803
  1.66040
  1.30867
  1.26535
  1.22626
  1.22716
 
 11.20865
 10.52593
 10.02659
  9.56838
  9.15067
  8.77341
  8.43614
  8.13855
  7.88067
  7.66232
  7.48326
  7.34287
  7.23939
  7.17166
  7.13972
  7.13793
  7.15743
  7.18258
  7.16849
  7.10120
  6.90285
  6.50471
  5.23617
  4.21439
  2.19612
  1.76409
  1.33118
  1.27487
  1.22715
  1.22649
 
 11.18874
 10.52665
 10.02854
  9.57123
  9.15434
  8.77808
  8.44196
  8.14567
  7.88919
  7.67236
  7.49504
  7.35666
  7.25562
  7.19098
  7.16308
  7.16697
  7.19483
  7.23322
  7.24395
  7.19899
  7.03542
  6.67936
  5.48582
  4.48742
  2.35587
  1.86434
  1.35390
  1.28439
  1.22858
  1.22604
 
 11.16359
 10.52731
 10.03087
  9.57482
  9.15913
  8.78412
  8.44938
  8.15466
  7.89997
  7.68520
  7.51016
  7.37438
  7.27650
  7.21581
  7.19314
  7.20431
  7.24303
  7.29879
  7.34182
  7.32693
  7.21604
  6.92848
  5.85697
  4.91317
  2.65221
  2.05385
  1.39919
  1.30367
  1.23237
  1.22547
 
 11.14782
 10.52775
 10.03221
  9.57698
  9.16208
  8.78787
  8.45395
  8.16012
  7.90649
  7.69296
  7.51935
  7.38522
  7.28930
  7.23103
  7.21153
  7.22718
  7.27260
  7.33927
  7.40227
  7.40655
  7.33328
  7.09856
  6.12397
  5.23495
  2.91558
  2.22825
  1.44396
  1.32366
  1.23687
  1.22513
 
 11.12401
 10.52823
 10.03388
  9.57987
  9.16613
  8.79300
  8.46015
  8.16751
  7.91525
  7.70335
  7.53164
  7.39975
  7.30649
  7.25155
  7.23641
  7.25815
  7.31278
  7.39478
  7.48537
  7.51633
  7.50040
  7.35439
  6.56056
  5.79006
  3.46149
  2.61263
  1.55297
  1.37601
  1.24934
  1.22467
 
 11.11066
 10.52851
 10.03473
  9.58128
  9.16815
  8.79564
  8.46340
  8.17139
  7.91977
  7.70859
  7.53778
  7.40705
  7.31521
  7.26203
  7.24920
  7.27408
  7.33345
  7.42374
  7.52911
  7.57371
  7.58792
  7.49485
  6.83231
  6.15299
  3.88851
  2.93875
  1.65758
  1.43007
  1.26225
  1.22443
 
 11.09663
 10.52888
 10.03559
  9.58268
  9.17015
  8.79831
  8.46677
  8.17542
  7.92443
  7.71389
  7.54391
  7.41431
  7.32392
  7.27255
  7.26208
  7.29018
  7.35437
  7.45330
  7.57445
  7.63301
  7.67651
  7.64200
  7.15985
  6.60984
  4.52007
  3.45954
  1.85278
  1.53883
  1.28755
  1.22419
 
 11.08930
 10.52912
 10.03604
  9.58331
  9.17107
  8.79957
  8.46844
  8.17748
  7.92682
  7.71659
  7.54700
  7.41793
  7.32825
  7.27777
  7.26849
  7.29822
  7.36486
  7.46802
  7.59760
  7.66382
  7.72097
  7.71686
  7.35253
  6.88977
  4.96519
  3.86173
  2.03475
  1.64651
  1.31153
  1.22407
 
 11.10415
 10.53527
 10.03491
  9.57924
  9.16669
  8.79608
  8.46649
  8.17735
  7.92839
  7.71951
  7.55058
  7.42092
  7.32833
  7.27281
  7.26000
  7.29603
  7.38235
  7.49822
  7.61748
  7.67851
  7.74044
  7.75943
  7.48388
  7.07752
  5.29030
  4.18641
  2.21186
  1.75286
  1.33336
  1.22401
 
 11.10081
 10.53534
 10.03512
  9.57954
  9.16710
  8.79659
  8.46712
  8.17810
  7.92928
  7.72055
  7.55181
  7.42237
  7.33006
  7.27490
  7.26261
  7.29934
  7.38670
  7.50418
  7.62659
  7.69083
  7.75928
  7.79141
  7.56938
  7.21506
  5.54798
  4.45287
  2.37623
  1.85858
  1.35568
  1.22396
 
 11.07704
 10.52950
 10.03685
  9.58445
  9.17248
  8.80126
  8.47049
  8.18003
  7.93006
  7.72066
  7.55188
  7.42359
  7.33483
  7.28564
  7.27815
  7.31045
  7.38085
  7.48989
  7.63279
  7.71246
  7.79041
  7.83151
  7.67994
  7.39622
  5.92873
  4.87558
  2.67185
  2.06345
  1.40013
  1.22392
 
 11.07383
 10.52938
 10.03718
  9.58500
  9.17303
  8.80159
  8.47050
  8.17988
  7.93011
  7.72116
  7.55280
  7.42474
  7.33618
  7.28729
  7.28021
  7.31298
  7.38409
  7.49465
  7.63983
  7.72141
  7.80606
  7.85854
  7.74305
  7.50647
  6.19945
  5.20285
  2.93233
  2.24950
  1.44263
  1.22391
 
