  0.59229
  0.61668
  0.64267
  0.67035
  0.69956
  0.73009
  0.76201
  0.79553
  0.83094
  0.86869
  0.90955
  0.95425
  1.00331
  1.05642
  1.11100
  1.16037
  1.19690
  1.21959
  1.23479
  1.24378
  1.25168
  1.25503
  1.25281
  1.25202
  1.25219
  1.25220
  1.25207
  1.25205
  1.25202
  1.25205
 
  0.83673
  0.87208
  0.90958
  0.94915
  0.99018
  1.03199
  1.07460
  1.11837
  1.16390
  1.21193
  1.26353
  1.31947
  1.37941
  1.44210
  1.50461
  1.56035
  1.60177
  1.62691
  1.64055
  1.64721
  1.65333
  1.65602
  1.65277
  1.65282
  1.65583
  1.65623
  1.65605
  1.65601
  1.65596
  1.65596
 
  1.06989
  1.11738
  1.16530
  1.21393
  1.26325
  1.31331
  1.36426
  1.41651
  1.47066
  1.52696
  1.58556
  1.64673
  1.71101
  1.77797
  1.84439
  1.90289
  1.94593
  1.97459
  1.99077
  1.99443
  1.99961
  2.00485
  2.00395
  2.00413
  2.00693
  2.00734
  2.00718
  2.00725
  2.00711
  2.00712
 
  1.50427
  1.56868
  1.63243
  1.69590
  1.75890
  1.82137
  1.88343
  1.94558
  2.00859
  2.07260
  2.13754
  2.20340
  2.27047
  2.33824
  2.40393
  2.46191
  2.50652
  2.53859
  2.55916
  2.56512
  2.57211
  2.57952
  2.58655
  2.58787
  2.58718
  2.58700
  2.58723
  2.58724
  2.58730
  2.58721
 
  1.89440
  1.97218
  2.04749
  2.12086
  2.19210
  2.26126
  2.32856
  2.39481
  2.46119
  2.52760
  2.59349
  2.65836
  2.72248
  2.78566
  2.84602
  2.90029
  2.94491
  2.97886
  3.00365
  3.01417
  3.02411
  3.03297
  3.04763
  3.04962
  3.04567
  3.04508
  3.04552
  3.04562
  3.04570
  3.04562
 
  2.24410
  2.33390
  2.41799
  2.49744
  2.57268
  2.64458
  2.71356
  2.78056
  2.84691
  2.91219
  2.97534
  3.03561
  3.09394
  3.15094
  3.20532
  3.25501
  3.29781
  3.33339
  3.36285
  3.37601
  3.38852
  3.39993
  3.41982
  3.42229
  3.41625
  3.41537
  3.41597
  3.41611
  3.41624
  3.41615
 
  2.55928
  2.65893
  2.74944
  2.83241
  2.90901
  2.98101
  3.04907
  3.11425
  3.17803
  3.23987
  3.29837
  3.35271
  3.40440
  3.45469
  3.50284
  3.54771
  3.58820
  3.62456
  3.65762
  3.67305
  3.68782
  3.70125
  3.72436
  3.72722
  3.72033
  3.71933
  3.72002
  3.72018
  3.72032
  3.72025
 
  3.10258
  3.21690
  3.31510
  3.39991
  3.47405
  3.54115
  3.60235
  3.65904
  3.71311
  3.76409
  3.81057
  3.85197
  3.89042
  3.92794
  3.96453
  4.00034
  4.03572
  4.07159
  4.10856
  4.12695
  4.14497
  4.16077
  4.18510
  4.18859
  4.18326
  4.18247
  4.18315
  4.18330
  4.18343
  4.18341
 
  3.55541
  3.67950
  3.78070
  3.86289
  3.93039
  3.98864
  4.03931
  4.08416
  4.12558
  4.16344
  4.19684
  4.22569
  4.25219
  4.27853
  4.30520
  4.33305
  4.36319
  4.39677
  4.43422
  4.45375
  4.47339
  4.48990
  4.51107
  4.51500
  4.51369
  4.51346
  4.51399
  4.51408
  4.51417
  4.51420
 
  4.42892
  4.56452
  4.66175
  4.72765
  4.77051
  4.80017
  4.81965
  4.83171
  4.84003
  4.84545
  4.84861
  4.85036
  4.85236
  4.85644
  4.86352
  4.87492
  4.89209
  4.91598
  4.94673
  4.96434
  4.98327
  4.99751
  5.00497
  5.00913
  5.01921
  5.02058
  5.02056
  5.02051
  5.02044
  5.02058
 
  5.07058
  5.20734
  5.29237
  5.33608
  5.35067
  5.35018
  5.33896
  5.32065
  5.29989
  5.27826
  5.25702
  5.23736
  5.22045
  5.20758
  5.19965
  5.19760
  5.20234
  5.21426
  5.23318
  5.24535
  5.25970
  5.26905
  5.26294
  5.26640
  5.28479
  5.28739
  5.28687
  5.28669
  5.28650
  5.28669
 
  5.98567
  6.10991
  6.16111
  6.15648
  6.11561
  6.05992
  5.99584
  5.92820
  5.86246
  5.80064
  5.74356
  5.69173
  5.64618
  5.60748
  5.57614
  5.55181
  5.53399
  5.52209
  5.51512
  5.51399
  5.51565
  5.51406
  5.49000
  5.49102
  5.51534
  5.51889
  5.51782
  5.51748
  5.51719
  5.51741
 
  6.64696
  6.74839
  6.76129
  6.70914
  6.61795
  6.51503
  6.40802
  6.30194
  6.20214
  6.11025
  6.02628
  5.94978
  5.88177
  5.82239
  5.77176
  5.72862
  5.69150
  5.65924
  5.63026
  5.61737
  5.60701
  5.59643
  5.56573
  5.56435
  5.58492
  5.58798
  5.58684
  5.58651
  5.58624
  5.58641
 
  7.17457
  7.24786
  7.22128
  7.12406
  6.98763
  6.84400
  6.70127
  6.56378
  6.43627
  6.31972
  6.21348
  6.11633
  6.02908
  5.95164
  5.88386
  5.82405
  5.77030
  5.72132
  5.67500
  5.65275
  5.63228
  5.61496
  5.58522
  5.58184
  5.59322
  5.59496
  5.59405
  5.59380
  5.59362
  5.59376
 
  7.61893
  7.66096
  7.59499
  7.45534
  7.27797
  7.09865
  6.92538
  6.76136
  6.61026
  6.47254
  6.34688
  6.23162
  6.12716
  6.03338
  5.94992
  5.87501
  5.80673
  5.74383
  5.68383
  5.65418
  5.62539
  5.60304
  5.57835
  5.57331
  5.57317
  5.57324
  5.57267
  5.57256
  5.57248
  5.57259
 
  8.52075
  8.30219
  8.07862
  7.86142
  7.65036
  7.44565
  7.24748
  7.05589
  6.87157
  6.69574
  6.52886
  6.37132
  6.22442
  6.09009
  5.96939
  5.86415
  5.77521
  5.69822
  5.63107
  5.60435
  5.58421
  5.56696
  5.50381
  5.47304
  5.47684
  5.48069
  5.47723
  5.47568
  5.47810
  5.47696
 
  8.87698
  8.78159
  8.56807
  8.28450
  7.97723
  7.68884
  7.42506
  7.18455
  6.96573
  6.76676
  6.58320
  6.41184
  6.25275
  6.10683
  5.97331
  5.85039
  5.73661
  5.63176
  5.53293
  5.48314
  5.43194
  5.39566
  5.38188
  5.37239
  5.34296
  5.33877
  5.33908
  5.33930
  5.33948
  5.33943
 
  9.79462
  9.52807
  9.16024
  8.74385
  8.32623
  7.94782
  7.61095
  7.31102
  7.04265
  6.79906
  6.57063
  6.35184
  6.14571
  5.95528
  5.78027
  5.61709
  5.46370
  5.32142
  5.18851
  5.12279
  5.05669
  5.00726
  4.97087
  4.95841
  4.93583
  4.93268
  4.93233
  4.93239
  4.93245
  4.93221
 
 10.45399
  9.89938
  9.37437
  8.88880
  8.43971
  8.02508
  7.64305
  7.29232
  6.97220
  6.68050
  6.41427
  6.16984
  5.94204
  5.72747
  5.52734
  5.34120
  5.16731
  4.99776
  4.82701
  4.74469
  4.67014
  4.61693
  4.55289
  4.53528
  4.53130
  4.53173
  4.53002
  4.52968
  4.52938
  4.52908
 
 10.98825
 10.33673
  9.67819
  9.04367
  8.45710
  7.93840
  7.48380
  7.08367
  6.72838
  6.40667
  6.10416
  5.81327
  5.53817
  5.28198
  5.04349
  4.81909
  4.60477
  4.40229
  4.21227
  4.12090
  4.03198
  3.96194
  3.88479
  3.86776
  3.86173
  3.86113
  3.85953
  3.85923
  3.85903
  3.85828
 
 11.33548
 10.52824
  9.76562
  9.05846
  8.41719
  7.84974
  7.34996
  6.90659
  6.50842
  6.14674
  5.81206
  5.49807
  5.20342
  4.92708
  4.66790
  4.42350
  4.19154
  3.97174
  3.76402
  3.66388
  3.56552
  3.48955
  3.41628
  3.39760
  3.38079
  3.37859
  3.37727
  3.37711
  3.37699
  3.37678
 
 11.56521
 10.62397
  9.79089
  9.04628
  8.37988
  7.78269
  7.24823
  6.76830
  6.33474
  5.94197
  5.58485
  5.25739
  4.95190
  4.66287
  4.38984
  4.13241
  3.89023
  3.66018
  3.44143
  3.33647
  3.23227
  3.15094
  3.07506
  3.05575
  3.03703
  3.03460
  3.03315
  3.03293
  3.03286
  3.03379
 
 11.69463
 10.69286
  9.81677
  9.03601
  8.34007
  7.71846
  7.16255
  6.66276
  6.20981
  5.79811
  5.42306
  5.07960
  4.76145
  4.46375
  4.18462
  3.92113
  3.67122
  3.43326
  3.20669
  3.09771
  2.98935
  2.90407
  2.82242
  2.80243
  2.78528
  2.78308
  2.78131
  2.78108
  2.78089
  2.78257
 
 11.85138
 10.76918
  9.83871
  9.01212
  8.27879
  7.62708
  7.04531
  6.52239
  6.04822
  5.61693
  5.22382
  4.86383
  4.53084
  4.22007
  3.92912
  3.65440
  3.39300
  3.14359
  2.90410
  2.78788
  2.67223
  2.58058
  2.48996
  2.46775
  2.45117
  2.44931
  2.44737
  2.44703
  2.44697
  2.44757
 
 11.93997
 10.80429
  9.84155
  8.98977
  8.23773
  7.57217
  6.97951
  6.44739
  5.96502
  5.52620
  5.12592
  4.75869
  4.41796
  4.09861
  3.79847
  3.51437
  3.24330
  2.98269
  2.72984
  2.60616
  2.48379
  2.38694
  2.28822
  2.26353
  2.24458
  2.24241
  2.24046
  2.24021
  2.23998
  2.23853
 
 12.01372
 10.82333
  9.83573
  8.96629
  8.20401
  7.52990
  6.93043
  6.39259
  5.90526
  5.46182
  5.05667
  4.68358
  4.33499
  4.00523
  3.69238
  3.39390
  3.10624
  2.82310
  2.53897
  2.39491
  2.24823
  2.12921
  2.00986
  1.97920
  1.95437
  1.95150
  1.94919
  1.94884
  1.94863
  1.94694
 
 12.00609
 10.81177
  9.83393
  8.97346
  8.21934
  7.54968
  6.95238
  6.41523
  5.92781
  5.48379
  5.07780
  4.70389
  4.35486
  4.02476
  3.71013
  3.40575
  3.10582
  2.80368
  2.49114
  2.32710
  2.15222
  2.00429
  1.85985
  1.82550
  1.79775
  1.79423
  1.79094
  1.79044
  1.79017
  1.79301
 
 11.92185
 10.77327
  9.84489
  9.02117
  8.28868
  7.63038
  7.03863
  6.50587
  6.02560
  5.59126
  5.19600
  4.83186
  4.48882
  4.15923
  3.84039
  3.52847
  3.21617
  2.88783
  2.52429
  2.32297
  2.10231
  1.90735
  1.70344
  1.65714
  1.63048
  1.62729
  1.62036
  1.61884
  1.61987
  1.63031
 
 11.85109
 10.72756
  9.83796
  9.04999
  8.34509
  7.70924
  7.13556
  6.61730
  6.14857
  5.72338
  5.33537
  4.97701
  4.63870
  4.31275
  3.99579
  3.68264
  3.36329
  3.01624
  2.61399
  2.38221
  2.12103
  1.88462
  1.62914
  1.56906
  1.54293
  1.54043
  1.53030
  1.52784
  1.53025
  1.54430
 
 11.78638
 10.69253
  9.84164
  9.08513
  8.40336
  7.78491
  7.22416
  6.71547
  6.25401
  5.83469
  5.45211
  5.09997
  4.77012
  4.45511
  4.14907
  3.84222
  3.52040
  3.16044
  2.72824
  2.46849
  2.16273
  1.87996
  1.58578
  1.52436
  1.49159
  1.48687
  1.47519
  1.47277
  1.47528
  1.49066
 
 11.72731
 10.65844
  9.84124
  9.11125
  8.45025
  7.84830
  7.30094
  6.80347
  6.35195
  5.94162
  5.56723
  5.22251
  4.89927
  4.58984
  4.28810
  3.98358
  3.66061
  3.29264
  2.83884
  2.55868
  2.22083
  1.90245
  1.56460
  1.49262
  1.45716
  1.45233
  1.43867
  1.43577
  1.43904
  1.45393
 
 11.63320
 10.60272
  9.83969
  9.15184
  8.52553
  7.95223
  7.42890
  6.95201
  6.51873
  6.12482
  5.76535
  5.43425
  5.12337
  4.82491
  4.53235
  4.23437
  3.91297
  3.53604
  3.05109
  2.73897
  2.34892
  1.97088
  1.55737
  1.46211
  1.41122
  1.40622
  1.39420
  1.39171
  1.39641
  1.40676
 
 11.56171
 10.56093
  9.83853
  9.18283
  8.58373
  8.03362
  7.53020
  7.07079
  6.65322
  6.27365
  5.92736
  5.60847
  5.30878
  5.02044
  4.73679
  4.44604
  4.12889
  3.74973
  3.24682
  2.91222
  2.48114
  2.05163
  1.56810
  1.45225
  1.38681
  1.38057
  1.36776
  1.36506
  1.36923
  1.37757
 
 11.49640
 10.51457
  9.83600
  9.22283
  8.66618
  8.15829
  7.69588
  7.27505
  6.89241
  6.54415
  6.22585
  5.93158
  5.65276
  5.38170
  5.11369
  4.84024
  4.54347
  4.18174
  3.67208
  3.30478
  2.79479
  2.26153
  1.63006
  1.45747
  1.36495
  1.35274
  1.33062
  1.32959
  1.32570
  1.33659
 
 11.42882
 10.47825
  9.83819
  9.25858
  8.73144
  8.25022
  7.81209
  7.41366
  7.05192
  6.72352
  6.42438
  6.14894
  5.88887
  5.63661
  5.38745
  5.13266
  4.85321
  4.50395
  3.99306
  3.61313
  3.07146
  2.48061
  1.71636
  1.49014
  1.35393
  1.33737
  1.31291
  1.31092
  1.30726
  1.31495
 
 11.31224
 10.42710
  9.85141
  9.32148
  8.83270
  8.38168
  7.96812
  7.59169
  7.25238
  6.94781
  6.67446
  6.42729
  6.19848
  5.98020
  5.76593
  5.54279
  5.28922
  4.96439
  4.47445
  4.09413
  3.52503
  2.85638
  1.89620
  1.59916
  1.34836
  1.31768
  1.29683
  1.29386
  1.28881
  1.29267
 
 11.28731
 10.41730
  9.86332
  9.35315
  8.88313
  8.45039
  8.05466
  7.69583
  7.37395
  7.08701
  6.83180
  6.60375
  6.39537
  6.19915
  6.00876
  5.81112
  5.58485
  5.29027
  4.83135
  4.46154
  3.88705
  3.17662
  2.06968
  1.70019
  1.36173
  1.31655
  1.28732
  1.28396
  1.27636
  1.28137
 
 11.28320
 10.41828
  9.87382
  9.37406
  8.91542
  8.49489
  8.11178
  7.76537
  7.45522
  7.17973
  6.93659
  6.72233
  6.53118
  6.35637
  6.18989
  6.01444
  5.80511
  5.52417
  5.08418
  4.73506
  4.19638
  3.48994
  2.23438
  1.78437
  1.37786
  1.32284
  1.28228
  1.27629
  1.27295
  1.27462
 
 11.27616
 10.42240
  9.88607
  9.39232
  8.93948
  8.52611
  8.15146
  7.81446
  7.51428
  7.24900
  7.01599
  6.81186
  6.63166
  6.46960
  6.31863
  6.16270
  5.97723
  5.72131
  5.30369
  4.96559
  4.43971
  3.73311
  2.39741
  1.87970
  1.39441
  1.32803
  1.27929
  1.27284
  1.26857
  1.27015
 
 11.26816
 10.42474
  9.89885
  9.41709
  8.97635
  8.57435
  8.21047
  7.88406
  7.59478
  7.34135
  7.12192
  6.93353
  6.77088
  6.62821
  6.49963
  6.37106
  6.22004
  6.00740
  5.64392
  5.33601
  4.83453
  4.12395
  2.67897
  2.07218
  1.43515
  1.33997
  1.27612
  1.27064
  1.26071
  1.26458
 
 11.28239
 10.43758
  9.91055
  9.43076
  8.99457
  8.59937
  8.24382
  7.92641
  7.64589
  7.40098
  7.18993
  7.00991
  6.85579
  6.72316
  6.61024
  6.51085
  6.40511
  6.23359
  5.88965
  5.59391
  5.12788
  4.45203
  2.93645
  2.24375
  1.47360
  1.35747
  1.27665
  1.26742
  1.25962
  1.26115
 
 11.25836
 10.43975
  9.92731
  9.45963
  9.03377
  8.64774
  8.30044
  7.99082
  7.71811
  7.48187
  7.28154
  7.11607
  6.98296
  6.87926
  6.80072
  6.73448
  6.65991
  6.54093
  6.29171
  6.05489
  5.64992
  5.02779
  3.47079
  2.61718
  1.57541
  1.41162
  1.28138
  1.26754
  1.25144
  1.25649
 
 11.23919
 10.44614
  9.93996
  9.47621
  9.05317
  8.66991
  8.32582
  8.02059
  7.75401
  7.52539
  7.33335
  7.17644
  7.05273
  6.96013
  6.89620
  6.85123
  6.80819
  6.73350
  6.54379
  6.34470
  5.98950
  5.42423
  3.88397
  2.93434
  1.67554
  1.46703
  1.28949
  1.26906
  1.24919
  1.25413
 
 11.21137
 10.45576
  9.94861
  9.48671
  9.06766
  8.68982
  8.35202
  8.05347
  7.79355
  7.57182
  7.38757
  7.23942
  7.12419
  7.04022
  6.98971
  6.97259
  6.97866
  6.96309
  6.84295
  6.69705
  6.41718
  5.92707
  4.46192
  3.47845
  1.86618
  1.56800
  1.30847
  1.27851
  1.25036
  1.25175
 
 11.17465
 10.45788
  9.95299
  9.49327
  9.07645
  8.70099
  8.36583
  8.07022
  7.81357
  7.59551
  7.41548
  7.27222
  7.16274
  7.08576
  7.04434
  7.03989
  7.06514
  7.08124
  7.01418
  6.90580
  6.67322
  6.24494
  4.89077
  3.88003
  2.04277
  1.67518
  1.33003
  1.28745
  1.25011
  1.25058
 
 11.14789
 10.45913
  9.95550
  9.49707
  9.08159
  8.70762
  8.37413
  8.08034
  7.82577
  7.61004
  7.43267
  7.29247
  7.18657
  7.11386
  7.07800
  7.08138
  7.11879
  7.15571
  7.12518
  7.04385
  6.84731
  6.46853
  5.21582
  4.20266
  2.20750
  1.77879
  1.35235
  1.29670
  1.25078
  1.24988
 
 11.10819
 10.45335
  9.95889
  9.50476
  9.09064
  8.71672
  8.38267
  8.08838
  7.83394
  7.61909
  7.44323
  7.30569
  7.20513
  7.14082
  7.11315
  7.11704
  7.14474
  7.18298
  7.19403
  7.14967
  6.98780
  6.63621
  5.46068
  4.47450
  2.36445
  1.87845
  1.37479
  1.30659
  1.25145
  1.24941
 
 11.08418
 10.45392
  9.96082
  9.50805
  9.09538
  8.72295
  8.39044
  8.09770
  7.84488
  7.63180
  7.45807
  7.32315
  7.22580
  7.16543
  7.14288
  7.15397
  7.19244
  7.24790
  7.29093
  7.27640
  7.16653
  6.88227
  5.82656
  4.89492
  2.65761
  2.06610
  1.41942
  1.32548
  1.25511
  1.24883
 
 11.06932
 10.45427
  9.96196
  9.51006
  9.09832
  8.72685
  8.39530
  8.10348
  7.85153
  7.63941
  7.46695
  7.33373
  7.23842
  7.18048
  7.16105
  7.17655
  7.22170
  7.28799
  7.35077
  7.35527
  7.28270
  7.05049
  6.08967
  5.21255
  2.91827
  2.23885
  1.46358
  1.34508
  1.25949
  1.24848
 
 11.04713
 10.45485
  9.96327
  9.51249
  9.10206
  8.73187
  8.40163
  8.11127
  7.86102
  7.65059
  7.47947
  7.34738
  7.25417
  7.20018
  7.18628
  7.20785
  7.26016
  7.34152
  7.43722
  7.46893
  7.44071
  7.28786
  6.55456
  5.77659
  3.43183
  2.61163
  1.57405
  1.39428
  1.28239
  1.24802
 
 11.03404
 10.45523
  9.96430
  9.51402
  9.10404
  8.73439
  8.40473
  8.11501
  7.86543
  7.65577
  7.48552
  7.35449
  7.26269
  7.21060
  7.19915
  7.22383
  7.28030
  7.36860
  7.48086
  7.52993
  7.52996
  7.41509
  6.81332
  6.16861
  3.84679
  2.91942
  1.67784
  1.45401
  1.29326
  1.24779
 
 11.01929
 10.45581
  9.96584
  9.51598
  9.10629
  8.73698
  8.40772
  8.11837
  7.86912
  7.66005
  7.49120
  7.36239
  7.27250
  7.22139
  7.21093
  7.23883
  7.30261
  7.40086
  7.52112
  7.57931
  7.62273
  7.58877
  7.11152
  6.56892
  4.50672
  3.45823
  1.86740
  1.55658
  1.30949
  1.24755
 
 11.01195
 10.45614
  9.96644
  9.51677
  9.10723
  8.73814
  8.40913
  8.12012
  7.87129
  7.66268
  7.49432
  7.36604
  7.27681
  7.22657
  7.21730
  7.24682
  7.31298
  7.41540
  7.54402
  7.60978
  7.66664
  7.66279
  7.30214
  6.84530
  4.94701
  3.85602
  2.04733
  1.66279
  1.33319
  1.24744
 
 11.02693
 10.46230
  9.96524
  9.51261
  9.10282
  8.73470
  8.40733
  8.12015
  7.87290
  7.66544
  7.49767
  7.36890
  7.27693
  7.22175
  7.20899
  7.24469
  7.33037
  7.44531
  7.56367
  7.62429
  7.68590
  7.70494
  7.43208
  7.03090
  5.26813
  4.17684
  2.22229
  1.76785
  1.35475
  1.24737
 
 11.02367
 10.46237
  9.96546
  9.51294
  9.10328
  8.73526
  8.40800
  8.12095
  7.87382
  7.66652
  7.49894
  7.37039
  7.27869
  7.22389
  7.21160
  7.24800
  7.33465
  7.45120
  7.57265
  7.63647
  7.70460
  7.73674
  7.51674
  7.16685
  5.52254
  4.43993
  2.38468
  1.87236
  1.37680
  1.24732
 
 11.00012
 10.45634
  9.96697
  9.51772
  9.10867
  8.74008
  8.41158
  8.12308
  7.87474
  7.66669
  7.49903
  7.37163
  7.28350
  7.23459
  7.22704
  7.25896
  7.32874
  7.43692
  7.57885
  7.65796
  7.73538
  7.77631
  7.62646
  7.34574
  5.89816
  4.85720
  2.67685
  2.07479
  1.42068
  1.24726
 
 10.99788
 10.45601
  9.96655
  9.51749
  9.10867
  8.74023
  8.41188
  8.12369
  7.87593
  7.66837
  7.50051
  7.37220
  7.28359
  7.23546
  7.22950
  7.26252
  7.33191
  7.43933
  7.58589
  7.67218
  7.75516
  7.78860
  7.66763
  7.50684
  6.16910
  5.13679
  2.93024
  2.28202
  1.45566
  1.24724
 
