  0.58168
  0.60571
  0.63141
  0.65883
  0.68778
  0.71805
  0.74968
  0.78287
  0.81791
  0.85522
  0.89553
  0.93958
  0.98781
  1.03993
  1.09347
  1.14207
  1.17848
  1.20176
  1.21775
  1.22689
  1.23489
  1.23839
  1.23662
  1.23594
  1.23614
  1.23616
  1.23603
  1.23601
  1.23599
  1.23601
 
  0.82318
  0.85805
  0.89513
  0.93434
  0.97505
  1.01653
  1.05882
  1.10222
  1.14733
  1.19486
  1.24589
  1.30120
  1.36036
  1.42212
  1.48370
  1.53886
  1.58044
  1.60646
  1.62121
  1.62826
  1.63475
  1.63772
  1.63458
  1.63474
  1.63819
  1.63866
  1.63847
  1.63843
  1.63838
  1.63843
 
  1.05380
  1.10078
  1.14825
  1.19646
  1.24539
  1.29507
  1.34570
  1.39761
  1.45138
  1.50725
  1.56535
  1.62594
  1.68953
  1.75573
  1.82145
  1.87963
  1.92305
  1.95264
  1.97000
  1.97429
  1.97998
  1.98547
  1.98474
  1.98504
  1.98833
  1.98882
  1.98864
  1.98872
  1.98856
  1.98865
 
  1.48417
  1.54801
  1.61127
  1.67430
  1.73693
  1.79907
  1.86088
  1.92278
  1.98554
  2.04929
  2.11395
  2.17950
  2.24621
  2.31360
  2.37902
  2.43707
  2.48232
  2.51544
  2.53721
  2.54378
  2.55131
  2.55909
  2.56658
  2.56805
  2.56761
  2.56748
  2.56771
  2.56772
  2.56777
  2.56775
 
  1.87130
  1.94843
  2.02325
  2.09627
  2.16727
  2.23623
  2.30338
  2.36952
  2.43577
  2.50210
  2.56794
  2.63281
  2.69694
  2.76010
  2.82052
  2.87512
  2.92054
  2.95559
  2.98147
  2.99245
  3.00286
  3.01219
  3.02758
  3.02973
  3.02579
  3.02520
  3.02566
  3.02575
  3.02584
  3.02577
 
  2.21862
  2.30782
  2.39151
  2.47068
  2.54578
  2.61759
  2.68657
  2.75360
  2.82001
  2.88542
  2.94875
  3.00925
  3.06784
  3.12512
  3.17987
  3.23012
  3.27378
  3.31039
  3.34080
  3.35435
  3.36727
  3.37914
  3.39995
  3.40258
  3.39637
  3.39546
  3.39609
  3.39623
  3.39635
  3.39625
 
  2.53190
  2.63104
  2.72124
  2.80404
  2.88060
  2.95264
  3.02082
  3.08620
  3.15022
  3.21237
  3.27123
  3.32599
  3.37816
  3.42898
  3.47774
  3.52334
  3.56472
  3.60202
  3.63589
  3.65165
  3.66678
  3.68063
  3.70474
  3.70777
  3.70061
  3.69956
  3.70028
  3.70044
  3.70059
  3.70048
 
  3.07244
  3.18651
  3.28461
  3.36944
  3.44375
  3.51112
  3.57272
  3.62989
  3.68451
  3.73607
  3.78320
  3.82531
  3.86455
  3.90293
  3.94045
  3.97719
  4.01345
  4.05012
  4.08770
  4.10633
  4.12462
  4.14081
  4.16600
  4.16966
  4.16411
  4.16328
  4.16399
  4.16415
  4.16428
  4.16418
 
  3.52344
  3.64755
  3.74887
  3.83128
  3.89912
  3.95786
  4.00919
  4.05478
  4.09696
  4.13561
  4.16983
  4.19957
  4.22703
  4.25444
  4.28222
  4.31110
  4.34209
  4.37634
  4.41432
  4.43406
  4.45396
  4.47079
  4.49249
  4.49656
  4.49530
  4.49506
  4.49560
  4.49570
  4.49579
  4.49575
 
  4.39458
  4.53092
  4.62879
  4.69531
  4.73888
  4.76951
  4.79014
  4.80341
  4.81281
  4.81926
  4.82344
  4.82632
  4.82952
  4.83487
  4.84322
  4.85572
  4.87369
  4.89815
  4.92936
  4.94720
  4.96644
  4.98091
  4.98821
  4.99245
  5.00311
  5.00458
  5.00454
  5.00448
  5.00442
  5.00454
 
  5.03555
  5.17363
  5.25976
  5.30442
  5.32004
  5.32084
  5.31110
  5.29428
  5.27480
  5.25429
  5.23416
  5.21570
  5.20006
  5.18847
  5.18180
  5.18083
  5.18642
  5.19898
  5.21846
  5.23092
  5.24562
  5.25519
  5.24877
  5.25230
  5.27138
  5.27408
  5.27353
  5.27334
  5.27315
  5.27339
 
  5.95134
  6.07765
  6.13066
  6.12756
  6.08824
  6.03429
  5.97208
  5.90621
  5.84190
  5.78126
  5.72531
  5.67473
  5.63044
  5.59294
  5.56273
  5.53948
  5.52269
  5.51169
  5.50552
  5.50478
  5.50684
  5.50557
  5.48168
  5.48279
  5.50730
  5.51087
  5.50981
  5.50948
  5.50921
  5.50952
 
  6.61444
  6.71826
  6.73340
  6.68328
  6.59406
  6.49316
  6.38820
  6.28398
  6.18570
  6.09507
  6.01228
  5.93706
  5.87028
  5.81203
  5.76246
  5.72041
  5.68446
  5.65330
  5.62525
  5.61282
  5.60290
  5.59268
  5.56258
  5.56129
  5.58165
  5.58467
  5.58356
  5.58321
  5.58295
  5.58325
 
  7.14420
  7.21989
  7.19588
  7.10115
  6.96709
  6.82570
  6.68503
  6.54940
  6.42349
  6.30833
  6.20337
  6.10752
  6.02147
  5.94514
  5.87842
  5.81973
  5.76722
  5.71937
  5.67403
  5.65230
  5.63232
  5.61537
  5.58630
  5.58300
  5.59406
  5.59575
  5.59484
  5.59459
  5.59442
  5.59460
 
  7.59084
  7.63512
  7.57194
  7.43517
  7.26055
  7.08360
  6.91234
  6.75010
  6.60069
  6.46453
  6.34030
  6.22634
  6.12307
  6.03046
  5.94811
  5.87436
  5.80731
  5.74551
  5.68646
  5.65737
  5.62910
  5.60713
  5.58291
  5.57792
  5.57754
  5.57757
  5.57701
  5.57690
  5.57682
  5.57688
 
  8.49680
  8.28109
  8.06035
  7.84582
  7.63733
  7.43503
  7.23914
  7.04971
  6.86740
  6.69346
  6.52832
  6.37237
  6.22694
  6.09392
  5.97437
  5.87014
  5.78207
  5.70592
  5.63965
  5.61338
  5.59372
  5.57687
  5.51416
  5.48345
  5.48709
  5.49090
  5.48748
  5.48596
  5.48838
  5.48701
 
  8.85679
  8.76305
  8.55277
  8.27309
  7.96947
  7.68370
  7.42182
  7.18295
  6.96600
  6.76901
  6.58716
  6.41712
  6.25927
  6.11472
  5.98267
  5.86114
  5.74849
  5.64447
  5.54645
  5.49728
  5.44669
  5.41068
  5.39662
  5.38710
  5.35794
  5.35378
  5.35407
  5.35430
  5.35449
  5.35418
 
  9.78036
  9.51633
  9.15204
  8.73957
  8.32553
  7.94995
  7.61527
  7.31720
  7.05068
  6.80884
  6.58195
  6.36450
  6.15975
  5.97092
  5.79765
  5.63601
  5.48378
  5.34240
  5.21043
  5.14524
  5.07963
  5.03046
  4.99404
  4.98156
  4.95916
  4.95603
  4.95567
  4.95572
  4.95579
  4.95559
 
 10.44219
  9.89212
  9.37117
  8.88918
  8.44321
  8.03134
  7.65172
  7.30310
  6.98483
  6.69476
  6.43001
  6.18697
  5.96054
  5.74737
  5.54869
  5.36407
  5.19173
  5.02362
  4.85396
  4.77203
  4.69781
  4.64486
  4.58133
  4.56389
  4.55976
  4.56015
  4.55845
  4.55810
  4.55783
  4.55799
 
 10.97878
 10.33508
  9.68073
  9.04830
  8.46364
  7.94803
  7.49708
  7.10012
  6.74652
  6.42549
  6.12365
  5.83402
  5.56046
  5.30592
  5.06911
  4.84631
  4.63346
  4.43242
  4.24360
  4.15252
  4.06391
  3.99427
  3.91791
  3.90107
  3.89510
  3.89450
  3.89293
  3.89263
  3.89244
  3.89247
 
 11.35796
 10.50642
  9.74145
  9.05429
  8.43565
  7.87873
  7.37886
  6.92939
  6.52391
  6.15735
  5.82442
  5.51869
  5.23157
  4.95721
  4.69633
  4.45079
  4.22092
  4.00303
  3.79577
  3.69666
  3.59879
  3.52265
  3.45015
  3.43174
  3.41511
  3.41306
  3.41172
  3.41152
  3.41142
  3.41136
 
 11.55929
 10.62221
  9.79304
  9.05206
  8.38906
  7.79504
  7.26344
  6.78597
  6.35445
  5.96332
  5.60756
  5.28127
  4.97685
  4.68890
  4.41702
  4.16089
  3.92012
  3.69131
  3.47330
  3.36856
  3.26465
  3.18367
  3.10822
  3.08907
  3.07058
  3.06818
  3.06673
  3.06653
  3.06645
  3.06639
 
 11.68823
 10.69077
  9.81845
  9.04130
  8.34874
  7.73028
  7.17724
  6.67995
  6.22910
  5.81914
  5.44555
  5.10335
  4.78635
  4.48973
  4.21168
  3.94924
  3.70038
  3.46334
  3.23753
  3.12885
  3.02073
  2.93560
  2.85424
  2.83437
  2.81731
  2.81509
  2.81333
  2.81314
  2.81294
  2.81297
 
 11.84322
 10.76559
  9.83899
  9.01594
  8.28585
  7.63711
  7.05803
  6.53748
  6.06538
  5.63586
  5.24430
  4.88565
  4.55390
  4.24422
  3.95428
  3.68050
  3.41996
  3.17132
  2.93244
  2.81644
  2.70092
  2.60928
  2.51860
  2.49636
  2.47971
  2.47783
  2.47588
  2.47555
  2.47548
  2.47537
 
 11.92972
 10.79923
  9.84033
  8.99195
  8.24291
  7.57995
  6.98964
  6.45962
  5.97915
  5.54206
  5.14335
  4.77757
  4.43813
  4.11996
  3.82090
  3.53783
  3.26772
  3.00792
  2.75563
  2.63213
  2.50981
  2.41284
  2.31380
  2.28898
  2.26989
  2.26770
  2.26575
  2.26550
  2.26526
  2.26512
 
 12.00057
 10.81490
  9.83055
  8.96392
  8.20408
  7.53212
  6.93456
  6.39843
  5.91266
  5.47065
  5.06689
  4.69520
  4.34809
  4.01993
  3.70869
  3.41166
  3.12512
  2.84288
  2.55939
  2.41549
  2.26872
  2.14944
  2.02978
  1.99903
  1.97410
  1.97123
  1.96892
  1.96856
  1.96835
  1.96803
 
 11.99146
 10.80066
  9.82502
  8.96673
  8.21459
  7.54685
  6.95139
  6.41593
  5.93005
  5.48745
  5.08283
  4.71032
  4.36280
  4.03437
  3.72151
  3.41887
  3.12049
  2.81951
  2.50753
  2.34352
  2.16854
  2.02048
  1.87620
  1.84199
  1.81432
  1.81078
  1.80749
  1.80702
  1.80674
  1.80778
 
 11.90200
 10.75697
  9.83050
  9.00844
  8.27746
  7.62066
  7.03035
  6.49906
  6.02026
  5.58742
  5.19370
  4.83115
  4.48978
  4.16193
  3.84490
  3.53482
  3.22430
  2.89748
  2.53493
  2.33387
  2.11333
  1.91852
  1.71550
  1.66980
  1.64373
  1.64056
  1.63359
  1.63210
  1.63312
  1.64176
 
 11.82718
 10.70707
  9.81919
  9.03266
  8.32914
  7.69467
  7.12238
  6.60555
  6.13828
  5.71461
  5.32816
  4.97146
  4.63488
  4.31078
  3.99575
  3.68460
  3.36725
  3.02196
  2.62094
  2.38960
  2.12881
  1.89287
  1.63899
  1.57985
  1.55463
  1.55219
  1.54198
  1.53950
  1.54195
  1.55660
 
 11.76231
 10.66920
  9.81831
  9.06263
  8.38239
  7.76598
  7.20745
  6.70090
  6.24115
  5.82322
  5.44186
  5.09093
  4.76260
  4.44952
  4.14581
  3.84149
  3.52212
  3.16409
  2.73291
  2.47350
  2.16829
  1.88642
  1.59457
  1.53434
  1.50257
  1.49790
  1.48612
  1.48364
  1.48623
  1.50315
 
 11.69936
 10.63200
  9.81522
  9.08627
  8.42691
  7.82699
  7.28182
  6.78645
  6.33665
  5.92775
  5.55462
  5.21119
  4.88950
  4.58207
  4.28268
  3.98074
  3.66032
  3.29443
  2.84190
  2.56223
  2.22515
  1.90790
  1.57279
  1.50216
  1.46779
  1.46302
  1.44922
  1.44626
  1.44962
  1.46614
 
 11.59941
 10.57198
  9.81004
  9.12362
  8.49909
  7.92782
  7.40657
  6.93168
  6.50013
  6.10773
  5.74964
  5.41996
  5.11072
  4.81427
  4.52406
  4.22865
  3.90989
  3.53524
  3.05195
  2.74064
  2.35180
  1.97536
  1.56506
  1.47120
  1.42164
  1.41671
  1.40447
  1.40192
  1.40680
  1.41817
 
 11.52457
 10.52770
  9.80673
  9.15268
  8.55540
  8.00725
  7.50585
  7.04836
  6.63252
  6.25452
  5.90972
  5.59234
  5.29436
  5.00798
  4.72661
  4.43839
  4.12388
  3.74717
  3.24628
  2.91274
  2.48316
  2.05556
  1.57560
  1.46126
  1.39723
  1.39106
  1.37802
  1.37528
  1.37964
  1.38838
 
 11.40257
 10.46104
  9.80654
  9.20667
  8.65492
  8.14600
  7.67914
  7.25333
  6.86796
  6.51956
  6.20334
  5.91293
  5.63909
  5.37298
  5.10780
  4.83138
  4.52551
  4.15960
  3.66179
  3.30591
  2.80599
  2.26900
  1.62675
  1.47351
  1.37533
  1.36239
  1.34134
  1.33750
  1.33957
  1.34716
 
 11.33919
 10.42642
  9.80879
  9.24149
  8.71878
  8.23635
  7.79375
  7.39037
  7.02593
  6.69742
  6.40042
  6.12893
  5.87396
  5.62675
  5.38036
  5.12196
  4.83225
  4.47862
  3.98174
  3.61448
  3.08251
  2.48570
  1.71170
  1.50788
  1.36445
  1.34643
  1.32371
  1.31972
  1.32112
  1.32592
 
 11.27809
 10.39428
  9.81769
  9.28788
  8.80005
  8.35059
  7.93899
  7.56462
  7.22713
  6.92417
  6.65222
  6.40632
  6.17873
  5.96170
  5.74881
  5.52735
  5.27592
  4.95381
  4.46739
  4.08938
  3.52321
  2.85779
  1.90275
  1.60757
  1.35900
  1.32869
  1.30800
  1.30501
  1.30005
  1.30432
 
 11.25092
 10.38358
  9.82946
  9.31986
  8.85097
  8.41975
  8.02582
  7.66879
  7.34852
  7.06297
  6.80899
  6.58202
  6.37465
  6.17946
  5.99017
  5.79393
  5.56953
  5.27750
  4.82222
  4.45491
  3.88364
  3.17679
  2.07556
  1.70816
  1.37228
  1.32758
  1.29871
  1.29535
  1.28778
  1.29323
 
 11.24391
 10.38318
  9.83971
  9.34115
  8.88390
  8.46490
  8.08336
  7.73848
  7.42972
  7.15549
  6.91344
  6.70015
  6.50987
  6.33585
  6.17020
  5.99585
  5.78811
  5.50960
  5.07341
  4.72697
  4.19168
  3.48885
  2.23914
  1.79182
  1.38846
  1.33395
  1.29373
  1.28780
  1.28443
  1.28649
 
 11.23470
 10.38590
  9.85141
  9.35967
  8.90871
  8.49692
  8.12356
  7.78773
  7.48868
  7.22451
  6.99249
  6.78920
  6.60976
  6.44843
  6.29821
  6.14322
  5.95909
  5.70531
  5.29130
  4.95591
  4.43366
  3.73096
  2.40142
  1.88663
  1.40489
  1.33909
  1.29084
  1.28442
  1.28013
  1.28198
 
 11.22347
 10.38715
  9.86426
  9.38491
  8.94608
  8.54560
  8.18295
  7.85755
  7.56917
  7.31656
  7.09788
  6.91018
  6.74816
  6.60608
  6.47811
  6.35027
  6.20031
  5.98942
  5.62915
  5.32377
  4.82590
  4.11958
  2.68176
  2.07818
  1.44531
  1.35089
  1.28774
  1.28231
  1.27239
  1.27633
 
 11.23798
 10.39970
  9.87545
  9.39799
  8.96382
  8.57034
  8.21624
  7.90005
  7.62051
  7.37636
  7.16588
  6.98632
  6.83259
  6.70035
  6.58786
  6.48903
  6.38413
  6.21410
  5.87301
  5.57966
  5.11725
  4.44592
  2.93805
  2.24876
  1.48355
  1.36830
  1.28829
  1.27912
  1.27132
  1.27290
 
 11.21521
 10.40287
  9.89283
  9.42718
  9.00305
  8.61846
  8.27237
  7.96373
  7.69187
  7.45632
  7.25657
  7.09158
  6.95895
  6.85569
  6.77759
  6.71173
  6.63754
  6.51927
  6.27194
  6.03710
  5.63550
  5.01787
  3.46964
  2.62066
  1.58474
  1.42199
  1.29295
  1.27927
  1.26316
  1.26831
 
 11.19736
 10.40877
  9.90491
  9.44384
  9.02325
  8.64178
  8.29877
  7.99392
  7.72716
  7.49824
  7.30652
  7.15081
  7.02836
  6.93649
  6.87285
  6.82813
  6.78537
  6.70962
  6.52342
  6.33009
  5.97161
  5.39868
  3.88001
  2.95245
  1.68184
  1.46975
  1.30127
  1.28161
  1.26476
  1.26604
 
 11.15552
 10.41450
  9.91510
  9.45774
  9.04077
  8.66329
  8.32494
  8.02570
  7.76580
  7.54464
  7.36101
  7.21369
  7.10113
  7.02213
  6.97603
  6.95628
  6.94931
  6.92340
  6.80619
  6.66598
  6.40456
  5.95054
  4.46651
  3.41251
  1.88608
  1.60026
  1.31645
  1.27822
  1.26260
  1.26374
 
 11.11709
 10.41582
  9.91940
  9.46449
  9.04978
  8.67472
  8.33896
  8.04265
  7.78605
  7.56858
  7.38908
  7.24651
  7.13951
  7.06731
  7.03022
  7.02319
  7.03546
  7.04056
  6.97419
  6.87065
  6.65984
  6.27407
  4.89676
  3.80425
  2.05959
  1.70736
  1.33815
  1.28552
  1.26603
  1.26259
 
 11.10799
 10.42278
  9.92090
  9.46400
  9.04993
  8.67723
  8.34488
  8.05212
  7.79843
  7.58347
  7.40674
  7.26706
  7.16155
  7.08912
  7.05341
  7.05680
  7.09412
  7.13096
  7.10067
  7.01980
  6.82438
  6.44816
  5.20486
  4.19803
  2.21236
  1.78602
  1.36309
  1.30822
  1.26249
  1.26190
 
 11.06853
 10.41680
  9.92400
  9.47155
  9.05899
  8.68640
  8.35347
  8.06013
  7.80660
  7.59253
  7.41729
  7.28020
  7.17998
  7.11589
  7.08835
  7.09228
  7.11991
  7.15809
  7.16925
  7.12521
  6.96415
  6.61469
  5.44807
  4.46820
  2.36863
  1.88538
  1.38541
  1.31800
  1.26314
  1.26144
 
 11.04423
 10.41737
  9.92614
  9.47500
  9.06373
  8.69257
  8.36118
  8.06945
  7.81753
  7.60520
  7.43208
  7.29762
  7.20056
  7.14040
  7.11794
  7.12903
  7.16737
  7.22267
  7.26570
  7.25134
  7.14199
  6.85931
  5.81138
  4.88576
  2.66097
  2.07292
  1.42988
  1.33660
  1.26682
  1.26086
 
 11.02917
 10.41782
  9.92750
  9.47714
  9.06670
  8.69645
  8.36601
  8.07522
  7.82417
  7.61279
  7.44093
  7.30813
  7.21313
  7.15540
  7.13603
  7.15148
  7.19648
  7.26253
  7.32523
  7.32986
  7.25763
  7.02671
  6.07257
  5.20089
  2.92095
  2.24560
  1.47388
  1.35591
  1.27122
  1.26051
 
 11.00718
 10.41851
  9.92898
  9.47969
  9.07048
  8.70147
  8.37234
  8.08299
  7.83361
  7.62391
  7.45337
  7.32173
  7.22882
  7.17501
  7.16114
  7.18263
  7.23474
  7.31580
  7.41119
  7.44289
  7.41501
  7.26312
  6.53397
  5.76087
  3.43224
  2.61689
  1.58368
  1.40462
  1.29405
  1.26005
 
 10.99446
 10.41889
  9.92995
  9.48115
  9.07244
  8.70398
  8.37543
  8.08672
  7.83801
  7.62908
  7.45942
  7.32884
  7.23733
  7.18539
  7.17395
  7.19850
  7.25474
  7.34272
  7.45461
  7.50357
  7.50379
  7.38970
  6.79131
  6.15023
  3.84347
  2.92187
  1.68653
  1.46380
  1.30488
  1.25982
 
 10.98039
 10.41947
  9.93122
  9.48293
  9.07462
  8.70656
  8.37843
  8.09007
  7.84167
  7.63331
  7.46504
  7.33669
  7.24712
  7.19615
  7.18565
  7.21338
  7.27693
  7.37482
  7.49464
  7.55268
  7.59612
  7.56229
  7.08731
  6.54923
  4.49720
  3.45459
  1.87437
  1.56594
  1.32064
  1.25959
 
 10.97335
 10.41960
  9.93166
  9.48360
  9.07551
  8.70770
  8.37985
  8.09181
  7.84383
  7.63592
  7.46815
  7.34030
  7.25136
  7.20125
  7.19194
  7.22130
  7.28723
  7.38928
  7.51743
  7.58298
  7.63976
  7.63594
  7.27696
  6.82384
  4.93526
  3.85029
  2.05324
  1.67134
  1.34426
  1.25948
 
 10.98828
 10.42576
  9.93048
  9.47945
  9.07110
  8.70426
  8.37803
  8.09184
  7.84542
  7.63867
  7.47144
  7.34310
  7.25141
  7.19639
  7.18364
  7.21918
  7.30452
  7.41905
  7.53700
  7.59745
  7.65889
  7.67792
  7.40640
  7.00773
  5.25680
  4.17177
  2.22749
  1.77548
  1.36580
  1.25942
 
 10.98497
 10.42583
  9.93069
  9.47978
  9.07156
  8.70482
  8.37869
  8.09263
  7.84633
  7.63972
  7.47267
  7.34453
  7.25310
  7.19845
  7.18619
  7.22244
  7.30878
  7.42487
  7.54583
  7.60948
  7.67766
  7.70991
  7.49019
  7.14264
  5.51210
  4.43561
  2.38929
  1.87922
  1.38781
  1.25938
 
 10.96148
 10.41999
  9.93238
  9.48467
  9.07698
  8.70963
  8.38227
  8.09477
  7.84730
  7.63995
  7.47281
  7.34577
  7.25785
  7.20910
  7.20160
  7.23340
  7.30285
  7.41062
  7.55210
  7.63091
  7.70801
  7.74900
  7.60007
  7.31996
  5.88594
  4.85144
  2.67998
  2.08030
  1.43143
  1.25933
 
 10.95847
 10.41987
  9.93259
  9.48504
  9.07742
  8.71008
  8.38272
  8.09527
  7.84791
  7.64074
  7.47379
  7.34692
  7.25922
  7.21075
  7.20362
  7.23590
  7.30606
  7.41534
  7.55895
  7.63965
  7.72352
  7.77562
  7.66173
  7.42926
  6.14626
  5.16701
  2.93544
  2.26401
  1.47267
  1.25929
 
