  0.57152
  0.59537
  0.62081
  0.64791
  0.67653
  0.70649
  0.73784
  0.77074
  0.80543
  0.84231
  0.88209
  0.92545
  0.97279
  1.02382
  1.07622
  1.12402
  1.16039
  1.18436
  1.20110
  1.21023
  1.21822
  1.22190
  1.22114
  1.22127
  1.22100
  1.22084
  1.22078
  1.22081
  1.22077
  1.22080
 
  0.81013
  0.84471
  0.88146
  0.92028
  0.96060
  1.00175
  1.04372
  1.08678
  1.13143
  1.17838
  1.22878
  1.28342
  1.34180
  1.40259
  1.46315
  1.51767
  1.55940
  1.58620
  1.60199
  1.60959
  1.61661
  1.61965
  1.61773
  1.62078
  1.62191
  1.62151
  1.62150
  1.62165
  1.62151
  1.62152
 
  1.03833
  1.08490
  1.13194
  1.17976
  1.22832
  1.27766
  1.32791
  1.37944
  1.43277
  1.48814
  1.54568
  1.60563
  1.66849
  1.73392
  1.79891
  1.85670
  1.90030
  1.93066
  1.94932
  1.95442
  1.96084
  1.96655
  1.96689
  1.96931
  1.97088
  1.97076
  1.97072
  1.97086
  1.97074
  1.97072
 
  1.46477
  1.52810
  1.59089
  1.65350
  1.71576
  1.77757
  1.83905
  1.90067
  1.96312
  2.02654
  2.09086
  2.15603
  2.22235
  2.28935
  2.35446
  2.41245
  2.45809
  2.49203
  2.51512
  2.52258
  2.53111
  2.53973
  2.54700
  2.54752
  2.54847
  2.54872
  2.54886
  2.54885
  2.54887
  2.54882
 
  1.84892
  1.92564
  1.99989
  2.07228
  2.14281
  2.21169
  2.27901
  2.34522
  2.41110
  2.47678
  2.54236
  2.60763
  2.67219
  2.73524
  2.79518
  2.84963
  2.89582
  2.93221
  2.95913
  2.97052
  2.98236
  2.99323
  3.00583
  3.00635
  3.00569
  3.00601
  3.00655
  3.00656
  3.00658
  3.00653
 
  2.19389
  2.28278
  2.36586
  2.44434
  2.51900
  2.59094
  2.66040
  2.72777
  2.79377
  2.85840
  2.92161
  2.98313
  3.04280
  3.10025
  3.15453
  3.20464
  3.24934
  3.28734
  3.31836
  3.33226
  3.34687
  3.36057
  3.37706
  3.37730
  3.37582
  3.37624
  3.37700
  3.37701
  3.37703
  3.37700
 
  2.50546
  2.60396
  2.69370
  2.77621
  2.85264
  2.92467
  2.99294
  3.05846
  3.12266
  3.18503
  3.24427
  3.29957
  3.35230
  3.40360
  3.45277
  3.49884
  3.54088
  3.57905
  3.61393
  3.63022
  3.64609
  3.66149
  3.68388
  3.67981
  3.67978
  3.68112
  3.68143
  3.68107
  3.68145
  3.68137
 
  3.04348
  3.15692
  3.25466
  3.33936
  3.41371
  3.48128
  3.54319
  3.60077
  3.65588
  3.70803
  3.75589
  3.79885
  3.83896
  3.87814
  3.91638
  3.95381
  3.99078
  4.02827
  4.06669
  4.08566
  4.10449
  4.12198
  4.14572
  4.14316
  4.14396
  4.14524
  4.14559
  4.14528
  4.14563
  4.14559
 
  3.49289
  3.61645
  3.71753
  3.79995
  3.86802
  3.92715
  3.97899
  4.02520
  4.06811
  4.10758
  4.14276
  4.17355
  4.20209
  4.23050
  4.25919
  4.28890
  4.32063
  4.35565
  4.39436
  4.41434
  4.43462
  4.45226
  4.47335
  4.47427
  4.47647
  4.47737
  4.47772
  4.47758
  4.47778
  4.47781
 
  4.36226
  4.49830
  4.59627
  4.66319
  4.70739
  4.73879
  4.76032
  4.77460
  4.78508
  4.79266
  4.79806
  4.80223
  4.80672
  4.81331
  4.82281
  4.83631
  4.85512
  4.88024
  4.91204
  4.93015
  4.94962
  4.96361
  4.97289
  4.98293
  4.98843
  4.98808
  4.98838
  4.98873
  4.98846
  4.98863
 
  5.00307
  5.14112
  5.22764
  5.27304
  5.28960
  5.29150
  5.28294
  5.26735
  5.24908
  5.22980
  5.21095
  5.19387
  5.17959
  5.16932
  5.16386
  5.16399
  5.17048
  5.18366
  5.20370
  5.21664
  5.23158
  5.23983
  5.23763
  5.25343
  5.26067
  5.25936
  5.25957
  5.26027
  5.25968
  5.25989
 
  5.92014
  6.04695
  6.10091
  6.09912
  6.06127
  6.00885
  5.94814
  5.88371
  5.82072
  5.76133
  5.70667
  5.65746
  5.61455
  5.57834
  5.54935
  5.52725
  5.51150
  5.50112
  5.49559
  5.49569
  5.49815
  5.49511
  5.47776
  5.49585
  5.50292
  5.50074
  5.50073
  5.50166
  5.50083
  5.50107
 
  6.58480
  6.68982
  6.70650
  6.65814
  6.57076
  6.47166
  6.36838
  6.26569
  6.16877
  6.07940
  5.99790
  5.92403
  5.85861
  5.80161
  5.75320
  5.71230
  5.67747
  5.64699
  5.61966
  5.60818
  5.59880
  5.58719
  5.56337
  5.57703
  5.58151
  5.57940
  5.57923
  5.58002
  5.57927
  5.57946
 
  7.11582
  7.19357
  7.17173
  7.07914
  6.94715
  6.80768
  6.66880
  6.53478
  6.41032
  6.29652
  6.19292
  6.09846
  6.01374
  5.93860
  5.87297
  5.81539
  5.76404
  5.71699
  5.67236
  5.65146
  5.63206
  5.61449
  5.58978
  5.59586
  5.59673
  5.59517
  5.59488
  5.59534
  5.59485
  5.59501
 
  7.56336
  7.61070
  7.55028
  7.41601
  7.24360
  7.06864
  6.89924
  6.73868
  6.59085
  6.45620
  6.33344
  6.22094
  6.11901
  6.02750
  5.94615
  5.87347
  5.80760
  5.74673
  5.68834
  5.65982
  5.63212
  5.61039
  5.58783
  5.58517
  5.58216
  5.58138
  5.58100
  5.58106
  5.58091
  5.58103
 
  8.47198
  8.25948
  8.04179
  7.83015
  7.62435
  7.42459
  7.23108
  7.04385
  6.86361
  6.69153
  6.52808
  6.37366
  6.22956
  6.09766
  5.97905
  5.87559
  5.78816
  5.71273
  5.64751
  5.62188
  5.60269
  5.58530
  5.51789
  5.48567
  5.49505
  5.50078
  5.49799
  5.49614
  5.49884
  5.49742
 
  8.83186
  8.74452
  8.53901
  8.26272
  7.96160
  7.67800
  7.41813
  7.18114
  6.96610
  6.77100
  6.59102
  6.42272
  6.26631
  6.12277
  5.99146
  5.87079
  5.75939
  5.65675
  5.55929
  5.50983
  5.45957
  5.42589
  5.40654
  5.38219
  5.36937
  5.37042
  5.36977
  5.36885
  5.36954
  5.36948
 
  9.75874
  9.50287
  9.14442
  8.73591
  8.32475
  7.95164
  7.61918
  7.32308
  7.05834
  6.81819
  6.59317
  6.37767
  6.17458
  5.98681
  5.81422
  5.65348
  5.50276
  5.36300
  5.23171
  5.16623
  5.10075
  5.05309
  5.01414
  4.99331
  4.98050
  4.98039
  4.97951
  4.97893
  4.97927
  4.97901
 
 10.42592
  9.88179
  9.36592
  8.88831
  8.44612
  8.03745
  7.66057
  7.31425
  6.99790
  6.70942
  6.44601
  6.20417
  5.97886
  5.76688
  5.56949
  5.38621
  5.21535
  5.04880
  4.88053
  4.79888
  4.72410
  4.67075
  4.61207
  4.59710
  4.58915
  4.58832
  4.58678
  4.58673
  4.58632
  4.58599
 
 10.96638
 10.32976
  9.68083
  9.05284
  8.47188
  7.95947
  7.51118
  7.11619
  6.76379
  6.44362
  6.14296
  5.85506
  5.58328
  5.33014
  5.09455
  4.87313
  4.66201
  4.46265
  4.27513
  4.18461
  4.09634
  4.02635
  3.95255
  3.94109
  3.92963
  3.92724
  3.92601
  3.92612
  3.92576
  3.92494
 
 11.34920
 10.50392
  9.74398
  9.06103
  8.44591
  7.89196
  7.39456
  6.94710
  6.54323
  6.17800
  5.84620
  5.54158
  5.25570
  4.98279
  4.72351
  4.47960
  4.25125
  4.03480
  3.82891
  3.73045
  3.63317
  3.55740
  3.48416
  3.46457
  3.44928
  3.44763
  3.44617
  3.44593
  3.44581
  3.44561
 
 11.55311
 10.62167
  9.79686
  9.05971
  8.40004
  7.80886
  7.27968
  6.80421
  6.37432
  5.98451
  5.62989
  5.30470
  5.00150
  4.71496
  4.44462
  4.19002
  3.95065
  3.72313
  3.50635
  3.40224
  3.29899
  3.21852
  3.14160
  3.12030
  3.10395
  3.10222
  3.10060
  3.10033
  3.10020
  3.10126
 
 11.68317
 10.69121
  9.82299
  9.04936
  8.35981
  7.74393
  7.19309
  6.69770
  6.24847
  5.83995
  5.46764
  5.12668
  4.81090
  4.51559
  4.23887
  3.97778
  3.73019
  3.49435
  3.26967
  3.16157
  3.05402
  2.96914
  2.88667
  2.86611
  2.84954
  2.84758
  2.84582
  2.84552
  2.84541
  2.84717
 
 11.83797
 10.76612
  9.84335
  9.02345
  8.29591
  7.64925
  7.07192
  6.55295
  6.08232
  5.65424
  5.26408
  4.90684
  4.57645
  4.26810
  3.97945
  3.70686
  3.44736
  3.19958
  2.96142
  2.84575
  2.73054
  2.63909
  2.54842
  2.52612
  2.50879
  2.50675
  2.50477
  2.50445
  2.50435
  2.50506
 
 11.91879
 10.79591
  9.84220
  8.99792
  8.25198
  7.59136
  7.00275
  6.47393
  5.99429
  5.55781
  5.15968
  4.79467
  4.45653
  4.14023
  3.84319
  3.56153
  3.29187
  3.03249
  2.78135
  2.65838
  2.53587
  2.43838
  2.33989
  2.31490
  2.29537
  2.29315
  2.29120
  2.29092
  2.29076
  2.28917
 
 11.97442
 10.80757
  9.83111
  8.96638
  8.20558
  7.53253
  6.93495
  6.40098
  5.92001
  5.48289
  5.08022
  4.70559
  4.35686
  4.03141
  3.72509
  3.43111
  3.14388
  2.86165
  2.57951
  2.43479
  2.28784
  2.16919
  2.04937
  2.01860
  1.99392
  1.99085
  1.98864
  1.98830
  1.98813
  1.98626
 
 11.96323
 10.78095
  9.81090
  8.95688
  8.20797
  7.54276
  6.94929
  6.41551
  5.93116
  5.49000
  5.08683
  4.71584
  4.37002
  4.04349
  3.73267
  3.43201
  3.13537
  2.83565
  2.52425
  2.36025
  2.18518
  2.03707
  1.89311
  1.85903
  1.83128
  1.82772
  1.82444
  1.82395
  1.82367
  1.82662
 
 11.85378
 10.71994
  9.80117
  8.98537
  8.25938
  7.60660
  7.01955
  6.49086
  6.01416
  5.58305
  5.19083
  4.82972
  4.48992
  4.16393
  3.84906
  3.54141
  3.23351
  2.90922
  2.54872
  2.34835
  2.12809
  1.93297
  1.72874
  1.68272
  1.65768
  1.65490
  1.64809
  1.64650
  1.64755
  1.65856
 
 11.76748
 10.66012
  9.78122
  9.00185
  8.30408
  7.67425
  7.10568
  6.59180
  6.12688
  5.70508
  5.32024
  4.96505
  4.63016
  4.30810
  3.99552
  3.68720
  3.37304
  3.03108
  2.63316
  2.40299
  2.14273
  1.90618
  1.64924
  1.58919
  1.56677
  1.56533
  1.55552
  1.55288
  1.55538
  1.57025
 
 11.69307
 10.61059
  9.76787
  9.01989
  8.34708
  7.73783
  7.18620
  6.68625
  6.23275
  5.82034
  5.44327
  5.09466
  4.76553
  4.44844
  4.13953
  3.83260
  3.51536
  3.16110
  2.73438
  2.48018
  2.18575
  1.91316
  1.60707
  1.53292
  1.51208
  1.51191
  1.49961
  1.49607
  1.49989
  1.51553
 
 11.63045
 10.56966
  9.75895
  9.03737
  8.38626
  7.79510
  7.25863
  6.77137
  6.32850
  5.92507
  5.55569
  5.21376
  4.89064
  4.57893
  4.27439
  3.96999
  3.65170
  3.28881
  2.83944
  2.56533
  2.24167
  1.93672
  1.58502
  1.49713
  1.47614
  1.47695
  1.46262
  1.45834
  1.46324
  1.47827
 
 11.55076
 10.52041
  9.75784
  9.07457
  8.45586
  7.89199
  7.37850
  6.91033
  6.48322
  6.09311
  5.73578
  5.40611
  5.09721
  4.80221
  4.51460
  4.22285
  3.90863
  3.53891
  3.06022
  2.75073
  2.36278
  1.98510
  1.56878
  1.47347
  1.43011
  1.42784
  1.41792
  1.41514
  1.41877
  1.43073
 
 11.47937
 10.47741
  9.75427
  9.10227
  8.51021
  7.96925
  7.47564
  7.02508
  6.61388
  6.23834
  5.89440
  5.57704
  5.27930
  4.99419
  4.71517
  4.43037
  4.12031
  3.74867
  3.25286
  2.92149
  2.49307
  2.06419
  1.57772
  1.46201
  1.40522
  1.40203
  1.39155
  1.38852
  1.39154
  1.40147
 
 11.39948
 10.43082
  9.75859
  9.15107
  8.59951
  8.09636
  7.63837
  7.22171
  6.84301
  6.49858
  6.18404
  5.89357
  5.61877
  5.35205
  5.08872
  4.82035
  4.52895
  4.17261
  3.66908
  3.30663
  2.80411
  2.27551
  1.63748
  1.46349
  1.38484
  1.37619
  1.35400
  1.35218
  1.34865
  1.36050
 
 11.33840
 10.39887
  9.76323
  9.18773
  8.66456
  8.18723
  7.75290
  7.35823
  7.00024
  6.67557
  6.38020
  6.10855
  5.85234
  5.60407
  5.35907
  5.10867
  4.83397
  4.48990
  3.98574
  3.61112
  3.07740
  2.49198
  1.72387
  1.49740
  1.37430
  1.36090
  1.33645
  1.33384
  1.33043
  1.33886
 
 11.23939
 10.35420
  9.77590
  9.24665
  8.76116
  8.31534
  7.90794
  7.53756
  7.20311
  6.90214
  6.63137
  6.38609
  6.15903
  5.94279
  5.73109
  5.51141
  5.26259
  4.94414
  4.46271
  4.08764
  3.52431
  2.86033
  1.90516
  1.61110
  1.36860
  1.34011
  1.32090
  1.31781
  1.31224
  1.31663
 
 11.21128
 10.34529
  9.79078
  9.28214
  8.81522
  8.38673
  7.99583
  7.64171
  7.32373
  7.03983
  6.78700
  6.56077
  6.35406
  6.15963
  5.97132
  5.77649
  5.55414
  5.26511
  4.81425
  4.44979
  3.88172
  3.17746
  2.07905
  1.71349
  1.38252
  1.33912
  1.31132
  1.30794
  1.30003
  1.30540
 
 11.20327
 10.34568
  9.80286
  9.30563
  8.85021
  8.43341
  8.05421
  7.71153
  7.40458
  7.13168
  6.89063
  6.67810
  6.48848
  6.31521
  6.15047
  5.97733
  5.77130
  5.49528
  5.06285
  4.71909
  4.18737
  3.48852
  2.24353
  1.79739
  1.39937
  1.34589
  1.30599
  1.30009
  1.29667
  1.29870
 
 11.19349
 10.34841
  9.81522
  9.32554
  8.87679
  8.46690
  8.09520
  7.76079
  7.46301
  7.19998
  6.96897
  6.76655
  6.58792
  6.42737
  6.27794
  6.12388
  5.94104
  5.68932
  5.27891
  4.94627
  4.42767
  3.72894
  2.40557
  1.89363
  1.41588
  1.35077
  1.30301
  1.29663
  1.29241
  1.29428
 
 11.18024
 10.35026
  9.82978
  9.35246
  8.91530
  8.51622
  8.15475
  7.83042
  7.54305
  7.29143
  7.07368
  6.88682
  6.72555
  6.58412
  6.45675
  6.32959
  6.18059
  5.97141
  5.61427
  5.31131
  4.81679
  4.11477
  2.68578
  2.08591
  1.45617
  1.36226
  1.29978
  1.29447
  1.28462
  1.28878
 
 11.19532
 10.36281
  9.84062
  9.36505
  8.93257
  8.54064
  8.18790
  7.87289
  7.59439
  7.35114
  7.14144
  6.96253
  6.80937
  6.67763
  6.56564
  6.46735
  6.36325
  6.19470
  5.85649
  5.56532
  5.10583
  4.43884
  2.94125
  2.25587
  1.49407
  1.37943
  1.30025
  1.29119
  1.28357
  1.28540
 
 11.17091
 10.36489
  9.85743
  9.39393
  8.97158
  8.58846
  8.24356
  7.93593
  7.66491
  7.43011
  7.23102
  7.06663
  6.93460
  6.83194
  6.75445
  6.68909
  6.61528
  6.49766
  6.25214
  6.01922
  5.62088
  5.00774
  3.46887
  2.62474
  1.59431
  1.43254
  1.30478
  1.29132
  1.27534
  1.28077
 
 11.15298
 10.37039
  9.86898
  9.40995
  8.99109
  8.61105
  8.26926
  7.96543
  7.69962
  7.47154
  7.28056
  7.12551
  7.00362
  6.91221
  6.84897
  6.80464
  6.76229
  6.68709
  6.50201
  6.31005
  5.95453
  5.38638
  3.87660
  2.95296
  1.69048
  1.47995
  1.31307
  1.29356
  1.27696
  1.27843
 
 11.11140
 10.37632
  9.87936
  9.42368
  9.00809
  8.63207
  8.29509
  7.99687
  7.73745
  7.51657
  7.33376
  7.18802
  7.07706
  6.99890
  6.95234
  6.92983
  6.91905
  6.89727
  6.79866
  6.66223
  6.37359
  5.88194
  4.47133
  3.46489
  1.87674
  1.58893
  1.33173
  1.30249
  1.27330
  1.27606
 
 11.07485
 10.37764
  9.88312
  9.42996
  9.01686
  8.64322
  8.30877
  8.01358
  7.75795
  7.54130
  7.36251
  7.22050
  7.11395
  7.04210
  7.00526
  6.99840
  7.01082
  7.01612
  6.95028
  6.84748
  6.63833
  6.25555
  4.88683
  3.80036
  2.06599
  1.71602
  1.34956
  1.29740
  1.27806
  1.27489
 
 11.06629
 10.38490
  9.88485
  9.42962
  9.01706
  8.64572
  8.31460
  8.02293
  7.77020
  7.55606
  7.38001
  7.24090
  7.13584
  7.06375
  7.02825
  7.03174
  7.06907
  7.10599
  7.07614
  6.99587
  6.80171
  6.42805
  5.19362
  4.19313
  2.21768
  1.79381
  1.37430
  1.32013
  1.27453
  1.27419
 
 11.02757
 10.37903
  9.88789
  9.43709
  9.02608
  8.65489
  8.32318
  8.03092
  7.77832
  7.56505
  7.39051
  7.25399
  7.15419
  7.09037
  7.06295
  7.06690
  7.09457
  7.13288
  7.14444
  7.10082
  6.94061
  6.59319
  5.43560
  4.46225
  2.37305
  1.89262
  1.39635
  1.32969
  1.27515
  1.27373
 
 11.00357
 10.37960
  9.89008
  9.44055
  9.03081
  8.66102
  8.33086
  8.04021
  7.78920
  7.57766
  7.40518
  7.27124
  7.17457
  7.11464
  7.09229
  7.10336
  7.14166
  7.19698
  7.24027
  7.22625
  7.11751
  6.83633
  5.79637
  4.87742
  2.66393
  2.07926
  1.44024
  1.34775
  1.27882
  1.27315
 
 10.98850
 10.38005
  9.89140
  9.44266
  9.03373
  8.66485
  8.33565
  8.04595
  7.79583
  7.58522
  7.41397
  7.28166
  7.18698
  7.12947
  7.11019
  7.12563
  7.17052
  7.23652
  7.29938
  7.30427
  7.23256
  7.00287
  6.05561
  5.19023
  2.92257
  2.25116
  1.48374
  1.36660
  1.28319
  1.27280
 
 10.96640
 10.38054
  9.89283
  9.44519
  9.03744
  8.66980
  8.34191
  8.05367
  7.80521
  7.59625
  7.42629
  7.29506
  7.20245
  7.14883
  7.13503
  7.15648
  7.20846
  7.28933
  7.38463
  7.41644
  7.38907
  7.23842
  6.51365
  5.74503
  3.43122
  2.62084
  1.59279
  1.41473
  1.30594
  1.27234
 
 10.95375
 10.38102
  9.89384
  9.44668
  9.03945
  8.67232
  8.34501
  8.05737
  7.80957
  7.60136
  7.43223
  7.30206
  7.21084
  7.15907
  7.14771
  7.17222
  7.22830
  7.31603
  7.42768
  7.47666
  7.47732
  7.36431
  6.76919
  6.13156
  3.84005
  2.92434
  1.69538
  1.47378
  1.31672
  1.27211
 
 10.93995
 10.38150
  9.89519
  9.44855
  9.04169
  8.67496
  8.34799
  8.06067
  7.81317
  7.60553
  7.43782
  7.30984
  7.22052
  7.16973
  7.15932
  7.18700
  7.25031
  7.34785
  7.46737
  7.52533
  7.56898
  7.53572
  7.06322
  6.52867
  4.49015
  3.45373
  1.88263
  1.57609
  1.33203
  1.27188
 
 10.93310
 10.38183
  9.89573
  9.44930
  9.04267
  8.67613
  8.34941
  8.06238
  7.81525
  7.60808
  7.44087
  7.31344
  7.22479
  7.17485
  7.16559
  7.19484
  7.26051
  7.36220
  7.48996
  7.55536
  7.61223
  7.60886
  7.25203
  6.80206
  4.92590
  3.84721
  2.06033
  1.68060
  1.35550
  1.27177
 
 10.94810
 10.38789
  9.89446
  9.44508
  9.03822
  8.67269
  8.34764
  8.06247
  7.81690
  7.61086
  7.44421
  7.31627
  7.22486
  7.17000
  7.15724
  7.19264
  7.27765
  7.39179
  7.50939
  7.56972
  7.63112
  7.65041
  7.38107
  6.98519
  5.24574
  4.16694
  2.23292
  1.78331
  1.37699
  1.27171
 
 10.94483
 10.38796
  9.89464
  9.44539
  9.03865
  8.67324
  8.34829
  8.06325
  7.81782
  7.61190
  7.44542
  7.31771
  7.22656
  7.17205
  7.15980
  7.19589
  7.28189
  7.39756
  7.51815
  7.58163
  7.64972
  7.68218
  7.46444
  7.11948
  5.49972
  4.42926
  2.39310
  1.88568
  1.39892
  1.27167
 
 10.92129
 10.38203
  9.89633
  9.45026
  9.04401
  8.67796
  8.35175
  8.06526
  7.81865
  7.61203
  7.44550
  7.31893
  7.23134
  7.18272
  7.17515
  7.20676
  7.27594
  7.38332
  7.52432
  7.60291
  7.67981
  7.72089
  7.57356
  7.29527
  5.87099
  4.84249
  2.68183
  2.08521
  1.44224
  1.27163
 
 10.91851
 10.38191
  9.89631
  9.45031
  9.04414
  8.67816
  8.35207
  8.06572
  7.81929
  7.61287
  7.44649
  7.32006
  7.23263
  7.18429
  7.17713
  7.20925
  7.27916
  7.38802
  7.53109
  7.61152
  7.69521
  7.74742
  7.63423
  7.40257
  6.12869
  5.15555
  2.93715
  2.26949
  1.48291
  1.27161
 
