  4.76074
  4.84814
  4.91893
  4.97513
  5.01726
  5.04641
  5.06355
  5.07062
  5.07034
  5.06369
  5.05175
  5.03516
  5.01441
  4.99018
  4.96336
  4.93632
  4.91177
  4.89160
  4.87719
  4.87150
  4.86527
  4.85901
  4.85002
  4.84730
  4.84520
  4.84493
  4.84472
  4.84469
  4.84467
  4.84467
 
  5.45668
  5.55056
  5.62205
  5.67350
  5.70471
  5.71637
  5.71049
  5.69096
  5.66293
  5.62776
  5.58626
  5.53970
  5.49054
  5.44096
  5.39080
  5.33934
  5.28650
  5.23477
  5.18759
  5.16602
  5.14441
  5.12783
  5.11521
  5.11214
  5.10940
  5.10907
  5.10882
  5.10879
  5.10878
  5.10874
 
  5.95059
  6.05849
  6.12512
  6.15802
  6.16369
  6.14990
  6.12012
  6.07840
  6.02975
  5.97446
  5.91155
  5.84190
  5.77008
  5.70011
  5.63170
  5.56314
  5.49373
  5.42706
  5.36456
  5.33344
  5.30428
  5.28407
  5.26647
  5.26219
  5.25884
  5.25842
  5.25811
  5.25805
  5.25802
  5.25799
 
  6.65108
  6.75888
  6.80502
  6.80311
  6.76586
  6.70748
  6.63296
  6.54700
  6.45525
  6.35934
  6.26008
  6.15931
  6.05904
  5.96156
  5.86723
  5.77592
  5.68760
  5.60258
  5.52268
  5.48599
  5.45141
  5.42590
  5.40100
  5.39511
  5.39045
  5.38985
  5.38940
  5.38934
  5.38931
  5.38927
 
  7.14588
  7.24491
  7.26597
  7.22825
  7.14985
  7.05021
  6.93573
  6.81172
  6.68447
  6.55629
  6.42898
  6.30458
  6.18315
  6.06557
  5.95269
  5.84549
  5.74450
  5.64816
  5.55897
  5.52016
  5.48346
  5.45526
  5.42581
  5.41885
  5.41334
  5.41260
  5.41207
  5.41199
  5.41194
  5.41194
 
  7.54370
  7.59021
  7.58132
  7.52855
  7.43505
  7.30648
  7.15180
  6.98414
  6.81850
  6.65877
  6.50588
  6.36134
  6.22499
  6.09696
  5.97597
  5.85824
  5.74174
  5.63246
  5.53907
  5.49945
  5.46109
  5.43056
  5.39875
  5.39101
  5.38495
  5.38421
  5.38356
  5.38351
  5.38345
  5.38345
 
  7.85621
  7.88118
  7.84532
  7.76283
  7.63776
  7.47686
  7.29042
  7.09302
  6.90106
  6.71855
  6.54634
  6.38541
  6.23486
  6.09402
  5.96147
  5.83315
  5.70700
  5.58971
  5.49086
  5.44955
  5.40965
  5.37779
  5.34443
  5.33631
  5.32995
  5.32917
  5.32848
  5.32842
  5.32835
  5.32837
 
  8.32145
  8.35967
  8.27709
  8.11249
  7.89915
  7.67061
  7.43711
  7.20576
  6.98422
  6.77376
  6.57414
  6.38532
  6.20668
  6.03788
  5.87951
  5.73171
  5.59460
  5.46786
  5.35612
  5.30941
  5.26595
  5.23290
  5.19809
  5.18984
  5.18334
  5.18245
  5.18182
  5.18175
  5.18168
  5.18168
 
  8.69344
  8.69765
  8.56738
  8.34972
  8.08338
  7.80645
  7.53016
  7.26204
  7.00981
  6.77309
  6.54967
  6.33798
  6.13901
  5.95281
  5.77933
  5.61706
  5.46529
  5.32600
  5.20428
  5.15222
  5.10441
  5.06955
  5.03489
  5.02674
  5.02033
  5.01948
  5.01887
  5.01877
  5.01872
  5.01870
 
  9.35540
  9.27764
  9.04253
  8.71525
  8.34454
  7.97629
  7.62223
  7.28903
  6.98317
  6.70007
  6.43446
  6.18135
  5.94526
  5.72680
  5.52446
  5.33364
  5.15205
  4.98587
  4.83966
  4.77330
  4.71351
  4.67346
  4.63951
  4.63177
  4.62582
  4.62508
  4.62452
  4.62443
  4.62440
  4.62437
 
 10.07132
  9.65501
  9.22076
  8.80412
  8.40393
  8.01950
  7.65036
  7.29628
  6.95706
  6.63263
  6.32625
  6.03656
  5.76574
  5.51206
  5.27637
  5.05988
  4.86306
  4.68261
  4.52058
  4.45277
  4.39993
  4.36597
  4.29634
  4.26903
  4.27896
  4.28418
  4.28172
  4.28009
  4.28291
  4.28113
 
 10.42154
 10.13845
  9.67360
  9.13109
  8.57445
  8.05733
  7.58615
  7.15904
  6.77066
  6.41602
  6.08550
  5.77045
  5.47663
  5.20366
  4.94780
  4.70319
  4.46687
  4.24556
  4.03840
  3.93674
  3.84582
  3.78892
  3.75051
  3.74265
  3.73698
  3.73636
  3.73587
  3.73577
  3.73577
  3.73577
 
 10.82296
 10.42562
  9.85008
  9.21555
  8.58671
  8.01602
  7.50496
  7.04624
  6.62941
  6.24886
  5.89620
  5.56090
  5.24712
  4.95464
  4.67843
  4.41340
  4.15661
  3.91209
  3.67668
  3.55977
  3.45452
  3.38767
  3.34192
  3.33268
  3.32600
  3.32527
  3.32468
  3.32456
  3.32455
  3.32456
 
 11.28235
 10.55976
  9.83270
  9.16506
  8.54918
  7.98012
  7.45410
  6.96769
  6.51739
  6.10322
  5.72525
  5.37439
  5.04805
  4.74377
  4.45644
  4.18446
  3.92373
  3.66312
  3.39604
  3.26623
  3.15155
  3.07769
  3.02085
  3.01429
  3.00451
  3.00288
  3.00251
  3.00239
  3.00259
  3.00241
 
 11.48153
 10.68748
  9.89597
  9.17634
  8.51808
  7.91528
  7.36271
  6.85466
  6.38855
  5.96385
  5.57828
  5.22139
  4.88848
  4.57768
  4.28258
  4.00097
  3.72838
  3.45368
  3.17050
  3.03221
  2.90959
  2.82953
  2.76460
  2.75543
  2.74435
  2.74264
  2.74206
  2.74193
  2.74205
  2.74188
 
 11.75789
 10.84775
  9.95509
  9.15572
  8.43382
  7.78096
  7.18986
  6.65183
  6.16367
  5.72640
  5.33182
  4.96815
  4.62750
  4.30833
  4.00393
  3.71032
  3.42266
  3.12999
  2.82624
  2.67675
  2.54263
  2.45211
  2.37274
  2.35870
  2.34495
  2.34304
  2.34207
  2.34192
  2.34188
  2.34175
 
 11.93363
 10.92711
  9.95706
  9.09985
  8.33505
  7.65025
  7.03570
  6.48248
  5.98476
  5.54316
  5.14560
  4.77808
  4.42958
  4.09770
  3.77958
  3.47233
  3.17414
  2.87624
  2.57247
  2.42131
  2.27765
  2.17341
  2.08448
  2.06474
  2.04921
  2.04740
  2.04588
  2.04569
  2.04553
  2.04545
 
 12.31149
 11.04886
  9.90248
  8.92796
  8.08907
  7.35848
  6.71445
  6.14402
  5.63695
  5.18454
  4.77524
  4.39560
  4.03487
  3.69028
  3.36562
  3.05536
  2.75592
  2.45599
  2.14598
  1.98808
  1.83218
  1.71226
  1.60343
  1.57767
  1.55706
  1.55462
  1.55258
  1.55231
  1.55211
  1.55205
 
 12.58505
 11.11761
  9.84546
  8.79041
  7.89936
  7.13806
  6.47787
  5.89771
  5.38558
  4.92805
  4.51195
  4.12560
  3.75885
  3.40840
  3.08011
  2.77227
  2.47738
  2.18280
  1.87679
  1.71851
  1.55765
  1.42924
  1.30936
  1.27997
  1.25625
  1.25343
  1.25107
  1.25074
  1.25053
  1.25050
 
 13.04072
 11.26101
  9.82043
  8.65800
  7.69286
  6.88306
  6.20099
  5.61119
  5.08944
  4.62230
  4.19635
  3.80117
  3.42778
  3.07230
  2.73874
  2.43241
  2.14356
  1.85707
  1.56095
  1.40689
  1.24712
  1.11494
  0.98286
  0.94927
  0.92227
  0.91902
  0.91628
  0.91593
  0.91565
  0.91563
 
 13.45348
 11.40837
  9.86476
  8.64762
  7.64981
  6.80778
  6.10022
  5.49302
  4.95678
  4.47594
  4.03732
  3.63136
  3.25232
  2.89675
  2.56399
  2.25470
  1.96474
  1.67989
  1.39078
  1.24057
  1.08364
  0.95120
  0.81171
  0.77572
  0.74699
  0.74318
  0.74038
  0.74005
  0.73975
  0.73967
 
 13.84661
 11.59502
  9.97360
  8.70388
  7.67438
  6.80774
  6.08006
  5.45805
  4.90980
  4.41754
  3.96883
  3.55461
  3.16917
  2.80863
  2.47114
  2.15596
  1.86303
  1.57944
  1.29326
  1.14465
  0.98801
  0.85387
  0.70921
  0.67133
  0.64113
  0.63714
  0.63421
  0.63385
  0.63354
  0.63341
 
 14.20627
 11.78638
 10.10629
  8.79198
  7.73475
  6.85062
  6.10731
  5.47151
  4.91151
  4.40874
  3.95054
  3.52817
  3.13608
  2.77006
  2.42744
  2.10617
  1.80695
  1.52262
  1.23677
  1.08806
  0.93004
  0.79327
  0.64359
  0.60403
  0.57242
  0.56826
  0.56519
  0.56481
  0.56450
  0.56433
 
 14.79183
 12.19522
 10.42731
  9.00815
  7.87365
  6.95893
  6.20510
  5.56281
  4.99182
  4.47503
  4.00322
  3.56856
  3.16341
  2.78261
  2.42465
  2.08913
  1.77639
  1.48425
  1.19296
  1.04077
  0.87700
  0.73279
  0.57152
  0.52837
  0.49369
  0.48940
  0.48582
  0.48541
  0.48497
  0.48489
 
 15.28994
 12.51258
 10.68763
  9.22271
  8.05984
  7.12837
  6.36098
  5.70453
  5.11940
  4.58954
  4.10598
  3.66066
  3.24557
  2.85500
  2.48648
  2.13799
  1.80860
  1.49917
  1.19775
  1.03961
  0.86772
  0.71427
  0.53931
  0.49203
  0.45399
  0.44925
  0.44533
  0.44486
  0.44440
  0.44436
 
 16.22060
 13.08282
 11.18698
  9.70534
  8.55862
  7.60945
  6.80627
  6.10830
  5.48804
  4.93000
  4.42251
  3.95588
  3.52219
  3.11448
  2.72669
  2.35133
  1.98435
  1.62920
  1.28744
  1.10901
  0.91047
  0.72917
  0.51799
  0.46033
  0.41365
  0.40757
  0.40309
  0.40252
  0.40213
  0.40196
 
 16.77907
 13.56878
 11.65734
 10.13675
  8.96474
  7.99773
  7.18643
  6.48240
  5.85190
  5.27978
  4.75684
  4.27426
  3.82283
  3.39491
  2.98512
  2.58671
  2.19428
  1.80538
  1.41586
  1.21329
  0.98385
  0.77146
  0.52387
  0.45638
  0.40149
  0.39452
  0.38893
  0.38826
  0.38760
  0.38743
 
 17.49292
 14.13787
 12.27424
 10.81574
  9.66606
  8.69577
  7.86537
  7.13533
  6.47774
  5.87892
  5.33009
  4.82264
  4.34748
  3.89674
  3.46414
  3.04134
  2.61731
  2.17550
  1.69517
  1.43205
  1.14082
  0.87155
  0.55887
  0.46991
  0.39640
  0.38688
  0.37923
  0.37824
  0.37758
  0.37643
 
 17.76547
 14.46362
 12.74421
 11.38387
 10.25403
  9.26628
  8.39895
  7.63012
  6.94557
  6.33193
  5.77692
  5.26775
  4.79011
  4.33250
  3.88817
  3.44813
  2.99754
  2.50955
  1.95271
  1.63831
  1.29381
  0.98088
  0.60233
  0.48916
  0.39839
  0.38625
  0.37521
  0.37371
  0.37314
  0.37114
 
 18.05786
 14.68126
 13.03433
 11.73586
 10.63778
  9.66833
  8.80967
  8.04242
  7.35419
  6.73320
  6.16855
  5.64878
  5.16083
  4.69366
  4.23965
  3.78809
  3.32085
  2.80388
  2.19458
  1.83962
  1.43943
  1.08076
  0.64489
  0.51345
  0.40302
  0.38703
  0.37237
  0.37056
  0.36986
  0.36750
 
 18.26157
 14.82713
 13.25484
 12.00556
 10.93779
  9.98730
  9.13985
  8.37781
  7.69038
  7.06696
  6.49778
  5.97230
  5.47845
  5.00553
  4.54529
  4.08577
  3.60623
  3.06686
  2.41552
  2.02698
  1.57998
  1.17641
  0.68770
  0.53869
  0.40857
  0.38864
  0.37017
  0.36800
  0.36727
  0.36471
 
 18.52119
 15.00727
 13.56714
 12.39292
 11.37826
 10.46407
  9.64118
  8.89447
  8.21547
  7.59529
  7.02565
  6.49737
  5.99965
  5.52227
  5.05620
  4.58770
  4.09227
  3.52149
  2.80752
  2.36679
  1.84328
  1.35634
  0.77154
  0.58924
  0.42088
  0.39324
  0.36705
  0.36408
  0.36342
  0.36069
 
 18.67336
 15.11397
 13.77413
 12.65710
 11.68554
 10.80356
 10.00463
  9.27542
  8.60893
  7.99739
  7.43345
  6.90878
  6.41329
  5.93700
  5.47046
  4.99885
  4.49512
  3.90469
  3.14741
  2.66827
  2.08545
  1.52517
  0.85180
  0.63833
  0.43376
  0.39882
  0.36505
  0.36119
  0.36066
  0.35791
 
 18.85686
 15.25515
 14.06333
 13.04678
 12.15142
 11.33186
 10.58372
  9.89648
  9.26468
  8.68201
  8.14225
  7.63790
  7.15937
  6.69683
  6.24045
  5.77399
  5.26689
  4.65542
  3.83774
  3.29793
  2.61287
  1.91730
  1.03629
  0.75259
  0.46584
  0.41440
  0.36280
  0.35657
  0.35630
  0.35368
 
 18.93756
 15.31704
 14.20764
 13.25458
 12.40898
 11.63337
 10.92388
 10.27151
  9.67136
  9.11767
  8.60455
  8.12461
  7.66798
  7.22448
  6.78428
  6.33076
  5.83179
  5.21911
  4.37692
  3.80447
  3.05592
  2.26409
  1.20211
  0.85664
  0.49657
  0.43056
  0.36287
  0.35422
  0.35372
  0.35129
 
 19.01070
 15.35800
 14.34396
 13.46510
 12.68065
 11.96208
 11.30585
 10.70467
 10.15388
  9.64821
  9.18178
  8.74688
  8.33246
  7.92751
  7.52251
  7.10090
  6.62979
  6.03708
  5.19050
  4.59069
  3.77213
  2.85346
  1.49393
  1.04303
  0.55376
  0.46234
  0.36651
  0.35322
  0.35078
  0.34867
 
 19.02852
 15.36566
 14.40565
 13.56855
 12.82008
 12.13655
 11.51469
 10.94802
 10.43212
  9.96188
  9.53144
  9.13268
  8.75367
  8.38271
  8.01068
  7.62146
  7.18227
  6.61959
  5.79193
  5.18718
  4.33593
  3.33958
  1.76003
  1.20892
  0.60638
  0.49277
  0.37243
  0.35477
  0.34915
  0.34727
 
 19.02577
 15.37558
 14.45014
 13.63847
 12.91143
 12.24886
 11.64748
 11.10154
 10.60725
 10.15993
  9.75422
  9.38264
  9.03378
  8.69640
  8.36141
  8.01199
  7.61244
  7.08002
  6.26298
  5.65603
  4.79601
  3.75952
  2.00791
  1.35754
  0.65572
  0.52193
  0.37924
  0.35774
  0.34784
  0.34641
 
 18.99197
 15.37153
 14.47247
 13.68113
 12.97167
 12.32645
 11.74234
 11.21400
 10.73794
 10.30984
  9.92460
  9.57494
  9.24959
  8.93743
  8.62966
  8.30959
  7.94078
  7.43717
  6.64241
  6.04319
  5.18509
  4.12371
  2.23789
  1.49863
  0.70182
  0.54986
  0.38653
  0.36082
  0.34744
  0.34582
 
 18.91949
 15.36846
 14.50426
 13.74008
 13.05415
 12.43210
 11.87099
 11.36637
 10.91514
 10.51355
 10.15710
  9.83908
  9.54878
  9.27566
  9.01171
  8.74087
  8.42636
  7.97798
  7.23339
  6.65609
  5.81295
  4.72757
  2.64960
  1.76628
  0.78755
  0.60223
  0.40143
  0.36807
  0.34715
  0.34507
 
 18.86113
 15.37140
 14.53033
 13.78388
 13.11294
 12.50555
 11.95877
 11.46880
 11.03304
 10.64812
 10.31010
 10.01293
  9.74671
  9.50170
  9.27088
  9.03914
  8.77026
  8.37209
  7.67873
  7.12625
  6.30354
  5.21249
  3.01003
  2.01677
  0.86676
  0.65097
  0.41627
  0.37597
  0.34724
  0.34461
 
 18.72060
 15.37537
 14.57849
 13.86349
 13.21620
 12.62854
 12.09895
 11.62559
 11.20745
 10.84268
 10.52896
 10.26269
 10.03728
  9.84493
  9.67607
  9.50816
  9.30375
  8.99465
  8.43514
  7.95593
  7.18439
  6.10663
  3.76297
  2.56465
  1.04444
  0.76243
  0.45198
  0.39587
  0.34868
  0.34399
 
 18.55644
 15.38655
 14.60929
 13.90814
 13.27166
 12.69345
 12.17284
 11.70888
 11.30110
 10.94836
 10.64885
 10.39966
 10.19519
 10.02899
  9.89359
  9.76954
  9.62311
  9.38940
  8.92571
  8.50138
  7.78410
  6.74262
  4.35039
  3.02929
  1.20389
  0.86260
  0.48492
  0.41542
  0.35123
  0.34367
 
 18.14014
 15.39582
 14.63652
 13.94881
 13.32340
 12.75613
 12.24651
 11.79406
 11.39861
 11.05966
 10.77608
 10.54589
 10.36470
 10.22782
 10.13035
 10.05677
  9.97974
  9.84510
  9.52493
  9.19216
  8.57553
  7.61615
  5.23306
  3.77841
  1.48720
  1.04271
  0.54476
  0.45199
  0.35792
  0.34335
 
 17.78697
 15.39981
 14.64764
 13.96466
 13.34367
 12.78201
 12.27910
 11.83461
 11.44822
 11.11905
 10.84507
 10.62442
 10.45456
 10.33282
 10.25578
 10.20999
 10.17315
 10.10345
  9.88144
  9.61129
  9.08067
  8.21488
  5.89205
  4.35557
  1.73586
  1.20517
  0.59908
  0.48525
  0.36581
  0.34319
 
 17.52913
 15.39818
 14.65111
 13.97330
 13.35753
 12.80081
 12.30231
 11.86163
 11.47846
 11.15253
 10.88360
 10.67047
 10.50998
 10.39926
 10.33579
 10.30781
 10.29591
 10.26414
 10.11505
  9.90626
  9.44598
  8.63767
  6.38705
  4.84739
  1.96289
  1.35265
  0.64871
  0.51645
  0.37356
  0.34309
 
 17.34950
 15.40019
 14.65661
 13.97980
 13.36454
 12.80976
 12.31442
 11.87764
 11.49860
 11.17732
 10.91314
 10.70488
 10.54962
 10.44487
 10.38926
 10.37308
 10.38004
 10.37924
 10.28217
 10.11391
  9.71483
  8.97335
  6.79360
  5.25249
  2.18573
  1.49055
  0.69586
  0.54525
  0.38180
  0.34303
 
 17.12239
 15.39710
 14.65883
 13.98765
 13.37816
 12.82789
 12.33600
 11.90209
 11.52612
 11.20820
 10.94838
 10.74571
 10.59793
 10.50320
 10.46071
 10.46133
 10.49116
 10.52737
 10.50151
 10.39529
 10.08889
  9.45749
  7.43059
  5.89691
  2.61573
  1.74362
  0.78228
  0.59931
  0.39787
  0.34295
 
 16.97543
 15.39878
 14.66457
 13.99445
 13.38504
 12.83588
 12.34613
 11.91503
 11.54243
 11.22832
 10.97249
 10.77378
 10.63002
 10.53978
 10.50328
 10.51361
 10.55967
 10.62162
 10.63960
 10.57291
 10.33883
  9.79999
  7.89745
  6.40611
  2.98892
  1.96971
  0.86266
  0.64826
  0.41388
  0.34290
 
 16.75471
 15.39801
 14.66904
 14.00291
 13.39693
 12.85040
 12.36304
 11.93471
 11.56576
 11.25592
 11.00436
 10.81003
 10.67177
 10.58932
 10.56320
 10.58709
 10.65264
 10.74916
 10.83659
 10.83200
 10.69992
 10.31034
  8.71651
  7.32868
  3.74889
  2.48441
  1.04256
  0.76040
  0.45178
  0.34283
 
 16.63043
 15.39824
 14.67176
 14.00730
 13.40269
 12.85768
 12.37162
 11.94474
 11.57757
 11.26953
 11.02001
 10.82823
 10.69320
 10.61497
 10.59433
 10.62559
 10.70189
 10.81588
 10.93839
 10.96844
 10.89918
 10.60470
  9.23240
  7.96077
  4.34901
  2.96341
  1.20259
  0.86189
  0.48550
  0.34280
 
 16.52440
 15.40720
 14.67299
 14.00551
 13.40137
 12.85869
 12.37627
 11.95323
 11.58912
 11.28374
 11.03676
 10.84718
 10.71179
 10.63039
 10.60940
 10.65558
 10.76865
 10.91646
 11.04911
 11.09458
 11.09499
 10.94570
  9.88961
  8.74563
  5.25807
  3.74671
  1.48579
  1.03994
  0.54572
  0.34277
 
 16.42969
 15.39895
 14.67539
 14.01277
 13.40999
 12.86703
 12.38352
 11.95919
 11.59420
 11.28870
 11.04256
 10.85554
 10.72614
 10.65410
 10.64151
 10.68486
 10.78015
 10.92421
 11.09560
 11.17223
 11.21132
 11.12289
 10.27950
  9.27520
  5.92666
  4.35043
  1.73475
  1.20137
  0.60057
  0.34275
 
 16.38556
 15.39849
 14.67550
 14.01321
 13.41080
 12.86836
 12.38547
 11.96187
 11.59753
 11.29263
 11.04728
 10.86121
 10.73293
 10.66223
 10.65141
 10.69721
 10.79597
 10.94565
 11.12924
 11.21798
 11.27715
 11.22939
 10.54637
  9.64686
  6.43755
  4.83838
  1.98503
  1.35053
  0.65065
  0.34274
 
 16.35504
 15.39794
 14.67509
 14.01305
 13.41114
 12.86910
 12.38670
 11.96379
 11.60053
 11.29662
 11.05137
 10.86452
 10.73599
 10.66663
 10.65841
 10.70678
 10.80707
 10.95856
 11.15151
 11.25210
 11.32597
 11.29260
 10.71754
  9.96369
  6.85271
  5.22760
  2.26334
  1.49772
  0.69571
  0.34274
 
 16.31371
 15.39802
 14.67649
 14.01514
 13.41357
 12.87175
 12.38936
 11.96636
 11.60284
 11.29897
 11.05477
 10.86999
 10.74326
 10.67449
 10.66632
 10.71587
 10.82016
 10.97833
 11.18083
 11.28874
 11.37994
 11.39468
 10.98562
 10.30946
  7.48506
  5.91317
  2.74417
  1.81139
  0.78335
  0.34273
 
 16.29085
 15.39902
 14.67805
 14.01719
 13.41600
 12.87435
 12.39204
 11.96910
 11.60615
 11.30279
 11.05832
 10.87239
 10.74500
 10.67720
 10.67117
 10.72291
 10.82862
 10.98877
 11.19782
 11.31321
 11.41752
 11.44783
 11.12336
 10.58070
  7.96571
  6.41492
  3.13947
  2.11490
  0.85984
  0.34272
 
