  0.52647
  0.54935
  0.57383
  0.59998
  0.62759
  0.65645
  0.68655
  0.71801
  0.75098
  0.78571
  0.82265
  0.86222
  0.90456
  0.94933
  0.99503
  1.03799
  1.07399
  1.10200
  1.12343
  1.13285
  1.14126
  1.14666
  1.15070
  1.15153
  1.15214
  1.15221
  1.15226
  1.15227
  1.15228
  1.15229
 
  0.75172
  0.78630
  0.82188
  0.85867
  0.89667
  0.93591
  0.97645
  1.01838
  1.06189
  1.10708
  1.15409
  1.20322
  1.25503
  1.30951
  1.36465
  1.41563
  1.45736
  1.49009
  1.51423
  1.52284
  1.53196
  1.53987
  1.54523
  1.54634
  1.54742
  1.54755
  1.54764
  1.54766
  1.54765
  1.54761
 
  0.96985
  1.01425
  1.05937
  1.10543
  1.15238
  1.20021
  1.24895
  1.29875
  1.34987
  1.40242
  1.45644
  1.51213
  1.57003
  1.63005
  1.69002
  1.74510
  1.79027
  1.82596
  1.85273
  1.86259
  1.87317
  1.88251
  1.88961
  1.89119
  1.89266
  1.89284
  1.89297
  1.89300
  1.89299
  1.89293
 
  1.37757
  1.43844
  1.49899
  1.55954
  1.61989
  1.67993
  1.73971
  1.79957
  1.86007
  1.92128
  1.98306
  2.04539
  2.10856
  2.17231
  2.23468
  2.29184
  2.33998
  2.37972
  2.41168
  2.42459
  2.43828
  2.45020
  2.46057
  2.46306
  2.46521
  2.46547
  2.46568
  2.46572
  2.46572
  2.46568
 
  1.74702
  1.82091
  1.89284
  1.96328
  2.03208
  2.09921
  2.16481
  2.22941
  2.29392
  2.35844
  2.42291
  2.48703
  2.55038
  2.61227
  2.67151
  2.72659
  2.77577
  2.81789
  2.85344
  2.86994
  2.88654
  2.89987
  2.91322
  2.91651
  2.91914
  2.91949
  2.91975
  2.91978
  2.91982
  2.91981
 
  2.08034
  2.16597
  2.24676
  2.32365
  2.39697
  2.46743
  2.53533
  2.60138
  2.66670
  2.73128
  2.79485
  2.85690
  2.91712
  2.97513
  3.03022
  3.08205
  3.13015
  3.17353
  3.21227
  3.23082
  3.24959
  3.26472
  3.28008
  3.28393
  3.28699
  3.28741
  3.28770
  3.28773
  3.28777
  3.28782
 
  2.38238
  2.47776
  2.56520
  2.64611
  2.72145
  2.79272
  2.86046
  2.92550
  2.98920
  3.05150
  3.11204
  3.17024
  3.22597
  3.27911
  3.32939
  3.37742
  3.42368
  3.46734
  3.50823
  3.52827
  3.54865
  3.56511
  3.58196
  3.58622
  3.58959
  3.59004
  3.59038
  3.59042
  3.59046
  3.59053
 
  2.90654
  3.01678
  3.11264
  3.19655
  3.27089
  3.33887
  3.40146
  3.45984
  3.51574
  3.56926
  3.62018
  3.66816
  3.71338
  3.75619
  3.79696
  3.83733
  3.87885
  3.92107
  3.96353
  3.98511
  4.00721
  4.02515
  4.04366
  4.04839
  4.05213
  4.05264
  4.05299
  4.05303
  4.05308
  4.05318
 
  3.34677
  3.46730
  3.56706
  3.64957
  3.71873
  3.77952
  3.83337
  3.88173
  3.92673
  3.96878
  4.00809
  4.04479
  4.07931
  4.11234
  4.14453
  4.17783
  4.21408
  4.25318
  4.29468
  4.31633
  4.33869
  4.35693
  4.37586
  4.38072
  4.38456
  4.38508
  4.38546
  4.38551
  4.38556
  4.38565
 
  4.20431
  4.33853
  4.43712
  4.50653
  4.55440
  4.58993
  4.61591
  4.63490
  4.65033
  4.66314
  4.67402
  4.68387
  4.69403
  4.70604
  4.72061
  4.73867
  4.76133
  4.78947
  4.82309
  4.84143
  4.86078
  4.87697
  4.89394
  4.89828
  4.90178
  4.90224
  4.90258
  4.90262
  4.90267
  4.90269
 
  4.85210
  4.96637
  5.05264
  5.11383
  5.15023
  5.16385
  5.15895
  5.14296
  5.12517
  5.10826
  5.09328
  5.08138
  5.07409
  5.07263
  5.07642
  5.08288
  5.09034
  5.10274
  5.12518
  5.14008
  5.15450
  5.16512
  5.17843
  5.18194
  5.18452
  5.18483
  5.18513
  5.18514
  5.18522
  5.18514
 
  5.77957
  5.87247
  5.92764
  5.95035
  5.94210
  5.90661
  5.85051
  5.78426
  5.72012
  5.66188
  5.61046
  5.56660
  5.53125
  5.50455
  5.48531
  5.46926
  5.45328
  5.44176
  5.44057
  5.44380
  5.44623
  5.44718
  5.45114
  5.45226
  5.45292
  5.45301
  5.45313
  5.45312
  5.45316
  5.45300
 
  6.43784
  6.54631
  6.56975
  6.53046
  6.45370
  6.36601
  6.27402
  6.18132
  6.09195
  6.00808
  5.93132
  5.86241
  5.80198
  5.74980
  5.70589
  5.66876
  5.63694
  5.61012
  5.58772
  5.57802
  5.56936
  5.56355
  5.55854
  5.55735
  5.55642
  5.55631
  5.55625
  5.55625
  5.55625
  5.55610
 
  6.97571
  7.06134
  7.04895
  6.96669
  6.84586
  6.71830
  6.59126
  6.46781
  6.35144
  6.24362
  6.14516
  6.05590
  5.97626
  5.90581
  5.84438
  5.79032
  5.74192
  5.69864
  5.65941
  5.64099
  5.62349
  5.61064
  5.59854
  5.59566
  5.59338
  5.59308
  5.59287
  5.59284
  5.59282
  5.59277
 
  7.43105
  7.48851
  7.43925
  7.31643
  7.15595
  6.99355
  6.83653
  6.68710
  6.54790
  6.41972
  6.30241
  6.19515
  6.09832
  6.01170
  5.93485
  5.86580
  5.80269
  5.74523
  5.69220
  5.66668
  5.64188
  5.62317
  5.60523
  5.60096
  5.59756
  5.59711
  5.59677
  5.59672
  5.59669
  5.59677
 
  8.35311
  8.15486
  7.95139
  7.75320
  7.56012
  7.37236
  7.19011
  7.01345
  6.84302
  6.67996
  6.52471
  6.37766
  6.24010
  6.11378
  5.99977
  5.89991
  5.81518
  5.74210
  5.67952
  5.65540
  5.63791
  5.62208
  5.55669
  5.52596
  5.54007
  5.54653
  5.54323
  5.54120
  5.54444
  5.54276
 
  8.72615
  8.65530
  8.46589
  8.20436
  7.91693
  7.64632
  7.39862
  7.17271
  6.96728
  6.78041
  6.60751
  6.44554
  6.29530
  6.15805
  6.03273
  5.91679
  5.80833
  5.70828
  5.61529
  5.56955
  5.52423
  5.48906
  5.45471
  5.44652
  5.43996
  5.43907
  5.43840
  5.43830
  5.43825
  5.43855
 
  9.67972
  9.44278
  9.10440
  8.71443
  8.31852
  7.95652
  7.63225
  7.34335
  7.08665
  6.85547
  6.63960
  6.43297
  6.23830
  6.05840
  5.89292
  5.73834
  5.59261
  5.45697
  5.33046
  5.26872
  5.20773
  5.16042
  5.11386
  5.10237
  5.09325
  5.09208
  5.09120
  5.09107
  5.09099
  5.09093
 
 10.37267
  9.84670
  9.34772
  8.88508
  8.45621
  8.05943
  7.69316
  7.35640
  7.04861
  6.76795
  6.51190
  6.27724
  6.05930
  5.85512
  5.66597
  5.49140
  5.32938
  5.17050
  5.00756
  4.92833
  4.85759
  4.80921
  4.75465
  4.73923
  4.72865
  4.72766
  4.72654
  4.72637
  4.72622
  4.72567
 
 10.99681
 10.29824
  9.65367
  9.06542
  8.52775
  8.03755
  7.59253
  7.18937
  6.82545
  6.49741
  6.20096
  5.93092
  5.68002
  5.44319
  5.22081
  5.01336
  4.81777
  4.62535
  4.43046
  4.33661
  4.25315
  4.19596
  4.13054
  4.11172
  4.09906
  4.09791
  4.09661
  4.09643
  4.09615
  4.09524
 
 11.31856
 10.50301
  9.76633
  9.10131
  8.49993
  7.95654
  7.46735
  7.02682
  6.62956
  6.27098
  5.94609
  5.64886
  5.37102
  5.10686
  4.85683
  4.62219
  4.40272
  4.19451
  3.99594
  3.90089
  3.80698
  3.73350
  3.66169
  3.64372
  3.62939
  3.62771
  3.62628
  3.62610
  3.62595
  3.62574
 
 11.52645
 10.61950
  9.81606
  9.09780
  8.45473
  7.87799
  7.36098
  6.89531
  6.47275
  6.08846
  5.73838
  5.41791
  5.12107
  4.84325
  4.58301
  4.33777
  4.10559
  3.88446
  3.67457
  3.57390
  3.47330
  3.39338
  3.31593
  3.29742
  3.28271
  3.28091
  3.27921
  3.27895
  3.27886
  3.28006
 
 11.65831
 10.68909
  9.84068
  9.08479
  8.41116
  7.80952
  7.27125
  6.78672
  6.34665
  5.94583
  5.58027
  5.24551
  4.93594
  4.64715
  4.37734
  4.12337
  3.88289
  3.65370
  3.43472
  3.32890
  3.22283
  3.13830
  3.05626
  3.03686
  3.02164
  3.01975
  3.01784
  3.01753
  3.01747
  3.01949
 
 11.80806
 10.75642
  9.85134
  9.04816
  8.33624
  7.70401
  7.13982
  6.63248
  6.17173
  5.75205
  5.36918
  5.01851
  4.69439
  4.39231
  4.10994
  3.84357
  3.58996
  3.34699
  3.11201
  2.99745
  2.88332
  2.79260
  2.70202
  2.68006
  2.66250
  2.66028
  2.65835
  2.65817
  2.65794
  2.65883
 
 11.86967
 10.77321
  9.84001
  9.01339
  8.28256
  7.63493
  7.05761
  6.53870
  6.06778
  5.63911
  5.24816
  4.88996
  4.55853
  4.24900
  3.95868
  3.68335
  3.41927
  3.16430
  2.91602
  2.79390
  2.67187
  2.57462
  2.47633
  2.45077
  2.43041
  2.42812
  2.42627
  2.42601
  2.42581
  2.42407
 
 11.89405
 10.75226
  9.79765
  8.95356
  8.21022
  7.55050
  6.96226
  6.43376
  5.95499
  5.51992
  5.12349
  4.76008
  4.42290
  4.10634
  3.80705
  3.51986
  3.23959
  2.96177
  2.68216
  2.53968
  2.39331
  2.27344
  2.15301
  2.12214
  2.09697
  2.09404
  2.09178
  2.09149
  2.09117
  2.08911
 
 11.84761
 10.70547
  9.76138
  8.92591
  8.18959
  7.53306
  6.94584
  6.41731
  5.93852
  5.50354
  5.10723
  4.74391
  4.40668
  4.08961
  3.78873
  3.49769
  3.20951
  2.91638
  2.60884
  2.44560
  2.27061
  2.12200
  1.97769
  1.94437
  1.91748
  1.91395
  1.91053
  1.91002
  1.90980
  1.91295
 
 11.70492
 10.60507
  9.70911
  8.91157
  8.20020
  7.55937
  6.98211
  6.46152
  5.99162
  5.56647
  5.17982
  4.82448
  4.49135
  4.17347
  3.86809
  3.57123
  3.27494
  2.96158
  2.60946
  2.41173
  2.19249
  1.99705
  1.79327
  1.74859
  1.72706
  1.72471
  1.71732
  1.71558
  1.71712
  1.72913
 
 11.60584
 10.52791
  9.66871
  8.90639
  8.22333
  7.60596
  7.04725
  6.54012
  6.07854
  5.65788
  5.27380
  4.92146
  4.59489
  4.28813
  3.99535
  3.70651
  3.40774
  3.07751
  2.68630
  2.45540
  2.18919
  1.94631
  1.70043
  1.65245
  1.62978
  1.62657
  1.61691
  1.61474
  1.61716
  1.63412
 
 11.51459
 10.46464
  9.64236
  8.91110
  8.25208
  7.65400
  7.11088
  6.61664
  6.16601
  5.75479
  5.37891
  5.03378
  4.71358
  4.41242
  4.12407
  3.83772
  3.53768
  3.19802
  2.78135
  2.52682
  2.22403
  1.94172
  1.64948
  1.59246
  1.57210
  1.56956
  1.55729
  1.55439
  1.55814
  1.57645
 
 11.44144
 10.41427
  9.62366
  8.91818
  8.28010
  7.69933
  7.17069
  6.68872
  6.24880
  5.84695
  5.47933
  5.14145
  4.82759
  4.53179
  4.24771
  3.96410
  3.66399
  3.31816
  2.88237
  2.60867
  2.27458
  1.95675
  1.62089
  1.55431
  1.53491
  1.53295
  1.51847
  1.51493
  1.51985
  1.53793
 
 11.33177
 10.33988
  9.60002
  8.93499
  8.33116
  7.77946
  7.27584
  6.81566
  6.39502
  6.01038
  5.65814
  5.33398
  5.03219
  4.74677
  4.47132
  4.19416
  3.89655
  3.54408
  3.08086
  2.77706
  2.39177
  2.01450
  1.60483
  1.51712
  1.48554
  1.48444
  1.47310
  1.47015
  1.47605
  1.48987
 
 11.25391
 10.28956
  9.58763
  8.95312
  8.37554
  7.84664
  7.36304
  6.92074
  6.51636
  6.14664
  5.80806
  5.49635
  5.20561
  4.92972
  4.66233
  4.39175
  4.09834
  3.74479
  3.26621
  2.94150
  2.51640
  2.08837
  1.61021
  1.50343
  1.46056
  1.45886
  1.44686
  1.44365
  1.44924
  1.46096
 
 11.17025
 10.23697
  9.58334
  8.99147
  8.45326
  7.96158
  7.51341
  7.10518
  6.73377
  6.39574
  6.08706
  5.80238
  5.53395
  5.27483
  5.02078
  4.76399
  4.48751
  4.15094
  3.67099
  3.31792
  2.81767
  2.28861
  1.66594
  1.50332
  1.44200
  1.43489
  1.41046
  1.40856
  1.40654
  1.42107
 
 11.11311
 10.20698
  9.58765
  9.02614
  8.51504
  8.04825
  7.62309
  7.23640
  6.88540
  6.56693
  6.27722
  6.01110
  5.76082
  5.51940
  5.28263
  5.04255
  4.78144
  4.45627
  3.97625
  3.61245
  3.08363
  2.50090
  1.75161
  1.53689
  1.43200
  1.42057
  1.39429
  1.39154
  1.38964
  1.40023
 
 11.02179
 10.16901
  9.60512
  9.08797
  8.61266
  8.17552
  7.77556
  7.41166
  7.08302
  6.78738
  6.52164
  6.28134
  6.05953
  5.84928
  5.64473
  5.43411
  5.19715
  4.89427
  4.43315
  4.06984
  3.51855
  2.86613
  1.93353
  1.65116
  1.42535
  1.39958
  1.38112
  1.37802
  1.37394
  1.37904
 
 11.00139
 10.16598
  9.62390
  9.12577
  8.66778
  8.24698
  7.86273
  7.51446
  7.20179
  6.92279
  6.67450
  6.45270
  6.25048
  6.06094
  5.87837
  5.69078
  5.47820
  5.20278
  4.77131
  4.41943
  3.86613
  3.17749
  2.10664
  1.75332
  1.43904
  1.39867
  1.37275
  1.36950
  1.36243
  1.36845
 
 10.99949
 10.17082
  9.63893
  9.15109
  8.70369
  8.29390
  7.92080
  7.58358
  7.28159
  7.01332
  6.77656
  6.56810
  6.38246
  6.21328
  6.05306
  5.88535
  5.68676
  5.42241
  5.00937
  4.67946
  4.16507
  3.48352
  2.26676
  1.83601
  1.45652
  1.40615
  1.36785
  1.36187
  1.35941
  1.36218
 
 10.99473
 10.17488
  9.65152
  9.17156
  8.73172
  8.32945
  7.96391
  7.63433
  7.34016
  7.08005
  6.85209
  6.65339
  6.47888
  6.32270
  6.17784
  6.02839
  5.85088
  5.60841
  5.21668
  4.89862
  4.39778
  3.71808
  2.42727
  1.93059
  1.47226
  1.41049
  1.36583
  1.35861
  1.35564
  1.35807
 
 10.98643
 10.18179
  9.66984
  9.20010
  8.76979
  8.37694
  8.02107
  7.70179
  7.41891
  7.17126
  6.95699
  6.77317
  6.61459
  6.47562
  6.35079
  6.22676
  6.08248
  5.88138
  5.53933
  5.24884
  4.77300
  4.09410
  2.70348
  2.11916
  1.51059
  1.42092
  1.36271
  1.35785
  1.34826
  1.35297
 
 11.00284
 10.19508
  9.68110
  9.21288
  8.78708
  8.40116
  8.05382
  7.74367
  7.46948
  7.22996
  7.02350
  6.84737
  6.69661
  6.56701
  6.45701
  6.36090
  6.25987
  6.09725
  5.77180
  5.49234
  5.05193
  4.40962
  2.95262
  2.28419
  1.54696
  1.43728
  1.36347
  1.35500
  1.34736
  1.34984
 
 10.97905
 10.19632
  9.69638
  9.23995
  8.82421
  8.44724
  8.10798
  7.80541
  7.53881
  7.30774
  7.11172
  6.94973
  6.81945
  6.71801
  6.64133
  6.57690
  6.50479
  6.39053
  6.15351
  5.92991
  5.54809
  4.95771
  3.46387
  2.64324
  1.64325
  1.48761
  1.36791
  1.35570
  1.33932
  1.34553
 
 10.96096
 10.20026
  9.70626
  9.25440
  8.84241
  8.46887
  8.13305
  7.83450
  7.57311
  7.34852
  7.16025
  7.00717
  6.88672
  6.79639
  6.73390
  6.69019
  6.64867
  6.57519
  6.39535
  6.21023
  5.86918
  5.32257
  3.85809
  2.96125
  1.73591
  1.53260
  1.37562
  1.35777
  1.34105
  1.34335
 
 10.92058
 10.20473
  9.71556
  9.26760
  8.85931
  8.48978
  8.15846
  7.86510
  7.60974
  7.39217
  7.21203
  7.06840
  6.95899
  6.88179
  6.83567
  6.81325
  6.80245
  6.78084
  6.68421
  6.55179
  6.27364
  5.79921
  4.43344
  3.45957
  1.91566
  1.63710
  1.39253
  1.36564
  1.33745
  1.34117
 
 10.88594
 10.20608
  9.71957
  9.27424
  8.86837
  8.50099
  8.17184
  7.88119
  7.62949
  7.41620
  7.24021
  7.10042
  6.99548
  6.92457
  6.88803
  6.88092
  6.89271
  6.89745
  6.83277
  6.73267
  6.53010
  6.16024
  4.83674
  3.78379
  2.10036
  1.76115
  1.40839
  1.35903
  1.34173
  1.34010
 
 10.85998
 10.20715
  9.72260
  9.27864
  8.87393
  8.50781
  8.18010
  7.89115
  7.64144
  7.43045
  7.25709
  7.12030
  7.01882
  6.95208
  6.92092
  6.92137
  6.94481
  6.96950
  6.93965
  6.86523
  6.69748
  6.37610
  5.15213
  4.09416
  2.25520
  1.85903
  1.42959
  1.36687
  1.34528
  1.33947
 
 10.84176
 10.20809
  9.72483
  9.28162
  8.87757
  8.51238
  8.18587
  7.89825
  7.64992
  7.44034
  7.26851
  7.13353
  7.03456
  6.97125
  6.94413
  6.94839
  6.97689
  7.01759
  7.02290
  6.96872
  6.81493
  6.51381
  5.40270
  4.37237
  2.39809
  1.94861
  1.45338
  1.37850
  1.34504
  1.33906
 
 10.81937
 10.20907
  9.72730
  9.28515
  8.88215
  8.51831
  8.19340
  7.90746
  7.66081
  7.45296
  7.28307
  7.15048
  7.05461
  6.99538
  6.97353
  6.98449
  7.02235
  7.07939
  7.11930
  7.09602
  6.98648
  6.74019
  5.75980
  4.78573
  2.67356
  2.12671
  1.49649
  1.39654
  1.35118
  1.33854
 
 10.80479
 10.20973
  9.72907
  9.28759
  8.88523
  8.52223
  8.19825
  7.91313
  7.66701
  7.45977
  7.29123
  7.16095
  7.06766
  7.01085
  6.99163
  7.00650
  7.05027
  7.11475
  7.17628
  7.18085
  7.10941
  6.88550
  5.97407
  5.13469
  2.93018
  2.27978
  1.53756
  1.42580
  1.34636
  1.33823
 
 10.78375
 10.21053
  9.73082
  9.29016
  8.88880
  8.52713
  8.20466
  7.92102
  7.67611
  7.47001
  7.30292
  7.17466
  7.08395
  7.03039
  7.01545
  7.03624
  7.08890
  7.16813
  7.25616
  7.28655
  7.27094
  7.13177
  6.38431
  5.65515
  3.45071
  2.64769
  1.64032
  1.47401
  1.35764
  1.33781
 
 10.77186
 10.21083
  9.73168
  9.29161
  8.89080
  8.52965
  8.20771
  7.92463
  7.68036
  7.47502
  7.30882
  7.18165
  7.09230
  7.04041
  7.02768
  7.05154
  7.10885
  7.19611
  7.29820
  7.34165
  7.35555
  7.26692
  6.63874
  5.99616
  3.85679
  2.95756
  1.73874
  1.52403
  1.36948
  1.33759
 
 10.75928
 10.21101
  9.73247
  9.29312
  8.89295
  8.53221
  8.21055
  7.92785
  7.68426
  7.47990
  7.31478
  7.18873
  7.10070
  7.05053
  7.04006
  7.06703
  7.12905
  7.22474
  7.34182
  7.39845
  7.44106
  7.40816
  6.94538
  6.42686
  4.45665
  3.45098
  1.92223
  1.62475
  1.39304
  1.33736
 
 10.75316
 10.21115
  9.73262
  9.29349
  8.89364
  8.53322
  8.21191
  7.92973
  7.68689
  7.48317
  7.31811
  7.19160
  7.10377
  7.05531
  7.04735
  7.07585
  7.13742
  7.23455
  7.36821
  7.44081
  7.48432
  7.44054
  7.12531
  6.79734
  4.84039
  3.77321
  2.09692
  1.74674
  1.41625
  1.33724
 
 10.76753
 10.21741
  9.73194
  9.28982
  8.88956
  8.52994
  8.21012
  7.92953
  7.68789
  7.48512
  7.32107
  7.19509
  7.10500
  7.05082
  7.03804
  7.07258
  7.15592
  7.26796
  7.38348
  7.44263
  7.50245
  7.52005
  7.25298
  6.86841
  5.19064
  4.14360
  2.26000
  1.82261
  1.43633
  1.33718
 
 10.76455
 10.21749
  9.73215
  9.29016
  8.89002
  8.53051
  8.21081
  7.93033
  7.68881
  7.48618
  7.32229
  7.19652
  7.10669
  7.05287
  7.04056
  7.07577
  7.16008
  7.27363
  7.39211
  7.45441
  7.52082
  7.55133
  7.33447
  6.99908
  5.43648
  4.39751
  2.41488
  1.92142
  1.45739
  1.33714
 
 10.74176
 10.21145
  9.73349
  9.29472
  8.89521
  8.53516
  8.21426
  7.93238
  7.68970
  7.48633
  7.32239
  7.19773
  7.11137
  7.06335
  7.05569
  7.08656
  7.15434
  7.25966
  7.39802
  7.47521
  7.55074
  7.59056
  7.44329
  7.17152
  5.79444
  4.79652
  2.69561
  2.11561
  1.49879
  1.33711
 
 10.73873
 10.21123
  9.73356
  9.29486
  8.89532
  8.53526
  8.21438
  7.93260
  7.69018
  7.48712
  7.32340
  7.19887
  7.11267
  7.06495
  7.05772
  7.08909
  7.15755
  7.26439
  7.40486
  7.48363
  7.56554
  7.61745
  7.50780
  7.27739
  6.04120
  5.09774
  2.94604
  2.29788
  1.53730
  1.33711
 
