  0.51077
  0.53333
  0.55750
  0.58332
  0.61061
  0.63914
  0.66890
  0.69992
  0.73228
  0.76615
  0.80194
  0.83995
  0.88016
  0.92219
  0.96489
  1.00567
  1.04149
  1.07140
  1.09490
  1.10426
  1.11272
  1.11884
  1.12502
  1.12651
  1.12769
  1.12784
  1.12795
  1.12797
  1.12798
  1.12766
 
  0.73155
  0.76561
  0.80070
  0.83701
  0.87453
  0.91328
  0.95327
  0.99452
  1.03715
  1.08119
  1.12673
  1.17400
  1.22351
  1.27530
  1.32773
  1.37702
  1.41905
  1.45373
  1.48078
  1.49103
  1.50148
  1.51032
  1.51802
  1.51986
  1.52148
  1.52162
  1.52173
  1.52183
  1.52185
  1.51324
 
  0.94563
  0.98935
  1.03383
  1.07928
  1.12565
  1.17287
  1.22094
  1.26995
  1.32008
  1.37140
  1.42387
  1.47771
  1.53342
  1.59102
  1.64871
  1.70251
  1.74827
  1.78623
  1.81656
  1.82856
  1.84105
  1.85175
  1.86120
  1.86346
  1.86545
  1.86564
  1.86579
  1.86589
  1.86591
  1.85767
 
  1.34636
  1.40633
  1.46605
  1.52582
  1.58543
  1.64477
  1.70383
  1.76292
  1.82249
  1.88259
  1.94308
  2.00393
  2.06548
  2.12758
  2.18856
  2.24523
  2.29442
  2.33671
  2.37258
  2.38791
  2.40392
  2.41754
  2.43011
  2.43318
  2.43579
  2.43610
  2.43635
  2.43639
  2.43641
  2.43647
 
  1.71005
  1.78289
  1.85390
  1.92353
  1.99159
  2.05805
  2.12302
  2.18698
  2.25079
  2.31455
  2.37815
  2.44132
  2.50370
  2.56473
  2.62342
  2.67865
  2.72909
  2.77380
  2.81315
  2.83181
  2.85063
  2.86574
  2.88101
  2.88475
  2.88779
  2.88833
  2.88861
  2.88846
  2.88858
  2.89690
 
  2.03865
  2.12310
  2.20295
  2.27905
  2.35173
  2.42164
  2.48906
  2.55469
  2.61962
  2.68383
  2.74701
  2.80868
  2.86858
  2.92639
  2.98154
  3.03399
  3.08355
  3.12936
  3.17148
  3.19192
  3.21264
  3.22937
  3.24642
  3.25059
  3.25403
  3.25469
  3.25500
  3.25473
  3.25493
  3.26900
 
  2.33679
  2.43091
  2.51741
  2.59763
  2.67249
  2.74337
  2.81082
  2.87569
  2.93930
  3.00162
  3.06225
  3.12060
  3.17655
  3.23003
  3.28086
  3.32984
  3.37766
  3.42358
  3.46735
  3.48899
  3.51100
  3.52882
  3.54709
  3.55159
  3.55529
  3.55604
  3.55636
  3.55604
  3.55626
  3.57314
 
  2.85506
  2.96395
  3.05902
  3.14254
  3.21678
  3.28479
  3.34753
  3.40622
  3.46262
  3.51683
  3.56862
  3.61757
  3.66385
  3.70776
  3.74972
  3.79144
  3.83454
  3.87858
  3.92307
  3.94569
  3.96885
  3.98767
  4.00713
  4.01199
  4.01595
  4.01670
  4.01705
  4.01677
  4.01697
  4.03153
 
  3.29124
  3.41045
  3.50962
  3.59213
  3.66164
  3.72291
  3.77735
  3.82646
  3.87245
  3.91570
  3.95642
  3.99465
  4.03075
  4.06534
  4.09907
  4.13387
  4.17161
  4.21216
  4.25503
  4.27733
  4.30031
  4.31907
  4.33855
  4.34349
  4.34745
  4.34807
  4.34845
  4.34837
  4.34847
  4.35481
 
  4.14341
  4.27655
  4.37528
  4.44571
  4.49505
  4.53208
  4.55955
  4.58010
  4.59730
  4.61208
  4.62516
  4.63730
  4.64969
  4.66372
  4.68003
  4.69959
  4.72346
  4.75241
  4.78649
  4.80503
  4.82453
  4.84075
  4.85765
  4.86197
  4.86551
  4.86582
  4.86609
  4.86634
  4.86635
  4.85088
 
  4.78903
  4.90379
  4.99107
  5.05367
  5.09187
  5.10758
  5.10502
  5.09148
  5.07614
  5.06166
  5.04905
  5.03946
  5.03439
  5.03501
  5.04066
  5.04856
  5.05689
  5.06981
  5.09264
  5.10770
  5.12224
  5.13288
  5.14596
  5.14937
  5.15200
  5.15215
  5.15230
  5.15257
  5.15266
  5.12523
 
  5.71793
  5.81248
  5.86989
  5.89520
  5.88986
  5.85748
  5.80458
  5.74146
  5.68022
  5.62465
  5.57564
  5.53398
  5.50070
  5.47594
  5.45841
  5.44359
  5.42821
  5.41717
  5.41690
  5.42077
  5.42381
  5.42510
  5.42908
  5.43017
  5.43093
  5.43086
  5.43082
  5.43108
  5.43117
  5.40227
 
  6.39958
  6.46457
  6.48666
  6.47312
  6.42648
  6.35168
  6.25682
  6.15403
  6.05718
  5.97031
  5.89415
  5.82857
  5.77374
  5.72854
  5.69134
  5.65703
  5.62187
  5.59088
  5.57070
  5.56462
  5.55744
  5.55046
  5.54638
  5.54547
  5.54457
  5.54434
  5.54417
  5.54434
  5.54440
  5.52413
 
  6.92175
  7.00903
  7.00021
  6.92261
  6.80666
  6.68348
  6.56022
  6.44010
  6.32676
  6.22168
  6.12573
  6.03873
  5.96118
  5.89265
  5.83283
  5.77978
  5.73175
  5.68914
  5.65178
  5.63462
  5.61839
  5.60645
  5.59504
  5.59229
  5.59017
  5.58981
  5.58957
  5.58967
  5.58963
  5.58006
 
  7.38034
  7.44001
  7.39484
  7.27711
  7.12184
  6.96400
  6.81095
  6.66501
  6.52905
  6.40390
  6.28930
  6.18445
  6.08981
  6.00515
  5.92993
  5.86191
  5.79919
  5.74245
  5.69137
  5.66715
  5.64370
  5.62601
  5.60895
  5.60489
  5.60164
  5.60122
  5.60091
  5.60085
  5.60081
  5.60140
 
  8.30609
  8.11328
  7.91523
  7.72218
  7.53399
  7.35084
  7.17293
  7.00034
  6.83368
  6.67411
  6.52202
  6.37783
  6.24280
  6.11862
  6.00638
  5.90790
  5.82419
  5.75199
  5.69043
  5.66694
  5.65029
  5.63553
  5.57244
  5.54250
  5.55623
  5.56271
  5.55951
  5.55721
  5.56052
  5.57346
 
  8.68590
  8.61950
  8.43570
  8.18008
  7.89821
  7.63242
  7.38891
  7.16683
  6.96513
  6.78186
  6.61236
  6.45349
  6.30603
  6.17119
  6.04785
  5.93338
  5.82590
  5.72695
  5.63582
  5.59124
  5.54721
  5.51318
  5.48002
  5.47211
  5.46568
  5.46501
  5.46447
  5.46410
  5.46406
  5.48468
 
  9.77932
  9.38380
  8.99885
  8.63577
  8.29357
  7.97141
  7.66873
  7.38559
  7.12221
  6.87827
  6.65284
  6.44454
  6.25161
  6.07356
  5.91158
  5.76565
  5.63397
  5.50589
  5.37182
  5.30525
  5.24473
  5.20272
  5.15770
  5.14591
  5.13694
  5.13608
  5.13519
  5.13484
  5.13492
  5.14547
 
 10.34975
  9.83196
  9.34039
  8.88418
  8.46092
  8.06896
  7.70687
  7.37369
  7.06898
  6.79100
  6.53737
  6.30502
  6.08956
  5.88817
  5.70216
  5.53111
  5.37291
  5.21774
  5.05788
  4.97998
  4.91068
  4.86358
  4.81025
  4.79506
  4.78475
  4.78373
  4.78258
  4.78247
  4.78235
  4.77595
 
 10.98231
 10.29343
  9.65721
  9.07588
  8.54398
  8.05853
  7.61739
  7.21740
  6.85605
  6.53019
  6.23571
  5.96768
  5.71915
  5.48531
  5.26660
  5.06351
  4.87288
  4.68534
  4.49453
  4.40239
  4.32060
  4.26476
  4.20053
  4.18189
  4.16947
  4.16831
  4.16694
  4.16681
  4.16658
  4.15923
 
 11.27463
 10.52431
  9.80383
  9.12782
  8.51095
  7.96452
  7.48271
  7.05428
  6.66804
  6.31675
  5.99323
  5.69228
  5.41202
  5.15096
  4.90788
  4.68013
  4.46475
  4.26011
  4.06548
  3.97170
  3.87959
  3.80801
  3.73689
  3.71913
  3.70502
  3.70323
  3.70188
  3.70167
  3.70156
  3.70270
 
 11.51375
 10.61897
  9.82496
  9.11401
  8.47662
  7.90434
  7.39089
  6.92828
  6.50863
  6.12724
  5.78015
  5.46280
  5.16928
  4.89502
  4.63855
  4.39720
  4.16889
  3.95145
  3.74494
  3.64584
  3.54667
  3.46776
  3.39120
  3.37286
  3.35825
  3.35648
  3.35483
  3.35455
  3.35446
  3.35721
 
 11.64537
 10.68727
  9.84749
  9.09874
  8.43095
  7.83419
  7.30009
  6.81927
  6.38272
  5.98533
  5.62315
  5.29176
  4.98559
  4.70019
  4.43378
  4.18320
  3.94602
  3.71994
  3.50378
  3.39924
  3.29426
  3.21043
  3.12909
  3.10988
  3.09469
  3.09279
  3.09097
  3.09070
  3.09061
  3.09211
 
 11.78806
 10.74828
  9.85249
  9.05712
  8.35174
  7.72503
  7.16562
  6.66247
  6.20556
  5.78943
  5.40990
  5.06244
  4.74144
  4.44241
  4.16299
  3.89938
  3.64830
  3.40787
  3.17551
  3.06203
  2.94825
  2.85737
  2.76741
  2.74528
  2.72781
  2.72572
  2.72380
  2.72353
  2.72341
  2.72286
 
 11.84936
 10.76252
  9.83686
  9.01687
  8.29184
  7.64934
  7.07666
  6.56205
  6.09515
  5.67030
  5.28299
  4.92828
  4.60018
  4.29377
  4.00636
  3.73369
  3.47191
  3.21887
  2.97210
  2.85060
  2.72910
  2.63215
  2.53379
  2.50813
  2.48779
  2.48552
  2.48362
  2.48331
  2.48313
  2.48249
 
 11.86288
 10.73243
  9.78576
  8.94804
  8.20975
  7.55415
  6.96943
  6.44413
  5.96847
  5.53650
  5.14322
  4.78307
  4.44926
  4.13618
  3.84040
  3.55647
  3.27899
  3.00326
  2.72487
  2.58274
  2.43671
  2.31708
  2.19652
  2.16550
  2.14035
  2.13744
  2.13511
  2.13475
  2.13446
  2.13419
 
 11.80754
 10.67908
  9.74383
  8.91463
  8.18262
  7.52912
  6.94412
  6.41757
  5.94092
  5.50839
  5.11488
  4.75473
  4.42110
  4.10805
  3.81145
  3.52461
  3.24016
  2.94981
  2.64364
  2.48060
  2.30574
  2.15729
  2.01342
  1.98025
  1.95322
  1.94965
  1.94638
  1.94598
  1.94571
  1.94666
 
 11.65955
 10.56959
  9.67978
  8.88716
  8.17968
  7.54211
  6.96755
  6.44926
  5.98145
  5.55826
  5.17361
  4.82056
  4.49029
  4.17600
  3.87495
  3.58304
  3.29208
  2.98356
  2.63478
  2.43793
  2.21896
  2.02345
  1.82063
  1.77657
  1.75493
  1.75261
  1.74588
  1.74443
  1.74584
  1.75589
 
 11.54436
 10.48691
  9.63906
  8.88291
  8.20230
  7.58498
  7.02501
  6.51661
  6.05482
  5.63517
  5.25326
  4.90421
  4.58201
  4.28064
  3.99408
  3.71188
  3.41955
  3.09445
  2.70596
  2.47552
  2.20956
  1.96721
  1.72396
  1.67712
  1.65377
  1.65062
  1.64222
  1.64052
  1.64278
  1.66111
 
 11.44739
 10.41949
  9.60908
  8.88395
  8.22698
  7.62827
  7.08315
  6.58690
  6.13557
  5.72512
  5.35138
  5.00962
  4.69399
  4.39844
  4.11664
  3.83739
  3.54437
  3.21048
  2.79713
  2.54335
  2.24110
  1.95966
  1.67088
  1.61528
  1.59396
  1.59153
  1.58109
  1.57882
  1.58240
  1.60338
 
 11.37005
 10.36582
  9.58735
  8.88800
  8.25176
  7.67001
  7.13894
  6.65460
  6.21374
  5.81257
  5.44711
  5.11271
  4.80351
  4.51341
  4.23598
  3.95964
  3.66685
  3.32722
  2.89527
  2.62259
  2.28938
  1.97275
  1.64105
  1.57610
  1.55552
  1.55371
  1.54154
  1.53881
  1.54353
  1.56442
 
 11.25527
 10.28695
  9.55911
  8.90013
  8.29795
  7.74502
  7.23867
  6.77585
  6.35415
  5.97021
  5.62023
  5.29969
  5.00263
  4.72287
  4.45395
  4.18400
  3.89379
  3.54786
  3.08924
  2.78717
  2.40373
  2.02863
  1.62352
  1.53720
  1.50544
  1.50466
  1.49535
  1.49324
  1.50012
  1.51542
 
 11.17467
 10.23356
  9.54331
  8.91471
  8.33878
  7.80868
  7.32239
  6.87751
  6.47218
  6.10325
  5.76702
  5.45896
  5.17290
  4.90247
  4.64134
  4.37767
  4.09153
  3.74465
  3.27132
  2.94886
  2.52627
  2.10106
  1.62821
  1.52299
  1.48014
  1.47887
  1.46920
  1.46696
  1.47362
  1.48591
 
 11.10048
 10.17740
  9.52782
  8.93920
  8.40359
  7.91402
  7.46754
  7.06070
  6.69048
  6.35354
  6.04609
  5.76300
  5.49697
  5.24139
  4.99211
  4.74146
  4.47239
  4.14396
  3.67175
  3.32173
  2.82329
  2.29642
  1.68301
  1.52402
  1.46153
  1.45409
  1.43393
  1.43464
  1.43039
  1.44602
 
 11.04148
 10.14517
  9.52966
  8.97124
  8.46271
  7.99810
  7.57480
  7.18971
  6.84011
  6.52296
  6.23464
  5.97015
  5.72208
  5.48374
  5.25103
  5.01615
  4.76153
  4.44398
  3.97224
  3.61227
  3.08636
  2.50690
  1.76777
  1.55685
  1.45257
  1.44120
  1.41859
  1.41803
  1.41425
  1.42589
 
 10.94238
 10.10476
  9.54743
  9.03441
  8.56138
  8.12523
  7.72552
  7.36181
  7.03397
  6.73983
  6.47615
  6.23838
  6.01936
  5.81205
  5.61072
  5.40387
  5.17151
  4.87437
  4.42066
  4.06214
  3.51679
  2.87074
  1.94803
  1.66914
  1.44770
  1.42314
  1.40661
  1.40400
  1.40045
  1.40584
 
 10.92400
 10.10116
  9.56421
  9.06972
  8.61419
  8.19501
  7.81189
  7.46461
  7.15319
  6.87574
  6.62927
  6.40947
  6.20933
  6.02195
  5.84171
  5.65696
  5.44810
  5.17777
  4.75371
  4.40693
  3.86021
  3.17880
  2.11953
  1.77062
  1.46229
  1.42335
  1.39909
  1.39611
  1.38926
  1.39570
 
 10.92320
 10.10592
  9.57837
  9.09380
  8.64889
  8.24102
  7.86947
  7.53366
  7.23323
  6.96664
  6.73165
  6.52495
  6.34094
  6.17323
  6.01448
  5.84867
  5.65300
  5.39335
  4.98797
  4.66353
  4.15603
  3.48178
  2.27720
  1.85240
  1.48066
  1.43169
  1.39455
  1.38879
  1.38628
  1.38959
 
 10.91979
 10.11002
  9.59026
  9.11334
  8.67611
  8.27609
  7.91253
  7.58474
  7.29226
  7.03374
  6.80729
  6.60996
  6.43670
  6.28166
  6.13797
  5.99004
  5.81486
  5.57641
  5.19182
  4.87918
  4.38562
  3.71400
  2.43626
  1.94573
  1.49654
  1.43654
  1.39283
  1.38546
  1.38281
  1.38553
 
 10.91282
 10.11706
  9.60800
  9.14106
  8.71343
  8.32314
  7.96964
  7.65247
  7.37139
  7.12523
  6.91215
  6.72928
  6.57146
  6.43321
  6.30909
  6.18604
  6.04340
  5.84543
  5.50942
  5.22396
  4.75547
  4.08534
  2.70974
  2.13259
  1.53439
  1.44663
  1.38981
  1.38498
  1.37568
  1.38047
 
 10.92865
 10.13029
  9.61956
  9.15428
  8.73112
  8.34759
  8.00238
  7.69412
  7.42156
  7.18346
  6.97818
  6.80302
  6.65303
  6.52405
  6.41458
  6.31899
  6.21889
  6.05843
  5.73810
  5.46328
  5.03021
  4.39731
  2.95647
  2.29540
  1.56975
  1.46234
  1.39049
  1.38207
  1.37489
  1.37740
 
 10.90552
 10.13161
  9.63472
  9.18109
  8.76795
  8.39339
  8.05629
  7.75566
  7.49069
  7.26095
  7.06599
  6.90481
  6.77506
  6.67397
  6.59746
  6.53317
  6.46142
  6.34815
  6.11422
  5.89423
  5.51888
  4.93756
  3.46210
  2.65099
  1.66303
  1.51004
  1.39439
  1.38303
  1.36683
  1.37330
 
 10.88741
 10.13543
  9.64464
  9.19566
  8.78626
  8.41504
  8.08129
  7.78454
  7.52466
  7.30133
  7.11406
  6.96173
  6.84183
  6.75184
  6.68952
  6.64585
  6.60436
  6.53120
  6.35306
  6.17046
  5.83492
  5.29708
  3.85203
  2.96553
  1.75352
  1.55315
  1.40166
  1.38534
  1.36849
  1.37127
 
 10.84789
 10.13999
  9.65405
  9.20899
  8.80320
  8.43583
  8.10635
  7.81464
  7.56084
  7.34465
  7.16560
  7.02271
  6.91375
  6.83685
  6.79086
  6.76837
  6.75733
  6.73546
  6.63924
  6.50805
  6.23356
  5.76637
  4.42051
  3.45822
  1.93104
  1.65647
  1.41833
  1.39289
  1.36495
  1.36923
 
 10.81426
 10.14141
  9.65801
  9.21546
  8.81207
  8.44686
  8.11965
  7.83070
  7.58051
  7.36852
  7.19359
  7.05460
  6.95021
  6.87961
  6.84312
  6.83584
  6.84726
  6.85151
  6.78669
  6.68729
  6.48715
  6.12277
  4.81782
  3.77780
  2.11500
  1.78049
  1.43385
  1.38570
  1.36909
  1.36821
 
 10.78899
 10.14247
  9.66093
  9.21972
  8.81750
  8.45361
  8.12788
  7.84064
  7.59246
  7.38277
  7.21045
  7.07445
  6.97351
  6.90707
  6.87595
  6.87619
  6.89924
  6.92335
  6.89303
  6.81889
  6.65278
  6.33577
  5.12887
  4.08423
  2.26865
  1.87779
  1.45476
  1.39326
  1.37261
  1.36761
 
 10.77088
 10.14198
  9.66203
  9.22259
  8.82218
  8.45999
  8.13563
  7.84919
  7.60097
  7.39112
  7.21962
  7.08613
  6.98908
  6.92735
  6.90098
  6.90432
  6.92955
  6.96586
  6.97743
  6.93417
  6.77719
  6.44243
  5.34453
  4.42000
  2.41016
  1.94504
  1.47594
  1.41842
  1.36735
  1.36720
 
 10.74950
 10.14431
  9.66550
  9.22613
  8.82569
  8.46412
  8.14121
  7.85703
  7.61185
  7.40526
  7.23638
  7.10455
  7.00920
  6.95026
  6.92839
  6.93915
  6.97657
  7.03301
  7.07208
  7.04844
  6.93929
  6.69563
  5.72879
  4.76650
  2.68143
  2.14206
  1.52031
  1.42201
  1.37849
  1.36669
 
 10.73524
 10.14497
  9.66724
  9.22855
  8.82876
  8.46808
  8.14613
  7.86277
  7.61812
  7.41208
  7.24451
  7.11497
  7.02221
  6.96567
  6.94647
  6.96109
  7.00438
  7.06817
  7.12895
  7.13319
  7.06156
  6.83904
  5.93992
  5.11198
  2.93381
  2.29209
  1.56039
  1.45093
  1.37354
  1.36639
 
 10.71470
 10.14577
  9.66899
  9.23116
  8.83240
  8.47303
  8.15259
  7.87069
  7.62723
  7.42232
  7.25617
  7.12863
  7.03844
  6.98513
  6.97016
  6.99071
  7.04287
  7.12137
  7.20856
  7.23858
  7.22257
  7.08368
  6.34410
  5.62544
  3.44661
  2.65399
  1.66091
  1.49799
  1.38437
  1.36599
 
 10.70299
 10.14607
  9.66984
  9.23259
  8.83437
  8.47552
  8.15558
  7.87422
  7.63143
  7.42731
  7.26209
  7.13564
  7.04675
  6.99511
  6.98238
  7.00597
  7.06277
  7.14928
  7.25047
  7.29346
  7.30694
  7.21813
  6.59514
  5.96182
  3.84764
  2.95977
  1.75760
  1.54680
  1.39589
  1.36579
 
 10.69062
 10.14626
  9.67065
  9.23406
  8.83644
  8.47795
  8.15827
  7.87729
  7.63523
  7.43214
  7.26803
  7.14272
  7.05515
  7.00521
  6.99471
  7.02141
  7.08294
  7.17785
  7.29393
  7.35003
  7.39217
  7.35888
  6.89841
  6.38665
  4.44173
  3.44840
  1.93845
  1.64530
  1.41905
  1.36558
 
 10.68476
 10.14640
  9.67084
  9.23441
  8.83704
  8.47884
  8.15956
  7.87914
  7.63783
  7.43540
  7.27135
  7.14557
  7.05822
  7.00997
  7.00197
  7.03019
  7.09127
  7.18764
  7.32022
  7.39222
  7.43526
  7.39133
  7.07705
  6.75268
  4.82242
  3.76849
  2.11115
  1.76528
  1.44219
  1.36548
 
 10.69913
 10.15266
  9.67019
  9.23082
  8.83304
  8.47565
  8.15780
  7.87896
  7.63882
  7.43728
  7.27424
  7.14902
  7.05945
  7.00556
  6.99279
  7.02702
  7.10969
  7.22084
  7.33535
  7.39403
  7.45351
  7.47071
  7.20325
  6.82265
  5.17086
  4.13653
  2.27223
  1.83957
  1.46174
  1.36542
 
 10.69611
 10.15273
  9.67042
  9.23118
  8.83351
  8.47623
  8.15851
  7.87977
  7.63975
  7.43836
  7.27548
  7.15045
  7.06114
  7.00760
  6.99531
  7.03020
  7.11384
  7.22645
  7.34390
  7.40573
  7.47188
  7.50205
  7.28412
  6.95205
  5.41454
  4.38808
  2.42515
  1.93687
  1.48248
  1.36538
 
 10.67362
 10.14680
  9.67179
  9.23574
  8.83871
  8.48094
  8.16208
  7.88197
  7.64077
  7.43860
  7.27559
  7.15164
  7.06577
  7.01798
  7.01031
  7.04089
  7.10816
  7.21267
  7.34997
  7.42656
  7.50140
  7.54080
  7.39357
  7.12282
  5.76533
  4.77979
  2.70189
  2.12842
  1.52302
  1.36533
 
 10.67125
 10.14628
  9.67131
  9.23551
  8.83875
  8.48111
  8.16234
  7.88251
  7.64188
  7.44023
  7.27709
  7.15229
  7.06597
  7.01891
  7.01275
  7.04444
  7.11139
  7.21517
  7.35672
  7.44006
  7.52054
  7.55357
  7.43694
  7.28089
  6.00494
  5.02659
  2.94364
  2.33238
  1.55333
  1.36529
 
