  0.48215
  0.50415
  0.52781
  0.55315
  0.57995
  0.60792
  0.63698
  0.66712
  0.69829
  0.73055
  0.76408
  0.79896
  0.83494
  0.87166
  0.90864
  0.94524
  0.98054
  1.01349
  1.04066
  1.05038
  1.05955
  1.06742
  1.07753
  1.08024
  1.08249
  1.08280
  1.08301
  1.08300
  1.08297
  1.08306
 
  0.69510
  0.72807
  0.76220
  0.79765
  0.83440
  0.87240
  0.91155
  0.95174
  0.99282
  1.03468
  1.07726
  1.12065
  1.16521
  1.21110
  1.25760
  1.30328
  1.34633
  1.38562
  1.41898
  1.43255
  1.44533
  1.45558
  1.46823
  1.47207
  1.47610
  1.47685
  1.47668
  1.47591
  1.47475
  1.47903
 
  0.90173
  0.94406
  0.98729
  1.03161
  1.07693
  1.12315
  1.17015
  1.21786
  1.26621
  1.31514
  1.36450
  1.41440
  1.46528
  1.51732
  1.56965
  1.62053
  1.66800
  1.71149
  1.74963
  1.76596
  1.78190
  1.79480
  1.80935
  1.81363
  1.81810
  1.81890
  1.81873
  1.81795
  1.81673
  1.82129
 
  1.28904
  1.34739
  1.40558
  1.46388
  1.52207
  1.57997
  1.63754
  1.69498
  1.75261
  1.81044
  1.86824
  1.92598
  1.98397
  2.04227
  2.09989
  2.15519
  2.20656
  2.25434
  2.29852
  2.31893
  2.33981
  2.35702
  2.37423
  2.37866
  2.38250
  2.38301
  2.38326
  2.38314
  2.38291
  2.38399
 
  1.64087
  1.71215
  1.78180
  1.85016
  1.91689
  1.98185
  2.04510
  2.10722
  2.16912
  2.23083
  2.29217
  2.35290
  2.41319
  2.47296
  2.53127
  2.58687
  2.63871
  2.68780
  2.73515
  2.75816
  2.78228
  2.80236
  2.82123
  2.82555
  2.82834
  2.82847
  2.82919
  2.82985
  2.83081
  2.82770
 
  1.96090
  2.04295
  2.12103
  2.19579
  2.26723
  2.33567
  2.40139
  2.46523
  2.52850
  2.59134
  2.65363
  2.71493
  2.77471
  2.83245
  2.88781
  2.94125
  2.99307
  3.04235
  3.09023
  3.11541
  3.14166
  3.16293
  3.18314
  3.18725
  3.18892
  3.18899
  3.19008
  3.19115
  3.19335
  3.18671
 
  2.25127
  2.34269
  2.42744
  2.50655
  2.58046
  2.65010
  2.71601
  2.77929
  2.84161
  2.90317
  2.96381
  3.02304
  3.08030
  3.13512
  3.18740
  3.23814
  3.28818
  3.33657
  3.38461
  3.41053
  3.43777
  3.45995
  3.48072
  3.48469
  3.48573
  3.48565
  3.48698
  3.48839
  3.49129
  3.48242
 
  2.75762
  2.86366
  2.95720
  3.04009
  3.11405
  3.18150
  3.24346
  3.30141
  3.35756
  3.41226
  3.46557
  3.51711
  3.56652
  3.61355
  3.65847
  3.70286
  3.74812
  3.79344
  3.84005
  3.86574
  3.89290
  3.91511
  3.93605
  3.94000
  3.94083
  3.94071
  3.94212
  3.94365
  3.94681
  3.93717
 
  3.18547
  3.30209
  3.40013
  3.48249
  3.55234
  3.61389
  3.66856
  3.71811
  3.76502
  3.80992
  3.85322
  3.89494
  3.93499
  3.97346
  4.01081
  4.04869
  4.08858
  4.13001
  4.17385
  4.19801
  4.22350
  4.24441
  4.26470
  4.26882
  4.27027
  4.27028
  4.27148
  4.27269
  4.27517
  4.26778
 
  4.02632
  4.15837
  4.25715
  4.32854
  4.37964
  4.41906
  4.44943
  4.47325
  4.49389
  4.51229
  4.52925
  4.54554
  4.56212
  4.58016
  4.60016
  4.62279
  4.64885
  4.67907
  4.71344
  4.73173
  4.75083
  4.76674
  4.78376
  4.78808
  4.79145
  4.79191
  4.79231
  4.79238
  4.79254
  4.79318
 
  4.66908
  4.78358
  4.87196
  4.93679
  4.97825
  4.99810
  5.00033
  4.99185
  4.98148
  4.97173
  4.96355
  4.95807
  4.95672
  4.96066
  4.96924
  4.97982
  4.99061
  5.00536
  5.02864
  5.04308
  5.05627
  5.06549
  5.07874
  5.08280
  5.08668
  5.08741
  5.08731
  5.08657
  5.08552
  5.09152
 
  5.60132
  5.69740
  5.75802
  5.78781
  5.78806
  5.76208
  5.71602
  5.65966
  5.60456
  5.55434
  5.50988
  5.47198
  5.44167
  5.41923
  5.40356
  5.39068
  5.37773
  5.36920
  5.37078
  5.37494
  5.37736
  5.37761
  5.38241
  5.38459
  5.38744
  5.38820
  5.38771
  5.38652
  5.38487
  5.39450
 
  6.26772
  6.38338
  6.41598
  6.38674
  6.32051
  6.24343
  6.16203
  6.07990
  6.00085
  5.92634
  5.85670
  5.79240
  5.73579
  5.68796
  5.64838
  5.61404
  5.58317
  5.56026
  5.54454
  5.53540
  5.52757
  5.52335
  5.51991
  5.52001
  5.52210
  5.52248
  5.52181
  5.52065
  5.51845
  5.52865
 
  6.81707
  6.90950
  6.90772
  6.83799
  6.73012
  6.61475
  6.49911
  6.38663
  6.28104
  6.18303
  6.09190
  6.00718
  5.93133
  5.86544
  5.80860
  5.75724
  5.70932
  5.67062
  5.63977
  5.62196
  5.60565
  5.59524
  5.58556
  5.58439
  5.58601
  5.58630
  5.58531
  5.58387
  5.58102
  5.59111
 
  7.28124
  7.34664
  7.30972
  7.20126
  7.05523
  6.90573
  6.76034
  6.62201
  6.49405
  6.37643
  6.26723
  6.16517
  6.07274
  5.99115
  5.91915
  5.85264
  5.78966
  5.73772
  5.69435
  5.66852
  5.64448
  5.62870
  5.61374
  5.61166
  5.61329
  5.61357
  5.61221
  5.61037
  5.60663
  5.61649
 
  8.21406
  8.03153
  7.84395
  7.66088
  7.48217
  7.30799
  7.13857
  6.97397
  6.81479
  6.66212
  6.51638
  6.37795
  6.24806
  6.12832
  6.01981
  5.92427
  5.84275
  5.77231
  5.71241
  5.68970
  5.67392
  5.66031
  5.60119
  5.57408
  5.59287
  5.60026
  5.59570
  5.59157
  5.58976
  5.59595
 
  8.60473
  8.54570
  8.37353
  8.13099
  7.86122
  7.60479
  7.36859
  7.15323
  6.95906
  6.78371
  6.62123
  6.46801
  6.32582
  6.19641
  6.07782
  5.96551
  5.85794
  5.76505
  5.68242
  5.63465
  5.58923
  5.55774
  5.52732
  5.52173
  5.52123
  5.52113
  5.51920
  5.51710
  5.51261
  5.51672
 
  9.58517
  9.36740
  9.05037
  8.68096
  8.30313
  7.95559
  7.64262
  7.36248
  7.11289
  6.88881
  6.68240
  6.48818
  6.30615
  6.13688
  5.98004
  5.83261
  5.69286
  5.56192
  5.44062
  5.38309
  5.32695
  5.28376
  5.24107
  5.23011
  5.22058
  5.21916
  5.21854
  5.21910
  5.22009
  5.20935
 
 10.30498
  9.80104
  9.32247
  8.87774
  8.46460
  8.08159
  7.72741
  7.40124
  7.10277
  6.83047
  6.58215
  6.35508
  6.14525
  5.95014
  5.77104
  5.60746
  5.45675
  5.30737
  5.15041
  5.07439
  5.01088
  4.97185
  4.92113
  4.90237
  4.88551
  4.88272
  4.88364
  4.88718
  4.89357
  4.87181
 
 10.95775
 10.28471
  9.66261
  9.09328
  8.57155
  8.09473
  7.66084
  7.26702
  6.91098
  6.58986
  6.29991
  6.03662
  5.79360
  5.56645
  5.35566
  5.16166
  4.98083
  4.80190
  4.61716
  4.52844
  4.45343
  4.40584
  4.34439
  4.32228
  4.30336
  4.30046
  4.30120
  4.30466
  4.31105
  4.29656
 
 11.28476
 10.50016
  9.78972
  9.14631
  8.56262
  8.03349
  7.55549
  7.12350
  6.73252
  6.37885
  6.05867
  5.76742
  5.49897
  5.24861
  5.01507
  4.79585
  4.58811
  4.39048
  4.20416
  4.11615
  4.02973
  3.96216
  3.89391
  3.87564
  3.85918
  3.85699
  3.85645
  3.85742
  3.86018
  3.85928
 
 11.49653
 10.62079
  9.84279
  9.14504
  8.51856
  7.95546
  7.44979
  6.99403
  6.58073
  6.20541
  5.86438
  5.55329
  5.26649
  4.99960
  4.75115
  4.51826
  4.29858
  4.08959
  3.89098
  3.79566
  3.70014
  3.62409
  3.55039
  3.53268
  3.51859
  3.51702
  3.51555
  3.51514
  3.51479
  3.52084
 
 11.62628
 10.68642
  9.86229
  9.12687
  8.47061
  7.88391
  7.35870
  6.88593
  6.45682
  6.06649
  5.71116
  5.38654
  5.08719
  4.80880
  4.54963
  4.30659
  4.07714
  3.85865
  3.64954
  3.54809
  3.44540
  3.36292
  3.28422
  3.26622
  3.25290
  3.25160
  3.24966
  3.24856
  3.24657
  3.25475
 
 11.75982
 10.73895
  9.85884
  9.07705
  8.38348
  7.76719
  7.21710
  6.72258
  6.27380
  5.86544
  5.49343
  5.15323
  4.83921
  4.54688
  4.27402
  4.01693
  3.77232
  3.53802
  3.31098
  3.19940
  3.08620
  2.99493
  2.90660
  2.88584
  2.87072
  2.86932
  2.86713
  2.86582
  2.86324
  2.86948
 
 11.81009
 10.74403
  9.83476
  9.02833
  8.31464
  7.68176
  7.11753
  6.61068
  6.15126
  5.73374
  5.35368
  5.00613
  4.68507
  4.38551
  4.10482
  3.83867
  3.58306
  3.33551
  3.09294
  2.97262
  2.85092
  2.75286
  2.65508
  2.63051
  2.61185
  2.60998
  2.60784
  2.60692
  2.60526
  2.60733
 
 11.80370
 10.69515
  9.76415
  8.93877
  8.21008
  7.56221
  6.98398
  6.46459
  5.99485
  5.56897
  5.18201
  4.82854
  4.50186
  4.19633
  3.90827
  3.63178
  3.36084
  3.09023
  2.81485
  2.67332
  2.52727
  2.40728
  2.28691
  2.25635
  2.23167
  2.22871
  2.22615
  2.22580
  2.22551
  2.22311
 
 11.73870
 10.62821
  9.70556
  8.88659
  8.16278
  7.51623
  6.93734
  6.41646
  5.94539
  5.51857
  5.13102
  4.77733
  4.45090
  4.14585
  3.85767
  3.57893
  3.30141
  3.01612
  2.71264
  2.55043
  2.37708
  2.23057
  2.08847
  2.05539
  2.02845
  2.02483
  2.02131
  2.02081
  2.02032
  2.02073
 
 11.58295
 10.50204
  9.61781
  8.83069
  8.12878
  7.49704
  6.92864
  6.41676
  5.95554
  5.53915
  5.16149
  4.81551
  4.49232
  4.18502
  3.89094
  3.60604
  3.32207
  3.02029
  2.67782
  2.48424
  2.26920
  2.07776
  1.88081
  1.83831
  1.81488
  1.81221
  1.80590
  1.80432
  1.80432
  1.81653
 
 11.46272
 10.40986
  9.56355
  8.81008
  8.13329
  7.52078
  6.96637
  6.46393
  6.00827
  5.59494
  5.21969
  4.87782
  4.56359
  4.27099
  3.99345
  3.71938
  3.43344
  3.11322
  2.72958
  2.50346
  2.24603
  2.01412
  1.78053
  1.73307
  1.70537
  1.70210
  1.69546
  1.69387
  1.69450
  1.71562
 
 11.36307
 10.33749
  9.52589
  8.80113
  8.14613
  7.55084
  7.01030
  6.51954
  6.07436
  5.67062
  5.30421
  4.97042
  4.66343
  4.37708
  4.10435
  3.83285
  3.54543
  3.21575
  2.80784
  2.55995
  2.26967
  2.00257
  1.72637
  1.66917
  1.64018
  1.63751
  1.63051
  1.62896
  1.63111
  1.65531
 
 11.28367
 10.28102
  9.49982
  8.79919
  8.16334
  7.58358
  7.05596
  6.57641
  6.14153
  5.74743
  5.38996
  5.06434
  4.76448
  4.48395
  4.21561
  3.94658
  3.65848
  3.32225
  2.89612
  2.63073
  2.31247
  2.01362
  1.69677
  1.62925
  1.59792
  1.59574
  1.58862
  1.58727
  1.59102
  1.61542
 
 11.16486
 10.19905
  9.46725
  8.80511
  8.20096
  7.64761
  7.14253
  6.68300
  6.26686
  5.89049
  5.54966
  5.23932
  4.95274
  4.68297
  4.42276
  4.15883
  3.87141
  3.52781
  3.07690
  2.78502
  2.42132
  2.06748
  1.67579
  1.58715
  1.54804
  1.54630
  1.53911
  1.53818
  1.54455
  1.56643
 
 11.08059
 10.14365
  9.44918
  8.81654
  8.23730
  7.70519
  7.21865
  6.77589
  6.37563
  6.01440
  5.68793
  5.39091
  5.11606
  4.85594
  4.60335
  4.34490
  4.06012
  3.71416
  3.24864
  2.93821
  2.53959
  2.14003
  1.68089
  1.57115
  1.52102
  1.51902
  1.51171
  1.51108
  1.51917
  1.53768
 
 10.95241
 10.06604
  9.43224
  8.85010
  8.31409
  7.81978
  7.36686
  6.95487
  6.58375
  6.25049
  5.95078
  5.67902
  5.42713
  5.18706
  4.95182
  4.70821
  4.43528
  4.09569
  3.61833
  3.28157
  2.82377
  2.33935
  1.74226
  1.58422
  1.48729
  1.48202
  1.48014
  1.48107
  1.48811
  1.49953
 
 10.88370
 10.02841
  9.43125
  8.88098
  8.37283
  7.90358
  7.47338
  7.08246
  6.73133
  6.41727
  6.13614
  5.88233
  5.64742
  5.42314
  5.20280
  4.97346
  4.71441
  4.38823
  3.91690
  3.57081
  3.08004
  2.53651
  1.82139
  1.61934
  1.48009
  1.46974
  1.46655
  1.46734
  1.47176
  1.48057
 
 10.81854
  9.99650
  9.44141
  8.92864
  8.45453
  8.01688
  7.61602
  7.25262
  6.92757
  6.63860
  6.38197
  6.15240
  5.94159
  5.74148
  5.54582
  5.34219
  5.11070
  4.81526
  4.37138
  4.02619
  3.50621
  2.88884
  1.98948
  1.71092
  1.48799
  1.46524
  1.45577
  1.45569
  1.45490
  1.46200
 
 10.79934
  9.98943
  9.45378
  8.96006
  8.50504
  8.08646
  7.70424
  7.35847
  7.04957
  6.77578
  6.53431
  6.32113
  6.12961
  5.95227
  5.78063
  5.59706
  5.37889
  5.09837
  4.68264
  4.35981
  3.86332
  3.22134
  2.14091
  1.79303
  1.51025
  1.47495
  1.44984
  1.44837
  1.44732
  1.45271
 
 10.78714
  9.98738
  9.46480
  8.98393
  8.54178
  8.13614
  7.76659
  7.43289
  7.13511
  6.87173
  6.64048
  6.43791
  6.25827
  6.09493
  5.94019
  5.77728
  5.58350
  5.32797
  4.93466
  4.62225
  4.13415
  3.48198
  2.30290
  1.88590
  1.52711
  1.48138
  1.44883
  1.44455
  1.44313
  1.44715
 
 10.78032
  9.98844
  9.47441
  9.00222
  8.56896
  8.17241
  7.81189
  7.48694
  7.19728
  6.94160
  6.71797
  6.52350
  6.35313
  6.20096
  6.06006
  5.91463
  5.74215
  5.50922
  5.13756
  4.83641
  4.35997
  3.70676
  2.45441
  1.97662
  1.54507
  1.48861
  1.44867
  1.44222
  1.44020
  1.44349
 
 10.77029
  9.99628
  9.49309
  9.02918
  8.60420
  8.21805
  7.86960
  7.55745
  7.28015
  7.03632
  6.82420
  6.64154
  6.48476
  6.34940
  6.22912
  6.10870
  5.96691
  5.77423
  5.45516
  5.18151
  4.72210
  4.05798
  2.71192
  2.15886
  1.59027
  1.50632
  1.44610
  1.43975
  1.42925
  1.43895
 
 10.78354
 10.00457
  9.50141
  9.04269
  8.62520
  8.24656
  7.90544
  7.60063
  7.33084
  7.09489
  6.89116
  6.71706
  6.56783
  6.43945
  6.33062
  6.23616
  6.13861
  5.98454
  5.67728
  5.41162
  4.98874
  4.36843
  2.96044
  2.31740
  1.61953
  1.51704
  1.44870
  1.44030
  1.43329
  1.43620
 
 10.76211
 10.00720
  9.51760
  9.07012
  8.66214
  8.29194
  7.95856
  7.66121
  7.39930
  7.17227
  6.97950
  6.81964
  6.68988
  6.58731
  6.50904
  6.44535
  6.37826
  6.27027
  6.04307
  5.82937
  5.45921
  4.89113
  3.46319
  2.67157
  1.70672
  1.55797
  1.45322
  1.44012
  1.42952
  1.43254
 
 10.74930
 10.01263
  9.52724
  9.08344
  8.67898
  8.31240
  7.98288
  7.68985
  7.43300
  7.21196
  7.02631
  6.87490
  6.75523
  6.66492
  6.60207
  6.55847
  6.51836
  6.44751
  6.27302
  6.09426
  5.76726
  5.24668
  3.84428
  2.97501
  1.79473
  1.60165
  1.45860
  1.44283
  1.42739
  1.43073
 
 10.72627
 10.02309
  9.53684
  9.09380
  8.69176
  8.32916
  8.00491
  7.71822
  7.46848
  7.25527
  7.07799
  6.93523
  6.82401
  6.74269
  6.69339
  6.67595
  6.68040
  6.66341
  6.54750
  6.41182
  6.15858
  5.71669
  4.37584
  3.46885
  1.96910
  1.69571
  1.47279
  1.44980
  1.42489
  1.42892
 
 10.67855
 10.01947
  9.54186
  9.10408
  8.70484
  8.34350
  8.01987
  7.73412
  7.48671
  7.27703
  7.10400
  6.96647
  6.86310
  6.79303
  6.75655
  6.74872
  6.75895
  6.76095
  6.69399
  6.59561
  6.40139
  6.05066
  4.78491
  3.76771
  2.14393
  1.81952
  1.48718
  1.44206
  1.42735
  1.42801
 
 10.65437
 10.01975
  9.54407
  9.10815
  8.71059
  8.35067
  8.02835
  7.74404
  7.49840
  7.29095
  7.12057
  6.98621
  6.88651
  6.82072
  6.78964
  6.78923
  6.81072
  6.83208
  6.79892
  6.72515
  6.56347
  6.25760
  5.08606
  4.06466
  2.29299
  1.91386
  1.50686
  1.44881
  1.43101
  1.42748
 
 10.63631
 10.01914
  9.54526
  9.11109
  8.71527
  8.35703
  8.03612
  7.75265
  7.50707
  7.29948
  7.12990
  6.99797
  6.90209
  6.84108
  6.81484
  6.81740
  6.84074
  6.87443
  6.88355
  6.83999
  6.68528
  6.35880
  5.29482
  4.39449
  2.42910
  1.97713
  1.52735
  1.47419
  1.42599
  1.42712
 
 10.61590
 10.01978
  9.54721
  9.11441
  8.72003
  8.36337
  8.04410
  7.76232
  7.51842
  7.31261
  7.14497
  7.01532
  6.92231
  6.86507
  6.84383
  6.85332
  6.88685
  6.93751
  6.97870
  6.96360
  6.85487
  6.58585
  5.63014
  4.77710
  2.70131
  2.15259
  1.56597
  1.49105
  1.42784
  1.42667
 
 10.60315
 10.02184
  9.54974
  9.11647
  8.72164
  8.36529
  8.04715
  7.76721
  7.52570
  7.32230
  7.15628
  7.02721
  6.93466
  6.87870
  6.86002
  6.87421
  6.91588
  6.98005
  7.03893
  7.03567
  6.95789
  6.75479
  5.90570
  5.03068
  2.93033
  2.32825
  1.61003
  1.49357
  1.44237
  1.42640
 
 10.58334
 10.02303
  9.55193
  9.11928
  8.72522
  8.37017
  8.05369
  7.77547
  7.53544
  7.33331
  7.16861
  7.04116
  6.95092
  6.89837
  6.88427
  6.90421
  6.95364
  7.03123
  7.12171
  7.15013
  7.12100
  6.97582
  6.29219
  5.56866
  3.41871
  2.66882
  1.70806
  1.54301
  1.45418
  1.42604
 
 10.57216
 10.02341
  9.55289
  9.12073
  8.72718
  8.37262
  8.05663
  7.77898
  7.53959
  7.33823
  7.17441
  7.04805
  6.95924
  6.90854
  6.89686
  6.91982
  6.97331
  7.05752
  7.16395
  7.20935
  7.20757
  7.09741
  6.52989
  5.92863
  3.80227
  2.95339
  1.80188
  1.59547
  1.46388
  1.42586
 
 10.56004
 10.02354
  9.55385
  9.12250
  8.72955
  8.37528
  8.05936
  7.78168
  7.54243
  7.34167
  7.17942
  7.05548
  6.96880
  6.91925
  6.90861
  6.93467
  6.99507
  7.08832
  7.20214
  7.25693
  7.29771
  7.26272
  6.80387
  6.30526
  4.41522
  3.44698
  1.97316
  1.68846
  1.47448
  1.42568
 
 10.55438
 10.02353
  9.55381
  9.12274
  8.73017
  8.37621
  8.06063
  7.78345
  7.54491
  7.34482
  7.18266
  7.05832
  6.97192
  6.92408
  6.91596
  6.94357
  7.00354
  7.09810
  7.22805
  7.29865
  7.34063
  7.29654
  6.98357
  6.66438
  4.78523
  3.75843
  2.14093
  1.80435
  1.49726
  1.42558
 
 10.56853
 10.02950
  9.55299
  9.11902
  8.72608
  8.37302
  8.05900
  7.78345
  7.54613
  7.34691
  7.18569
  7.06180
  6.97314
  6.91973
  6.90692
  6.94051
  7.02186
  7.13107
  7.24328
  7.30081
  7.35947
  7.37618
  7.10896
  6.73440
  5.12576
  4.11718
  2.29712
  1.87577
  1.51529
  1.42553
 
 10.56555
 10.02949
  9.55321
  9.11942
  8.72663
  8.37371
  8.05980
  7.78437
  7.54715
  7.34806
  7.18697
  7.06328
  6.97486
  6.92179
  6.90946
  6.94375
  7.02610
  7.13686
  7.25205
  7.31278
  7.37822
  7.40796
  7.18951
  6.86200
  5.36314
  4.36195
  2.44571
  1.96998
  1.53511
  1.42548
 
 10.54372
 10.02398
  9.55481
  9.12404
  8.73176
  8.37827
  8.06324
  7.78651
  7.54822
  7.34845
  7.18725
  7.06453
  6.97944
  6.93205
  6.92433
  6.95433
  7.02043
  7.12360
  7.25914
  7.33414
  7.40713
  7.44561
  7.29858
  7.02810
  5.70379
  4.74278
  2.71444
  2.15533
  1.57385
  1.42543
 
 10.54115
 10.02423
  9.55539
  9.12462
  8.73223
  8.37861
  8.06346
  7.78665
  7.54836
  7.34871
  7.18778
  7.06548
  6.98080
  6.93375
  6.92639
  6.95689
  7.02380
  7.12808
  7.26508
  7.34226
  7.42254
  7.47180
  7.35663
  7.13122
  5.93307
  5.02322
  2.95280
  2.33010
  1.60925
  1.42539
 
