  0.45431
  0.47731
  0.50130
  0.52637
  0.55255
  0.57980
  0.60808
  0.63733
  0.66745
  0.69827
  0.72963
  0.76133
  0.79313
  0.82494
  0.85691
  0.89005
  0.92501
  0.95978
  0.98975
  1.00123
  1.01141
  1.01973
  1.03342
  1.03779
  1.04073
  1.04109
  1.04145
  1.04151
  1.04151
  1.04229
 
  0.67053
  0.69930
  0.72976
  0.76216
  0.79653
  0.83286
  0.87102
  0.91070
  0.95147
  0.99299
  1.03488
  1.07668
  1.11780
  1.15784
  1.19728
  1.23828
  1.28243
  1.32624
  1.36226
  1.37557
  1.38973
  1.40395
  1.42443
  1.43094
  1.43571
  1.43583
  1.43599
  1.43645
  1.43627
  1.41692
 
  0.87428
  0.91031
  0.94814
  0.98807
  1.03011
  1.07420
  1.12014
  1.16752
  1.21581
  1.26462
  1.31350
  1.36196
  1.40946
  1.45566
  1.50099
  1.54758
  1.59700
  1.64597
  1.68798
  1.70512
  1.72358
  1.74124
  1.76379
  1.77074
  1.77609
  1.77626
  1.77641
  1.77688
  1.77669
  1.75624
 
  1.24600
  1.29842
  1.35167
  1.40609
  1.46151
  1.51772
  1.57447
  1.63146
  1.68836
  1.74491
  1.80083
  1.85602
  1.91083
  1.96545
  2.01929
  2.07168
  2.12250
  2.17412
  2.22878
  2.25623
  2.28198
  2.30078
  2.32256
  2.32889
  2.33386
  2.33430
  2.33465
  2.33478
  2.33473
  2.33023
 
  1.58128
  1.64816
  1.71449
  1.78049
  1.84564
  1.90942
  1.97166
  2.03251
  2.09236
  2.15150
  2.21045
  2.26931
  2.32739
  2.38423
  2.44023
  2.49560
  2.55019
  2.60437
  2.66092
  2.69165
  2.72226
  2.74415
  2.76345
  2.76813
  2.77223
  2.77309
  2.77365
  2.77341
  2.77355
  2.78655
 
  1.88046
  1.96337
  2.04252
  2.11821
  2.18994
  2.25755
  2.32136
  2.38251
  2.44272
  2.50233
  2.56127
  2.61950
  2.67753
  2.73560
  2.79278
  2.84755
  2.89946
  2.95335
  3.01487
  3.04783
  3.07941
  3.10153
  3.11988
  3.12346
  3.12636
  3.12729
  3.12826
  3.12787
  3.12809
  3.15398
 
  2.15352
  2.24938
  2.33878
  2.42196
  2.49832
  2.56779
  2.63115
  2.69042
  2.74859
  2.80632
  2.86363
  2.92046
  2.97726
  3.03414
  3.09004
  3.14305
  3.19270
  3.24508
  3.30742
  3.34153
  3.37361
  3.39534
  3.41309
  3.41576
  3.41795
  3.41901
  3.42014
  3.41961
  3.41992
  3.45281
 
  2.63460
  2.74944
  2.85289
  2.94510
  3.02542
  3.09406
  3.15265
  3.20483
  3.25573
  3.30658
  3.35751
  3.40847
  3.45973
  3.51126
  3.56199
  3.60997
  3.65463
  3.70242
  3.76086
  3.79327
  3.82355
  3.84433
  3.86315
  3.86516
  3.86696
  3.86803
  3.86914
  3.86862
  3.86899
  3.89915
 
  3.04836
  3.17454
  3.28514
  3.38046
  3.45985
  3.52389
  3.57494
  3.61795
  3.65962
  3.70164
  3.74420
  3.78728
  3.83101
  3.87530
  3.91934
  3.96148
  4.00121
  4.04350
  4.09420
  4.12212
  4.14877
  4.16861
  4.19003
  4.19239
  4.19465
  4.19554
  4.19634
  4.19605
  4.19635
  4.21141
 
  3.88345
  4.01749
  4.12827
  4.21691
  4.28312
  4.32835
  4.35635
  4.37420
  4.39106
  4.40921
  4.42908
  4.45072
  4.47401
  4.49893
  4.52526
  4.55232
  4.57952
  4.60746
  4.63686
  4.65236
  4.66919
  4.68621
  4.71245
  4.71649
  4.72062
  4.72078
  4.72050
  4.72093
  4.72087
  4.69608
 
  4.53156
  4.65741
  4.75519
  4.82717
  4.87358
  4.89657
  4.90082
  4.89451
  4.88791
  4.88370
  4.88235
  4.88405
  4.88862
  4.89604
  4.90634
  4.91901
  4.93320
  4.94752
  4.96067
  4.96753
  4.97706
  4.99037
  5.01575
  5.02061
  5.02588
  5.02535
  5.02407
  5.02503
  5.02457
  4.98156
 
  5.49522
  5.60978
  5.67027
  5.68840
  5.67680
  5.64985
  5.61299
  5.57147
  5.53133
  5.49436
  5.46061
  5.42999
  5.40270
  5.37881
  5.35866
  5.34231
  5.33113
  5.33035
  5.32832
  5.31709
  5.31559
  5.32748
  5.33930
  5.34314
  5.34872
  5.34721
  5.34503
  5.34606
  5.34525
  5.30904
 
  6.21803
  6.29015
  6.30862
  6.28640
  6.23529
  6.16857
  6.09258
  6.01416
  5.94090
  5.87450
  5.81412
  5.75865
  5.70824
  5.66254
  5.62182
  5.58576
  5.55495
  5.53299
  5.51425
  5.50089
  5.49371
  5.49517
  5.49520
  5.49823
  5.50198
  5.50033
  5.49820
  5.49900
  5.49828
  5.47928
 
  6.78756
  6.82643
  6.80722
  6.74575
  6.65577
  6.55244
  6.44271
  6.33378
  6.23362
  6.14336
  6.06127
  5.98540
  5.91603
  5.85275
  5.79556
  5.74351
  5.69634
  5.65651
  5.62313
  5.60699
  5.59429
  5.58679
  5.57706
  5.57942
  5.58079
  5.57938
  5.57804
  5.57857
  5.57812
  5.57172
 
  7.25442
  7.26927
  7.21706
  7.11798
  6.99023
  6.85307
  6.71390
  6.57931
  6.45667
  6.34647
  6.24603
  6.15284
  6.06733
  5.98934
  5.91845
  5.85294
  5.79172
  5.73685
  5.69020
  5.66981
  5.65137
  5.63673
  5.61929
  5.62113
  5.62004
  5.61908
  5.61893
  5.61918
  5.61910
  5.61920
 
  7.98384
  7.96150
  7.85095
  7.68244
  7.48528
  7.28853
  7.09987
  6.92355
  6.76428
  6.62141
  6.49051
  6.36846
  6.25601
  6.15383
  6.06057
  5.97304
  5.88877
  5.81003
  5.74091
  5.71086
  5.68161
  5.65647
  5.62835
  5.62860
  5.62321
  5.62323
  5.62529
  5.62514
  5.62572
  5.62989
 
  8.53472
  8.47605
  8.31190
  8.08164
  7.82456
  7.57789
  7.34879
  7.13901
  6.95016
  6.78043
  6.62443
  6.47863
  6.34407
  6.22195
  6.11043
  6.00518
  5.90291
  5.80618
  5.71943
  5.68058
  5.64232
  5.61008
  5.57556
  5.57319
  5.56464
  5.56547
  5.56891
  5.56841
  5.56937
  5.57362
 
  9.55395
  9.25140
  8.93585
  8.62000
  8.30601
  7.99677
  7.69619
  7.41005
  7.14456
  6.90153
  6.68139
  6.48473
  6.31270
  6.16473
  6.03401
  5.90319
  5.76121
  5.62556
  5.51194
  5.46007
  5.40769
  5.36548
  5.32430
  5.31238
  5.30116
  5.30181
  5.30557
  5.30585
  5.30454
  5.30905
 
 10.21559
  9.74318
  9.29103
  8.86773
  8.47147
  8.10121
  7.75611
  7.43574
  7.14021
  6.86854
  6.61938
  6.39106
  6.18129
  5.98896
  5.81569
  5.66130
  5.52314
  5.38824
  5.24515
  5.17432
  5.11230
  5.07164
  5.02478
  5.00960
  4.99550
  4.99590
  4.99789
  4.99674
  4.99706
  5.00155
 
 10.89209
 10.25110
  9.65527
  9.10685
  8.60142
  8.13687
  7.71168
  7.32353
  6.97063
  6.65071
  6.36077
  6.09728
  5.85531
  5.63164
  5.42718
  5.24266
  5.07479
  4.91186
  4.74457
  4.66342
  4.59179
  4.54322
  4.48507
  4.46709
  4.45485
  4.45386
  4.45215
  4.45136
  4.45051
  4.45691
 
 11.25274
 10.49716
  9.80781
  9.17901
  8.60500
  8.08193
  7.60772
  7.17874
  6.79150
  6.44256
  6.12796
  5.84295
  5.58103
  5.33776
  5.11351
  4.90878
  4.72084
  4.53818
  4.35257
  4.26263
  4.18182
  4.12522
  4.05871
  4.03975
  4.02934
  4.02741
  4.02356
  4.02331
  4.02217
  4.02856
 
 11.46136
 10.61378
  9.85697
  9.17531
  8.56096
  8.00702
  7.50851
  7.05900
  6.65199
  6.28334
  5.94931
  5.64560
  5.36643
  5.10736
  4.86701
  4.64252
  4.43161
  4.23212
  4.04415
  3.95460
  3.86474
  3.79259
  3.72081
  3.70372
  3.69171
  3.68924
  3.68464
  3.68394
  3.68479
  3.68911
 
 11.59724
 10.68267
  9.87731
  9.15631
  8.51109
  7.93308
  7.41514
  6.94921
  6.52749
  6.14521
  5.79850
  5.48288
  5.19252
  4.92285
  4.67209
  4.43691
  4.21471
  4.00328
  3.80179
  3.70480
  3.60750
  3.52960
  3.45289
  3.43515
  3.42150
  3.41858
  3.41395
  3.41354
  3.41488
  3.41743
 
 11.73326
 10.73403
  9.86964
  9.10022
  8.41645
  7.80823
  7.26536
  6.77802
  6.33716
  5.93754
  5.57493
  5.24454
  4.94032
  4.65740
  4.39336
  4.14403
  3.90570
  3.67631
  3.45323
  3.34378
  3.23368
  3.14564
  3.05981
  3.03973
  3.02219
  3.01891
  3.01527
  3.01534
  3.01689
  3.01586
 
 11.77916
 10.73287
  9.83779
  9.04283
  8.33845
  7.71340
  7.15623
  6.65633
  6.20434
  5.79481
  5.42327
  5.08470
  4.77287
  4.48262
  4.21102
  3.95315
  3.70441
  3.46187
  3.22204
  3.10230
  2.98102
  2.88355
  2.78854
  2.76556
  2.74458
  2.74135
  2.73904
  2.73936
  2.74049
  2.73678
 
 11.74786
 10.66010
  9.74383
  8.93030
  8.21109
  7.57109
  6.99969
  6.48659
  6.02303
  5.60346
  5.22307
  4.87656
  4.55744
  4.26006
  3.98057
  3.71252
  3.44920
  3.18442
  2.91197
  2.77061
  2.62394
  2.50325
  2.38423
  2.35438
  2.32895
  2.32639
  2.32561
  2.32558
  2.32481
  2.32142
 
 11.65261
 10.56797
  9.66289
  8.85751
  8.14402
  7.50560
  6.93338
  6.41847
  5.95330
  5.53247
  5.15110
  4.80378
  4.48394
  4.18570
  3.90448
  3.63258
  3.36147
  3.08180
  2.78306
  2.62344
  2.45374
  2.31034
  2.16633
  2.13088
  2.10540
  2.10330
  2.10104
  2.09984
  2.09752
  2.10175
 
 11.46714
 10.41456
  9.54883
  8.77552
  8.08358
  7.45898
  6.89542
  6.38675
  5.92764
  5.51292
  5.13721
  4.79447
  4.47721
  4.17936
  3.89780
  3.62744
  3.35752
  3.06294
  2.71735
  2.52253
  2.31452
  2.13463
  1.93981
  1.89519
  1.87780
  1.87400
  1.86230
  1.86010
  1.85365
  1.88552
 
 11.29525
 10.28413
  9.46474
  8.73000
  8.06581
  7.46163
  6.91289
  6.41510
  5.96452
  5.55673
  5.18701
  4.85011
  4.53941
  4.24849
  3.97128
  3.69720
  3.41305
  3.10120
  2.73792
  2.52758
  2.28938
  2.07138
  1.83226
  1.77875
  1.75995
  1.75749
  1.74102
  1.73445
  1.73289
  1.78241
 
 11.17819
 10.19634
  9.41283
  8.70749
  8.06545
  7.47848
  6.94322
  6.45637
  6.01521
  5.61569
  5.25328
  4.92277
  4.61761
  4.33126
  4.05736
  3.78470
  3.49878
  3.17935
  2.79735
  2.56969
  2.30399
  2.05453
  1.77345
  1.71079
  1.69234
  1.68982
  1.66925
  1.66123
  1.66032
  1.72127
 
 11.08918
 10.13046
  9.37723
  8.69610
  8.07331
  7.50185
  6.97922
  6.50288
  6.07086
  5.67937
  5.32404
  4.99978
  4.70006
  4.41829
  4.14795
  3.87741
  3.59122
  3.26698
  2.87084
  2.62892
  2.33934
  2.06120
  1.74097
  1.66888
  1.64874
  1.64625
  1.62333
  1.61447
  1.61400
  1.68090
 
 10.96248
 10.03888
  9.33351
  8.69025
  8.09897
  7.55375
  7.05319
  6.59575
  6.18029
  5.80353
  5.46132
  5.14877
  4.85938
  4.58654
  4.32359
  4.05845
  3.77435
  3.44566
  3.03014
  2.76599
  2.43651
  2.10779
  1.71666
  1.62567
  1.59789
  1.59519
  1.57022
  1.56066
  1.56074
  1.63145
 
 10.87720
  9.97995
  9.30998
  8.69525
  8.12844
  7.60426
  7.12190
  6.68041
  6.27918
  5.91523
  5.58465
  5.28263
  5.00274
  4.73835
  4.48279
  4.22379
  3.94382
  3.61494
  3.18798
  2.90756
  2.54606
  2.17416
  1.71982
  1.61028
  1.57102
  1.56769
  1.54244
  1.53291
  1.53327
  1.60253
 
 10.75556
  9.90327
  9.28976
  8.72307
  8.19822
  7.71123
  7.26202
  6.85038
  6.47643
  6.13765
  5.83047
  5.55034
  5.29073
  5.04503
  4.80680
  4.56385
  4.29782
  3.97786
  3.54216
  3.23758
  2.81951
  2.36451
  1.77469
  1.62064
  1.54391
  1.53746
  1.51443
  1.50625
  1.50676
  1.56435
 
 10.69567
  9.87052
  9.29054
  8.75375
  8.25565
  7.79321
  7.36657
  6.97590
  6.62163
  6.30153
  6.01225
  5.74934
  5.50626
  5.27639
  5.05359
  4.82595
  4.57511
  4.26914
  3.83815
  3.52252
  3.06890
  2.55385
  1.85230
  1.65723
  1.53877
  1.52781
  1.50710
  1.50056
  1.50061
  1.54548
 
 10.64540
  9.84849
  9.30654
  8.80447
  8.33874
  7.90715
  7.50990
  7.14738
  6.82026
  6.52662
  6.26342
  6.02640
  5.80901
  5.60469
  5.40782
  5.20707
  4.98443
  4.70780
  4.29851
  3.97831
  3.48787
  2.89495
  2.01811
  1.75043
  1.54823
  1.52618
  1.50655
  1.50232
  1.50022
  1.52708
 
 10.62917
  9.84611
  9.32401
  8.84080
  8.39360
  7.98050
  7.60162
  7.25730
  6.94816
  6.67251
  6.42751
  6.20915
  6.01093
  5.82644
  5.65044
  5.47185
  5.27304
  5.02227
  4.63743
  4.32287
  3.82107
  3.18565
  2.17910
  1.84749
  1.56524
  1.53099
  1.50844
  1.50524
  1.50031
  1.51789
 
 10.63218
  9.85155
  9.33744
  8.86433
  8.42907
  8.02934
  7.66441
  7.33370
  7.03689
  6.77275
  6.53950
  6.33453
  6.15345
  5.99062
  5.83803
  5.67817
  5.48886
  5.24448
  4.87529
  4.58030
  4.11148
  3.47708
  2.32458
  1.92104
  1.58760
  1.54328
  1.50863
  1.50602
  1.50220
  1.51238
 
 10.62943
  9.85620
  9.34994
  8.88472
  8.45760
  8.06641
  7.71036
  7.38889
  7.10157
  6.84725
  6.62427
  6.43010
  6.26038
  6.10971
  5.97095
  5.82794
  5.65886
  5.43502
  5.08338
  4.79627
  4.33449
  3.69590
  2.47376
  2.01127
  1.60275
  1.54938
  1.51143
  1.50632
  1.50358
  1.50874
 
 10.62362
  9.86374
  9.36811
  8.91316
  8.49627
  8.11568
  7.77085
  7.46156
  7.18762
  6.94786
  6.74042
  6.56240
  6.40862
  6.27369
  6.15272
  6.03378
  5.89816
  5.71348
  5.40210
  5.13461
  4.68879
  4.04642
  2.73416
  2.19060
  1.63759
  1.55931
  1.51282
  1.50949
  1.50123
  1.50424
 
 10.64178
  9.87768
  9.37958
  8.92592
  8.51352
  8.13999
  7.80399
  7.50425
  7.23950
  7.00848
  6.80953
  6.63993
  6.49470
  6.36968
  6.26357
  6.17128
  6.07566
  5.92446
  5.62307
  5.36274
  4.94899
  4.34354
  2.97130
  2.34455
  1.66970
  1.57381
  1.51431
  1.50678
  1.50150
  1.50151
 
 10.62080
  9.87866
  9.39318
  8.95048
  8.54783
  8.18330
  7.85571
  7.56404
  7.30736
  7.08513
  6.89680
  6.74111
  6.61539
  6.51669
  6.44146
  6.37864
  6.30978
  6.20074
  5.97372
  5.76198
  5.40716
  4.85927
  3.45584
  2.68527
  1.75433
  1.61412
  1.51536
  1.50656
  1.49097
  1.49789
 
 10.60324
  9.88214
  9.40279
  8.96452
  8.56518
  8.20342
  7.87851
  7.59003
  7.33778
  7.12131
  6.94006
  6.79257
  6.67590
  6.58738
  6.52551
  6.48302
  6.44426
  6.37171
  6.19144
  6.01331
  5.69961
  5.20291
  3.83418
  2.98212
  1.83599
  1.65234
  1.52021
  1.50449
  1.49186
  1.49610
 
 10.57954
  9.89105
  9.41139
  8.97435
  8.57771
  8.21998
  7.90012
  7.61728
  7.37093
  7.16060
  6.98579
  6.84508
  6.73556
  6.65561
  6.60725
  6.59014
  6.59400
  6.57493
  6.45668
  6.32288
  6.07977
  5.65603
  4.34993
  3.46500
  2.00496
  1.74117
  1.53183
  1.51114
  1.48821
  1.49430
 
 10.53400
  9.88781
  9.41653
  8.98458
  8.59066
  8.23418
  7.91481
  7.63264
  7.38800
  7.18035
  7.00876
  6.87225
  6.76964
  6.70022
  6.66421
  6.65671
  6.66702
  6.66882
  6.60200
  6.50522
  6.31670
  5.97761
  4.74737
  3.75586
  2.17569
  1.86204
  1.54484
  1.50298
  1.49051
  1.49341
 
 10.50922
  9.88691
  9.41808
  8.98860
  8.59700
  8.24250
  7.92473
  7.64376
  7.39994
  7.19328
  7.02368
  6.89058
  6.79219
  6.72725
  6.69602
  6.69364
  6.71137
  6.73140
  6.71025
  6.64682
  6.47741
  6.14931
  5.03331
  4.08850
  2.31223
  1.93721
  1.56796
  1.51943
  1.48834
  1.49288
 
 10.49405
  9.88807
  9.42049
  8.99209
  8.60149
  8.24792
  7.93101
  7.65082
  7.40770
  7.20181
  7.03323
  6.90178
  6.80615
  6.74540
  6.71928
  6.72166
  6.74464
  6.77922
  6.79189
  6.75035
  6.59604
  6.27294
  5.24345
  4.37048
  2.45134
  2.01220
  1.58324
  1.53566
  1.48988
  1.49253
 
 10.47472
  9.88893
  9.42255
  8.99541
  8.60621
  8.25416
  7.93891
  7.66051
  7.41931
  7.21550
  7.04926
  6.92051
  6.82808
  6.77123
  6.75002
  6.75885
  6.79121
  6.84210
  6.88674
  6.87349
  6.76394
  6.49540
  5.56875
  4.74232
  2.71601
  2.18277
  1.61965
  1.55108
  1.49143
  1.49209
 
 10.46223
  9.89114
  9.42538
  8.99779
  8.60803
  8.25624
  7.94206
  7.66539
  7.42641
  7.22504
  7.06116
  6.93437
  6.84352
  6.78804
  6.76878
  6.78185
  6.82201
  6.88281
  6.94356
  6.94892
  6.87632
  6.65437
  5.79796
  5.02107
  2.94899
  2.34319
  1.66010
  1.56238
  1.49439
  1.49182
 
 10.44406
  9.89219
  9.42714
  9.00018
  8.61132
  8.26086
  7.94834
  7.67357
  7.43654
  7.23722
  7.07545
  6.95096
  6.86278
  6.81064
  6.79564
  6.81437
  6.86292
  6.93847
  7.02398
  7.05223
  7.03511
  6.89574
  6.17738
  5.50274
  3.43849
  2.68929
  1.75210
  1.60229
  1.50344
  1.49146
 
 10.43336
  9.89249
  9.42798
  9.00152
  8.61316
  8.26318
  7.95117
  7.67693
  7.44050
  7.24188
  7.08098
  6.95756
  6.87067
  6.82011
  6.80729
  6.82936
  6.88319
  6.96681
  7.06483
  7.10517
  7.11768
  7.02865
  6.41737
  5.82032
  3.82186
  2.98120
  1.84119
  1.64495
  1.51367
  1.49128
 
 10.42166
  9.89257
  9.42878
  9.00302
  8.61521
  8.26558
  7.95375
  7.67963
  7.44341
  7.24515
  7.08491
  6.96249
  6.87682
  6.82771
  6.81705
  6.84289
  6.90294
  6.99501
  7.10611
  7.15956
  7.20062
  7.16741
  6.71318
  6.22524
  4.38938
  3.44649
  2.00931
  1.73365
  1.53463
  1.49109
 
 10.41566
  9.89265
  9.42918
  9.00375
  8.61624
  8.26681
  7.95511
  7.68113
  7.44509
  7.24708
  7.08722
  6.96533
  6.88027
  6.83189
  6.82232
  6.85003
  6.91313
  7.00926
  7.12787
  7.18887
  7.24243
  7.23774
  6.89194
  6.47656
  4.79004
  3.80694
  2.16838
  1.82359
  1.55488
  1.49101
 
 10.42979
  9.89847
  9.42825
  8.99998
  8.61213
  8.26360
  7.95355
  7.68145
  7.44702
  7.25020
  7.09086
  6.96841
  6.88080
  6.82808
  6.81555
  6.84894
  6.92951
  7.03739
  7.14773
  7.20417
  7.26186
  7.27817
  7.01434
  6.64766
  5.08200
  4.09873
  2.32343
  1.91405
  1.57297
  1.49096
 
 10.42712
  9.89860
  9.42850
  9.00033
  8.61263
  8.26423
  7.95435
  7.68244
  7.44822
  7.25164
  7.09257
  6.97042
  6.88313
  6.83079
  6.81872
  6.85270
  6.93413
  7.04341
  7.15668
  7.21624
  7.28037
  7.30932
  7.09410
  6.77335
  5.31228
  4.33611
  2.46777
  2.00536
  1.59162
  1.49093
 
 10.40616
  9.89306
  9.42984
  9.00466
  8.61754
  8.26866
  7.95767
  7.68450
  7.44930
  7.25216
  7.09313
  6.97208
  6.88811
  6.84124
  6.83342
  6.86278
  6.92776
  7.02915
  7.16272
  7.23697
  7.30866
  7.34609
  7.20201
  6.93538
  5.64228
  4.70550
  2.72855
  2.18458
  1.62823
  1.49090
 
 10.40348
  9.89293
  9.43000
  9.00492
  8.61780
  8.26882
  7.95771
  7.68440
  7.44912
  7.25194
  7.09287
  6.97180
  6.88801
  6.84157
  6.83416
  6.86326
  6.92735
  7.03002
  7.16706
  7.24293
  7.32243
  7.37219
  7.25786
  7.03396
  5.86491
  4.97776
  2.95911
  2.35322
  1.66175
  1.49090
 
