  0.44177
  0.46446
  0.48818
  0.51300
  0.53892
  0.56591
  0.59389
  0.62274
  0.65229
  0.68233
  0.71260
  0.74283
  0.77267
  0.80200
  0.83136
  0.86266
  0.89750
  0.93353
  0.96488
  0.97660
  0.98702
  0.99587
  1.01145
  1.01680
  1.02067
  1.02092
  1.02085
  1.02084
  1.02092
  1.02210
 
  0.65376
  0.68229
  0.71249
  0.74459
  0.77861
  0.81452
  0.85215
  0.89117
  0.93110
  0.97156
  1.01213
  1.05228
  1.09140
  1.12913
  1.16617
  1.20527
  1.24881
  1.29405
  1.33564
  1.35379
  1.37152
  1.38676
  1.40585
  1.40645
  1.40261
  1.40590
  1.41529
  1.41691
  1.41487
  1.39396
 
  0.85031
  0.88864
  0.92808
  0.96885
  1.01090
  1.05414
  1.09844
  1.14367
  1.18964
  1.23616
  1.28298
  1.32993
  1.37696
  1.42393
  1.47028
  1.51548
  1.55965
  1.60563
  1.65638
  1.68252
  1.70670
  1.72386
  1.74344
  1.74633
  1.74110
  1.74526
  1.75517
  1.75426
  1.75652
  1.73202
 
  1.21929
  1.27125
  1.32401
  1.37788
  1.43268
  1.48817
  1.54411
  1.60017
  1.65604
  1.71142
  1.76606
  1.81987
  1.87328
  1.92657
  1.97924
  2.03087
  2.08176
  2.13523
  2.19479
  2.22579
  2.25476
  2.27540
  2.29832
  2.30387
  2.30623
  2.30768
  2.31055
  2.31038
  2.31099
  2.30479
 
  1.54874
  1.61586
  1.68189
  1.74710
  1.81118
  1.87390
  1.93518
  1.99531
  2.05479
  2.11359
  2.17149
  2.22844
  2.28489
  2.34123
  2.39717
  2.45269
  2.50810
  2.56482
  2.62421
  2.65470
  2.68571
  2.71003
  2.73379
  2.74265
  2.75360
  2.75088
  2.74581
  2.74798
  2.74559
  2.76009
 
  1.84463
  1.92660
  2.00489
  2.07972
  2.15065
  2.21749
  2.28060
  2.34111
  2.40080
  2.45995
  2.51847
  2.57624
  2.63362
  2.69086
  2.74753
  2.80329
  2.85825
  2.91446
  2.97415
  3.00519
  3.03688
  3.06138
  3.08504
  3.09687
  3.11421
  3.10795
  3.09695
  3.10137
  3.09637
  3.12638
 
  2.11423
  2.20899
  2.29741
  2.37967
  2.45524
  2.52404
  2.58685
  2.64571
  2.70364
  2.76125
  2.81853
  2.87531
  2.93186
  2.98830
  3.04410
  3.09868
  3.15200
  3.20652
  3.26504
  3.29574
  3.32706
  3.35110
  3.37447
  3.38787
  3.40862
  3.40043
  3.38619
  3.39183
  3.38543
  3.42387
 
  2.59004
  2.70354
  2.80587
  2.89721
  2.97689
  3.04515
  3.10361
  3.15589
  3.20710
  3.25842
  3.30996
  3.36155
  3.41331
  3.46518
  3.51655
  3.56649
  3.61471
  3.66415
  3.71826
  3.74700
  3.77615
  3.79849
  3.82121
  3.83387
  3.85311
  3.84561
  3.83255
  3.83773
  3.83185
  3.86718
 
  3.00005
  3.12478
  3.23430
  3.32889
  3.40791
  3.47194
  3.52333
  3.56693
  3.60939
  3.65234
  3.69599
  3.74021
  3.78506
  3.83043
  3.87567
  3.91959
  3.96171
  4.00520
  4.05383
  4.07995
  4.10618
  4.12654
  4.14856
  4.15761
  4.16917
  4.16572
  4.15953
  4.16210
  4.15924
  4.17664
 
  3.82973
  3.96256
  4.07271
  4.16125
  4.22791
  4.27407
  4.30342
  4.32285
  4.34138
  4.36123
  4.38288
  4.40644
  4.43188
  4.45911
  4.48745
  4.51519
  4.54143
  4.56971
  4.60430
  4.62368
  4.64255
  4.65791
  4.67750
  4.67675
  4.66806
  4.67531
  4.68723
  4.68289
  4.68803
  4.65818
 
  4.47548
  4.60083
  4.69875
  4.77142
  4.81908
  4.84376
  4.85007
  4.84597
  4.84155
  4.83948
  4.84028
  4.84426
  4.85137
  4.86154
  4.87401
  4.88662
  4.89808
  4.91238
  4.93438
  4.94797
  4.96080
  4.97166
  4.98770
  4.98194
  4.96380
  4.97577
  4.99576
  4.98833
  4.99705
  4.94607
 
  5.43892
  5.55383
  5.61606
  5.63685
  5.62831
  5.60430
  5.57013
  5.53105
  5.49310
  5.45833
  5.42731
  5.39995
  5.37538
  5.35292
  5.33337
  5.31805
  5.30818
  5.30367
  5.30413
  5.30617
  5.30927
  5.31396
  5.32227
  5.31522
  5.30036
  5.30956
  5.32421
  5.32197
  5.32609
  5.28557
 
  6.16307
  6.23754
  6.25914
  6.24048
  6.19302
  6.12978
  6.05693
  5.98129
  5.91043
  5.84632
  5.78866
  5.73635
  5.68860
  5.64429
  5.60404
  5.56850
  5.53852
  5.51476
  5.49787
  5.49206
  5.48771
  5.48611
  5.48652
  5.48239
  5.47484
  5.47912
  5.48596
  5.48489
  5.48681
  5.46769
 
  6.73479
  6.77731
  6.76220
  6.70496
  6.61908
  6.51950
  6.41313
  6.30711
  6.20943
  6.12151
  6.04207
  5.96923
  5.90247
  5.84072
  5.78415
  5.73246
  5.68573
  5.64549
  5.61341
  5.60051
  5.58929
  5.58204
  5.57605
  5.57372
  5.57102
  5.57174
  5.57298
  5.57274
  5.57313
  5.56930
 
  7.20412
  7.22338
  7.17595
  7.08160
  6.95831
  6.82510
  6.68935
  6.55768
  6.43756
  6.32971
  6.23185
  6.14157
  6.05867
  5.98247
  5.91259
  5.84755
  5.78653
  5.73190
  5.68622
  5.66676
  5.64906
  5.63665
  5.62557
  5.62354
  5.62261
  5.62150
  5.61996
  5.62011
  5.61974
  5.62347
 
  7.93845
  7.92127
  7.81633
  7.65330
  7.46113
  7.26856
  7.08334
  6.90989
  6.75318
  6.61269
  6.48432
  6.36501
  6.25530
  6.15552
  6.06417
  5.97769
  5.89358
  5.81550
  5.74714
  5.71637
  5.68740
  5.66626
  5.64719
  5.64384
  5.64226
  5.64007
  5.63704
  5.63737
  5.63663
  5.64415
 
  8.49376
  8.44071
  8.28274
  8.05851
  7.80678
  7.56442
  7.33875
  7.13179
  6.94550
  6.77825
  6.62479
  6.48168
  6.35002
  6.23087
  6.12209
  6.01860
  5.91683
  5.82099
  5.73511
  5.69546
  5.65758
  5.62958
  5.60406
  5.59878
  5.59520
  5.59314
  5.59054
  5.59075
  5.59016
  5.59623
 
  9.49672
  9.23206
  8.93867
  8.63145
  8.31553
  7.99755
  7.68607
  7.39280
  7.12985
  6.89839
  6.69539
  6.51618
  6.35340
  6.20151
  6.05917
  5.92254
  5.78950
  5.66338
  5.54947
  5.49772
  5.44614
  5.40525
  5.36756
  5.35894
  5.35195
  5.35077
  5.34964
  5.34973
  5.34947
  5.35054
 
 10.18917
  9.72541
  9.28093
  8.86433
  8.47396
  8.10889
  7.76827
  7.45181
  7.15969
  6.89103
  6.64462
  6.41898
  6.21208
  6.02302
  5.85346
  5.70328
  5.56975
  5.43935
  5.29970
  5.22976
  5.16763
  5.12613
  5.08047
  5.06818
  5.06093
  5.06038
  5.05944
  5.05928
  5.05931
  5.05879
 
 10.87224
 10.24174
  9.65474
  9.11391
  8.61497
  8.15588
  7.73534
  7.35114
  7.00164
  6.68468
  6.39747
  6.13674
  5.89786
  5.67788
  5.47780
  5.29842
  5.13642
  4.97951
  4.81733
  4.73770
  4.66585
  4.61571
  4.55823
  4.54261
  4.53533
  4.53460
  4.53277
  4.53271
  4.53237
  4.53343
 
 11.23553
 10.49136
  9.81151
  9.19064
  8.62328
  8.10580
  7.63622
  7.21112
  6.82717
  6.48112
  6.16920
  5.88695
  5.62819
  5.38872
  5.16903
  4.96966
  4.78778
  4.61126
  4.43079
  4.34260
  4.26240
  4.20550
  4.14056
  4.12314
  4.11463
  4.11319
  4.11018
  4.11019
  4.10956
  4.11372
 
 11.44334
 10.60959
  9.86340
  9.18992
  8.58181
  8.03264
  7.53786
  7.09142
  6.68734
  6.32157
  5.99056
  5.69010
  5.41460
  5.15973
  4.92412
  4.70486
  4.49950
  4.30533
  4.12186
  4.03413
  3.94573
  3.87454
  3.80464
  3.78847
  3.77713
  3.77498
  3.77099
  3.77026
  3.77079
  3.77719
 
 11.57845
 10.67811
  9.88344
  9.17057
  8.53151
  7.95814
  7.44379
  6.98087
  6.56203
  6.18269
  5.83903
  5.52673
  5.24005
  4.97450
  4.72832
  4.49810
  4.28103
  4.07446
  3.87707
  3.78182
  3.68616
  3.60981
  3.53568
  3.51805
  3.50447
  3.50184
  3.49741
  3.49664
  3.49716
  3.50464
 
 11.71115
 10.72660
  9.87295
  9.11157
  8.43374
  7.82992
  7.29043
  6.80598
  6.36799
  5.97138
  5.61194
  5.28496
  4.98446
  4.70554
  4.44579
  4.20091
  3.96696
  3.74155
  3.52178
  3.41382
  3.30540
  3.21938
  3.13642
  3.11547
  3.09712
  3.09419
  3.09078
  3.09025
  3.09035
  3.09453
 
 11.75263
 10.72142
  9.83711
  9.05009
  8.35150
  7.73067
  7.17672
  6.67961
  6.23048
  5.82404
  5.45579
  5.12076
  4.81268
  4.52637
  4.25887
  4.00509
  3.76019
  3.52101
  3.28390
  3.16540
  3.04564
  2.95012
  2.85752
  2.83320
  2.81076
  2.80799
  2.80650
  2.80638
  2.80590
  2.80420
 
 11.70889
 10.63737
  9.73203
  8.92646
  8.21285
  7.57682
  7.00839
  6.49793
  6.03725
  5.62090
  5.24402
  4.90126
  4.58602
  4.29257
  4.01697
  3.75259
  3.49254
  3.23062
  2.96054
  2.82021
  2.67452
  2.55457
  2.43580
  2.40543
  2.37921
  2.37667
  2.37632
  2.37640
  2.37559
  2.37027
 
 11.60189
 10.53449
  9.64079
  8.84355
  8.13561
  7.50105
  6.93166
  6.41928
  5.95696
  5.53939
  5.16162
  4.81816
  4.50231
  4.20807
  3.93077
  3.66253
  3.39467
  3.11796
  2.82186
  2.66324
  2.49399
  2.35003
  2.20476
  2.17075
  2.14653
  2.14353
  2.13962
  2.13894
  2.13908
  2.14330
 
 11.38421
 10.35471
  9.50514
  8.74366
  8.06010
  7.44134
  6.88175
  6.37586
  5.91905
  5.50649
  5.13332
  4.79411
  4.48216
  4.19116
  3.91544
  3.64530
  3.36911
  3.07254
  2.73749
  2.54940
  2.34207
  2.15745
  1.96284
  1.92256
  1.90777
  1.90317
  1.88644
  1.88279
  1.88759
  1.92362
 
 11.21243
 10.22155
  9.41541
  8.68978
  8.03167
  7.43146
  6.88536
  6.38975
  5.94163
  5.53673
  5.17032
  4.83715
  4.53062
  4.24427
  3.97189
  3.70262
  3.42277
  3.11390
  2.75137
  2.54045
  2.30120
  2.08282
  1.84883
  1.80040
  1.78501
  1.77973
  1.75755
  1.75215
  1.76055
  1.82051
 
 11.08513
 10.12535
  9.35603
  8.66044
  8.02476
  7.44182
  6.90906
  6.42417
  5.98525
  5.58844
  5.22919
  4.90232
  4.60133
  4.31964
  4.05077
  3.78318
  3.50184
  3.18546
  2.80403
  2.57576
  2.30940
  2.06049
  1.78682
  1.73009
  1.71517
  1.70932
  1.68210
  1.67537
  1.68571
  1.75939
 
 10.98808
 10.05323
  9.31522
  8.64443
  8.02829
  7.46084
  6.94056
  6.46594
  6.03594
  5.64701
  5.29474
  4.97405
  4.67846
  4.40135
  4.13607
  3.87069
  3.58921
  3.26821
  2.87289
  2.63065
  2.34103
  2.06437
  1.75311
  1.68734
  1.67068
  1.66455
  1.63449
  1.62696
  1.63832
  1.71891
 
 10.85056
  9.95362
  9.26500
  8.63299
  8.04876
  7.50751
  7.00898
  6.55283
  6.13906
  5.76459
  5.42525
  5.11613
  4.83073
  4.56239
  4.30434
  4.04429
  3.76499
  3.43995
  3.02630
  2.76274
  2.43457
  2.10889
  1.72854
  1.64407
  1.61966
  1.61323
  1.58087
  1.57260
  1.58448
  1.66914
 
 10.75928
  9.89030
  9.23800
  8.63508
  8.07549
  7.55518
  7.07459
  6.63406
  6.23425
  5.87240
  5.54453
  5.24584
  4.96975
  4.70960
  4.45867
  4.20451
  3.92927
  3.60449
  3.18066
  2.90182
  2.54284
  2.17508
  1.73228
  1.62913
  1.59345
  1.58669
  1.55442
  1.54601
  1.55735
  1.63991
 
 10.63409
  9.81089
  9.21526
  8.66047
  8.14272
  7.65931
  7.21142
  6.80029
  6.42739
  6.09042
  5.78572
  5.50857
  5.25232
  5.01019
  4.77576
  4.53685
  4.27521
  3.96025
  3.53067
  3.22985
  2.81642
  2.36680
  1.78825
  1.64008
  1.56857
  1.56028
  1.53231
  1.52470
  1.53270
  1.60115
 
 10.57747
  9.77996
  9.21677
  8.69111
  8.19967
  7.74054
  7.31506
  6.92476
  6.57144
  6.25304
  5.96606
  5.70590
  5.46577
  5.23886
  5.01915
  4.79486
  4.54799
  4.24758
  3.82488
  3.51455
  3.06683
  2.55750
  1.86625
  1.67668
  1.56532
  1.55415
  1.53074
  1.52430
  1.52850
  1.58190
 
 10.53874
  9.76464
  9.23596
  8.74290
  8.28273
  7.85414
  7.45820
  7.09636
  6.77031
  6.47830
  6.21715
  5.98245
  5.76737
  5.56522
  5.37051
  5.17214
  4.95281
  4.68194
  4.28267
  3.96914
  3.48580
  2.89908
  2.03194
  1.76964
  1.57706
  1.55689
  1.53771
  1.53312
  1.53113
  1.56305
 
 10.53475
  9.76903
  9.25644
  8.77999
  8.33731
  7.92708
  7.54990
  7.20682
  6.89909
  6.62511
  6.38199
  6.16558
  5.96925
  5.78648
  5.61218
  5.43554
  5.23957
  4.99394
  4.61835
  4.31028
  3.81590
  3.18752
  2.19221
  1.86644
  1.59490
  1.56335
  1.54283
  1.53928
  1.53310
  1.55361
 
 10.54786
  9.77982
  9.27203
  8.80384
  8.37231
  7.97543
  7.61266
  7.28374
  6.98863
  6.72615
  6.49456
  6.29129
  6.11197
  5.95094
  5.80013
  5.64171
  5.45389
  5.21321
  4.85274
  4.56431
  4.10308
  3.47587
  2.33572
  1.93946
  1.61772
  1.57660
  1.54420
  1.54085
  1.53649
  1.54794
 
 10.55195
  9.78821
  9.28612
  8.82451
  8.40056
  8.01214
  7.65854
  7.33924
  7.05391
  6.80139
  6.58003
  6.38737
  6.21903
  6.06970
  5.93231
  5.79079
  5.62369
  5.40324
  5.05804
  4.77606
  4.32152
  3.69144
  2.48417
  2.02901
  1.63257
  1.58259
  1.54735
  1.54166
  1.53868
  1.54419
 
 10.55505
  9.80267
  9.30798
  8.85322
  8.43711
  8.05881
  7.71728
  7.41140
  7.14000
  6.90182
  6.69524
  6.51781
  6.36535
  6.23311
  6.11578
  6.00025
  5.86674
  5.68290
  5.36796
  5.09848
  4.66385
  4.04703
  2.75356
  2.19681
  1.66347
  1.59496
  1.54926
  1.54252
  1.53910
  1.53953
 
 10.55810
  9.80690
  9.31565
  8.86762
  8.45967
  8.08953
  7.75588
  7.45750
  7.19318
  6.96206
  6.76313
  6.59474
  6.45354
  6.33556
  6.23569
  6.14054
  6.02980
  5.87076
  5.58672
  5.33884
  4.92930
  4.32450
  2.97835
  2.35971
  1.69729
  1.60538
  1.54844
  1.54398
  1.53406
  1.53672
 
 10.54604
  9.81168
  9.32933
  8.88959
  8.48976
  8.12789
  7.80280
  7.51340
  7.25877
  7.03834
  6.85153
  6.69711
  6.57237
  6.47435
  6.39966
  6.33751
  6.26969
  6.16193
  5.93695
  5.72763
  5.37846
  4.83959
  3.45542
  2.69559
  1.77947
  1.64224
  1.54775
  1.54012
  1.52609
  1.53297
 
 10.52438
  9.81259
  9.33759
  8.90302
  8.50684
  8.14778
  7.82517
  7.53869
  7.28823
  7.07335
  6.89350
  6.74723
  6.63158
  6.54389
  6.48262
  6.44051
  6.40201
  6.33014
  6.15223
  5.97688
  5.66862
  5.18004
  3.82886
  2.98752
  1.85894
  1.67841
  1.55135
  1.53750
  1.52622
  1.53112
 
 10.50174
  9.82106
  9.34533
  8.91181
  8.51834
  8.16341
  7.84600
  7.56532
  7.32082
  7.11202
  6.93844
  6.79869
  6.68987
  6.61042
  6.56232
  6.54532
  6.54932
  6.53097
  6.41510
  6.28366
  6.04447
  5.62674
  4.33726
  3.46417
  2.02392
  1.76460
  1.56262
  1.54385
  1.52233
  1.52926
 
 10.47415
  9.82449
  9.35046
  8.91855
  8.52675
  8.17361
  7.85818
  7.57972
  7.33772
  7.13185
  6.96160
  6.82586
  6.72190
  6.64853
  6.60862
  6.60343
  6.62582
  6.63855
  6.57357
  6.47476
  6.27014
  5.89835
  4.71682
  3.82490
  2.17714
  1.85567
  1.57954
  1.55123
  1.52226
  1.52833
 
 10.43524
  9.81891
  9.35337
  8.92686
  8.53793
  8.18581
  7.87018
  7.59108
  7.34890
  7.14363
  6.97518
  6.84301
  6.74532
  6.68084
  6.64984
  6.64753
  6.66531
  6.68567
  6.66572
  6.60348
  6.43612
  6.11187
  5.01108
  4.07873
  2.32574
  1.95745
  1.59869
  1.55242
  1.52220
  1.52778
 
 10.42140
  9.82056
  9.35592
  8.93029
  8.54228
  8.19108
  7.87636
  7.59810
  7.35664
  7.15211
  6.98462
  6.85403
  6.75906
  6.69879
  6.67294
  6.67536
  6.69815
  6.73283
  6.74654
  6.70591
  6.55280
  6.23258
  5.21840
  4.35786
  2.46211
  2.03099
  1.61368
  1.56819
  1.52410
  1.52741
 
 10.40267
  9.82155
  9.35804
  8.93361
  8.54695
  8.19727
  7.88420
  7.60773
  7.36820
  7.16577
  7.00063
  6.87271
  6.78087
  6.72438
  6.70331
  6.71217
  6.74448
  6.79533
  6.84009
  6.82702
  6.71805
  6.45188
  5.53897
  4.72427
  2.72307
  2.19891
  1.64863
  1.58280
  1.52534
  1.52694
 
 10.39084
  9.82327
  9.36022
  8.93553
  8.54862
  8.19932
  7.88734
  7.61273
  7.37576
  7.17612
  7.01315
  6.88643
  6.79549
  6.74036
  6.72164
  6.73488
  6.77503
  6.83864
  6.89863
  6.89568
  6.81836
  6.62008
  5.80423
  4.95934
  2.94385
  2.37081
  1.68914
  1.58065
  1.53953
  1.52666
 
 10.37107
  9.82406
  9.36233
  8.93827
  8.55202
  8.20394
  7.89360
  7.62077
  7.38539
  7.18745
  7.02676
  6.90310
  6.81549
  6.76370
  6.74877
  6.76728
  6.81541
  6.89085
  6.97587
  7.00311
  6.98618
  6.84905
  6.13891
  5.47326
  3.43674
  2.69844
  1.77650
  1.63074
  1.53633
  1.52628
 
 10.36040
  9.82431
  9.36315
  8.93958
  8.55380
  8.20618
  7.89634
  7.62404
  7.38926
  7.19198
  7.03218
  6.90958
  6.82323
  6.77297
  6.76018
  6.78205
  6.83550
  6.91865
  7.01609
  7.05615
  7.06913
  6.98152
  6.37581
  5.78645
  3.81565
  2.98670
  1.86345
  1.67166
  1.54617
  1.52609
 
 10.34944
  9.82446
  9.36387
  8.94098
  8.55580
  8.20852
  7.89883
  7.62659
  7.39198
  7.19505
  7.03586
  6.91425
  6.82909
  6.78025
  6.76960
  6.79530
  6.85503
  6.94615
  7.05667
  7.11090
  7.15265
  7.11971
  6.66844
  6.18639
  4.37659
  3.44641
  2.02840
  1.75764
  1.56651
  1.52590
 
 10.34397
  9.82459
  9.36423
  8.94173
  8.55691
  8.20986
  7.90027
  7.62809
  7.39360
  7.19690
  7.03810
  6.91700
  6.83246
  6.78434
  6.77476
  6.80229
  6.86504
  6.96029
  7.07816
  7.13959
  7.19345
  7.18889
  6.84582
  6.43513
  4.77216
  3.80201
  2.18469
  1.84532
  1.58615
  1.52581
 
 10.34057
  9.82474
  9.36445
  8.94212
  8.55754
  8.21072
  7.90139
  7.62949
  7.39529
  7.19889
  7.04041
  6.91964
  6.83552
  6.78795
  6.77907
  6.80748
  6.87153
  6.96925
  7.09230
  7.15783
  7.21752
  7.22970
  6.96519
  6.60515
  5.06417
  4.08713
  2.33655
  1.93275
  1.60482
  1.52576
 
 10.35506
  9.83046
  9.36364
  8.93846
  8.55342
  8.20742
  7.89964
  7.62955
  7.39687
  7.20156
  7.04351
  6.92212
  6.83538
  6.78337
  6.77137
  6.80511
  6.88596
  6.99427
  7.10622
  7.16506
  7.22875
  7.25800
  7.04622
  6.72962
  5.28730
  4.32327
  2.47875
  2.02332
  1.62151
  1.52573
 
 10.33427
  9.82491
  9.36491
  8.94270
  8.55826
  8.21177
  7.90287
  7.63152
  7.39789
  7.20207
  7.04406
  6.92379
  6.84034
  6.79374
  6.78592
  6.81494
  6.87931
  6.98028
  7.11277
  7.18539
  7.25611
  7.29426
  7.15363
  6.88939
  5.61218
  4.68699
  2.73550
  2.19950
  1.65696
  1.52571
 
 10.33144
  9.82485
  9.36513
  8.94290
  8.55829
  8.21164
  7.90265
  7.63122
  7.39756
  7.20171
  7.04367
  6.92337
  6.84005
  6.79383
  6.78641
  6.81531
  6.87897
  6.98048
  7.11671
  7.19335
  7.27293
  7.32180
  7.20801
  6.98614
  5.83122
  4.95555
  2.96343
  2.36604
  1.68928
  1.52570
 
