  0.42023
  0.44390
  0.46839
  0.49370
  0.51977
  0.54649
  0.57375
  0.60139
  0.62927
  0.65720
  0.68506
  0.71285
  0.74082
  0.76919
  0.79777
  0.82647
  0.85568
  0.88764
  0.92401
  0.94178
  0.95448
  0.96039
  0.97696
  0.98605
  0.98961
  0.98936
  0.99015
  0.99063
  0.99072
  0.99174
 
  0.62974
  0.65942
  0.69009
  0.72188
  0.75476
  0.78869
  0.82358
  0.85932
  0.89582
  0.93291
  0.97044
  1.00831
  1.04654
  1.08507
  1.12358
  1.16179
  1.20007
  1.24118
  1.28803
  1.31257
  1.33486
  1.35036
  1.37066
  1.37690
  1.37941
  1.38100
  1.38121
  1.37861
  1.37823
  1.35962
 
  0.82614
  0.86260
  0.90009
  0.93881
  0.97872
  1.01974
  1.06177
  1.10465
  1.14826
  1.19241
  1.23691
  1.28161
  1.32656
  1.37169
  1.41661
  1.46101
  1.50536
  1.55302
  1.60787
  1.63728
  1.66540
  1.68600
  1.70886
  1.71427
  1.71697
  1.71904
  1.71912
  1.71592
  1.71544
  1.69573
 
  1.18444
  1.23462
  1.28556
  1.33754
  1.39041
  1.44396
  1.49792
  1.55199
  1.60587
  1.65931
  1.71205
  1.76405
  1.81576
  1.86752
  1.91898
  1.96995
  2.02122
  2.07703
  2.14224
  2.17747
  2.21081
  2.23468
  2.26052
  2.26690
  2.27114
  2.27251
  2.27286
  2.27129
  2.27108
  2.26669
 
  1.50487
  1.56734
  1.63001
  1.69323
  1.75667
  1.81994
  1.88260
  1.94418
  2.00420
  2.06231
  2.11832
  2.17241
  2.22565
  2.27902
  2.33235
  2.38564
  2.43993
  2.49983
  2.57025
  2.60792
  2.64212
  2.66521
  2.69237
  2.70065
  2.70645
  2.70661
  2.70736
  2.70817
  2.70836
  2.72046
 
  1.79498
  1.86777
  1.94003
  2.01218
  2.08374
  2.15413
  2.22274
  2.28894
  2.35213
  2.41187
  2.46812
  2.52131
  2.57323
  2.62553
  2.67826
  2.73160
  2.78679
  2.84837
  2.92079
  2.95895
  2.99202
  3.01289
  3.04042
  3.05055
  3.05748
  3.05651
  3.05760
  3.06048
  3.06104
  3.08499
 
  2.05141
  2.14263
  2.22895
  2.31062
  2.38705
  2.45797
  2.52375
  2.58565
  2.64569
  2.70418
  2.76099
  2.81607
  2.87000
  2.92343
  2.97664
  3.03081
  3.08738
  3.14736
  3.21128
  3.24411
  3.27649
  3.30140
  3.32852
  3.33726
  3.34520
  3.34544
  3.34589
  3.34736
  3.35227
  3.38047
 
  2.51390
  2.62433
  2.72533
  2.81710
  2.89889
  2.97066
  3.03352
  3.09021
  3.14474
  3.19794
  3.24986
  3.30046
  3.35022
  3.39972
  3.44917
  3.49948
  3.55172
  3.60663
  3.66445
  3.69386
  3.72282
  3.74530
  3.77099
  3.77976
  3.78776
  3.78780
  3.78821
  3.79007
  3.79561
  3.81923
 
  2.91326
  3.03766
  3.14791
  3.24421
  3.32583
  3.39316
  3.44823
  3.49546
  3.54094
  3.58614
  3.63119
  3.67597
  3.72064
  3.76538
  3.81015
  3.85518
  3.90098
  3.94885
  3.99987
  4.02600
  4.05154
  4.07143
  4.09523
  4.10331
  4.11141
  4.10867
  4.10943
  4.11552
  4.11454
  4.12448
 
  3.73285
  3.86947
  3.98303
  4.07441
  4.14327
  4.19105
  4.22160
  4.24216
  4.26220
  4.28412
  4.30845
  4.33538
  4.36494
  4.39695
  4.43008
  4.46109
  4.48793
  4.51559
  4.55022
  4.56989
  4.58897
  4.60370
  4.62251
  4.62728
  4.63082
  4.63143
  4.63169
  4.63139
  4.63162
  4.60131
 
  4.37962
  4.51104
  4.61360
  4.68923
  4.73823
  4.76291
  4.76838
  4.76351
  4.75947
  4.75925
  4.76349
  4.77255
  4.78638
  4.80445
  4.82461
  4.84150
  4.85151
  4.86231
  4.88351
  4.89801
  4.91193
  4.92242
  4.93677
  4.93921
  4.93975
  4.94237
  4.94232
  4.93818
  4.93911
  4.89272
 
  5.36575
  5.46453
  5.52898
  5.56342
  5.56921
  5.54982
  5.51155
  5.46450
  5.42061
  5.38339
  5.35342
  5.33087
  5.31555
  5.30638
  5.30076
  5.29204
  5.27601
  5.26225
  5.26304
  5.26912
  5.27470
  5.27829
  5.28533
  5.28568
  5.28430
  5.28733
  5.28717
  5.28199
  5.28304
  5.25005
 
  6.10257
  6.16203
  6.18524
  6.17848
  6.14392
  6.08570
  6.01068
  5.92928
  5.85347
  5.78672
  5.72951
  5.68151
  5.64223
  5.60994
  5.58211
  5.55229
  5.51647
  5.48438
  5.46856
  5.46719
  5.46561
  5.46361
  5.46458
  5.46379
  5.46188
  5.46409
  5.46396
  5.46002
  5.46076
  5.44998
 
  6.81899
  6.74355
  6.66197
  6.58095
  6.50049
  6.42062
  6.34144
  6.26305
  6.18559
  6.10952
  6.03540
  5.96317
  5.89374
  5.82741
  5.76504
  5.70787
  5.65741
  5.61495
  5.58505
  5.57891
  5.58226
  5.58979
  5.57187
  5.55709
  5.56052
  5.56377
  5.56323
  5.56164
  5.56139
  5.56546
 
  7.29306
  7.18639
  7.07364
  6.96240
  6.85262
  6.74443
  6.63796
  6.53327
  6.43074
  6.33099
  6.23458
  6.14159
  6.05312
  5.96984
  5.89272
  5.82322
  5.76270
  5.71109
  5.67132
  5.65976
  5.65700
  5.65826
  5.62957
  5.61164
  5.61780
  5.62183
  5.62061
  5.61876
  5.61935
  5.62981
 
  8.03247
  7.87000
  7.70224
  7.53810
  7.37745
  7.22048
  7.06741
  6.91829
  6.77367
  6.63458
  6.50140
  6.37449
  6.25502
  6.14442
  6.04373
  5.95461
  5.87809
  5.81175
  5.75555
  5.73466
  5.72110
  5.71122
  5.66468
  5.64179
  5.65199
  5.65716
  5.65481
  5.65256
  5.65378
  5.66569
 
  8.47018
  8.34945
  8.19037
  8.00602
  7.80100
  7.58198
  7.35794
  7.14094
  6.94419
  6.77061
  6.61834
  6.48419
  6.36296
  6.25054
  6.14468
  6.04131
  5.93796
  5.83977
  5.75460
  5.71850
  5.68501
  5.66044
  5.63661
  5.62976
  5.62306
  5.62356
  5.62308
  5.62089
  5.62123
  5.63037
 
  9.43241
  9.18075
  8.90048
  8.60600
  8.30221
  7.99551
  7.69417
  7.40957
  7.15354
  6.92732
  6.72812
  6.55160
  6.39084
  6.24073
  6.10036
  5.96668
  5.83793
  5.71591
  5.60451
  5.55410
  5.50564
  5.46885
  5.43359
  5.42443
  5.41562
  5.41654
  5.41573
  5.41234
  5.41283
  5.41285
 
 10.00590
  9.71382
  9.33683
  8.91805
  8.49738
  8.11000
  7.76019
  7.44688
  7.16878
  6.91917
  6.68765
  6.46894
  6.26749
  6.08669
  5.92527
  5.77618
  5.63410
  5.50077
  5.37648
  5.31655
  5.25860
  5.21461
  5.17134
  5.16116
  5.15209
  5.15272
  5.15149
  5.14868
  5.14822
  5.14457
 
 10.83175
 10.21910
  9.64742
  9.11944
  8.63129
  8.18121
  7.76809
  7.38997
  7.04546
  6.73273
  6.44934
  6.19247
  5.95823
  5.74417
  5.55145
  5.38092
  5.22906
  5.08217
  4.92787
  4.85087
  4.78047
  4.73109
  4.67802
  4.66438
  4.65560
  4.65561
  4.65422
  4.65248
  4.65214
  4.64806
 
 11.20750
 10.48039
  9.81459
  9.20552
  8.64799
  8.13863
  7.67574
  7.25615
  6.87683
  6.53481
  6.22673
  5.94856
  5.69474
  5.46160
  5.24974
  5.05979
  4.88866
  4.72272
  4.55059
  4.46518
  4.38643
  4.33005
  4.26892
  4.25361
  4.24461
  4.24308
  4.24188
  4.24292
  4.24285
  4.24141
 
 11.41624
 10.60344
  9.87333
  9.21213
  8.61329
  8.07109
  7.58163
  7.13961
  6.73973
  6.37824
  6.05173
  5.75619
  5.48622
  5.23772
  5.00941
  4.79843
  4.60223
  4.41749
  4.24260
  4.15806
  4.07086
  3.99925
  3.93215
  3.91785
  3.90731
  3.90508
  3.90368
  3.90541
  3.90971
  3.90934
 
 11.55593
 10.67473
  9.89437
  9.19254
  8.56195
  7.99533
  7.48666
  7.02923
  6.61639
  6.24347
  5.90625
  5.59979
  5.31739
  5.05440
  4.81094
  4.58719
  4.38206
  4.18750
  3.99638
  3.90197
  3.80671
  3.73104
  3.65888
  3.64218
  3.63235
  3.62549
  3.62432
  3.63363
  3.63184
  3.63552
 
 11.68865
 10.71794
  9.87624
  9.12593
  8.45829
  7.86375
  7.33263
  6.85549
  6.42367
  6.03220
  5.67714
  5.35399
  5.05704
  4.78169
  4.52596
  4.28622
  4.05897
  3.84115
  3.62885
  3.52387
  3.41652
  3.32970
  3.24700
  3.22693
  3.20996
  3.20683
  3.20518
  3.20704
  3.21163
  3.21260
 
 11.72131
 10.70727
  9.83601
  9.05998
  8.37058
  7.75753
  7.21028
  6.71914
  6.27548
  5.87414
  5.51076
  5.18038
  4.87680
  4.59490
  4.33189
  4.08292
  3.84325
  3.60931
  3.37720
  3.26120
  3.14393
  3.05005
  2.95676
  2.93163
  2.90972
  2.90701
  2.90519
  2.90511
  2.90523
  2.90533
 
 11.65064
 10.60519
  9.71709
  8.92309
  8.21677
  7.58522
  7.01968
  6.51190
  6.05483
  5.64315
  5.27184
  4.93539
  4.62687
  4.34029
  4.07133
  3.81269
  3.55688
  3.29779
  3.02961
  2.89057
  2.74763
  2.63077
  2.51214
  2.48087
  2.45460
  2.45216
  2.44976
  2.44799
  2.44439
  2.44356
 
 11.52264
 10.48388
  9.60889
  8.82403
  8.12367
  7.49353
  6.92677
  6.41664
  5.95749
  5.54418
  5.17167
  4.83435
  4.52541
  4.23858
  3.96886
  3.70755
  3.44526
  3.17269
  2.87898
  2.72064
  2.55097
  2.40670
  2.26459
  2.23264
  2.20859
  2.20545
  2.20232
  2.20218
  2.20276
  2.20577
 
 11.29212
 10.27224
  9.43150
  8.68028
  8.00793
  7.40101
  6.85338
  6.35900
  5.91268
  5.50920
  5.14316
  4.80827
  4.49664
  4.20210
  3.92219
  3.65308
  3.38660
  3.10344
  2.77953
  2.59443
  2.38609
  2.19796
  2.00233
  1.96227
  1.95029
  1.94807
  1.94206
  1.94470
  1.95864
  1.98114
 
 11.09693
 10.11387
  9.31747
  8.60521
  7.96286
  7.37967
  6.85036
  6.36981
  5.93353
  5.53704
  5.17563
  4.84386
  4.53479
  4.24278
  3.96490
  3.69638
  3.42701
  3.13291
  2.78296
  2.57572
  2.33618
  2.11440
  1.87529
  1.82476
  1.82017
  1.81894
  1.81094
  1.81571
  1.84025
  1.87827
 
 10.94905
  9.99882
  9.24189
  8.56312
  7.94721
  7.38522
  6.87274
  6.40527
  5.97893
  5.58983
  5.23384
  4.90618
  4.60068
  4.31209
  4.03714
  3.77014
  3.49904
  3.19571
  2.82331
  2.59802
  2.33447
  2.08934
  1.81949
  1.75509
  1.73075
  1.73375
  1.74297
  1.75014
  1.77511
  1.81740
 
 10.83906
  9.91525
  9.19138
  8.53969
  7.94581
  7.40182
  6.90390
  6.44809
  6.03096
  5.64904
  5.29873
  4.97566
  4.67432
  4.38975
  4.11842
  3.85405
  3.58324
  3.27453
  2.88574
  2.64534
  2.35907
  2.08891
  1.78552
  1.71036
  1.68203
  1.68619
  1.69838
  1.70669
  1.73378
  1.77693
 
 10.68598
  9.80270
  9.13079
  8.52080
  7.96185
  7.44691
  6.97310
  6.53716
  6.13633
  5.76779
  5.42854
  5.11498
  4.82239
  4.54629
  4.28283
  4.02488
  3.75693
  3.44232
  3.02965
  2.76540
  2.44143
  2.12744
  1.76272
  1.66666
  1.62778
  1.63336
  1.64995
  1.65947
  1.68721
  1.72696
 
 10.58782
  9.73403
  9.09965
  8.52008
  7.98712
  7.49434
  7.03944
  6.61958
  6.23247
  5.87571
  5.54669
  5.24231
  4.95839
  4.69076
  4.43537
  4.18459
  3.92140
  3.60525
  3.17702
  2.89500
  2.54089
  2.18948
  1.76919
  1.65311
  1.60158
  1.60763
  1.62693
  1.63668
  1.66232
  1.69749
 
 10.46417
  9.65580
  9.07723
  8.54516
  8.05361
  7.59742
  7.17491
  6.78387
  6.42260
  6.08924
  5.78177
  5.49767
  5.23344
  4.98533
  4.74925
  4.51695
  4.26941
  3.95992
  3.51507
  3.20573
  2.79836
  2.37436
  1.83171
  1.66914
  1.58141
  1.58606
  1.60726
  1.61523
  1.63049
  1.65822
 
 10.45355
  9.67390
  9.11251
  8.58484
  8.09442
  7.64477
  7.23688
  6.87082
  6.54587
  6.25257
  5.97624
  5.70800
  5.44964
  5.20254
  4.96557
  4.73580
  4.50441
  4.24432
  3.85924
  3.54208
  3.06835
  2.53499
  1.86679
  1.70727
  1.60774
  1.59507
  1.59093
  1.59905
  1.62957
  1.63863
 
 10.43661
  9.65338
  9.12087
  8.63342
  8.18597
  7.77463
  7.39755
  7.05261
  6.73796
  6.45157
  6.19098
  5.95278
  5.73159
  5.52262
  5.32303
  5.12673
  4.91973
  4.66652
  4.28184
  3.96990
  3.47928
  2.88790
  2.04756
  1.79926
  1.61970
  1.60311
  1.59694
  1.60038
  1.61387
  1.61935
 
 10.43185
  9.66471
  9.15129
  8.67984
  8.24653
  7.84847
  7.48447
  7.15329
  6.85395
  6.58460
  6.34281
  6.12496
  5.92528
  5.73845
  5.56117
  5.38617
  5.19906
  4.96692
  4.60495
  4.30119
  3.80644
  3.17982
  2.20992
  1.89683
  1.63991
  1.61206
  1.60019
  1.60107
  1.60307
  1.60964
 
 10.43476
  9.67803
  9.17578
  8.71383
  8.28913
  7.89944
  7.54395
  7.22207
  6.93336
  6.67616
  6.44809
  6.24556
  6.06265
  5.89376
  5.73513
  5.57828
  5.40818
  5.19381
  4.85244
  4.55967
  4.07196
  3.42939
  2.36099
  1.99023
  1.66010
  1.62040
  1.60154
  1.60070
  1.59538
  1.60379
 
 10.43840
  9.68969
  9.19465
  8.73903
  8.32020
  7.93634
  7.58696
  7.27187
  6.99098
  6.74284
  6.52514
  6.33441
  6.16472
  6.01038
  5.86727
  5.72590
  5.57062
  5.37185
  5.04937
  4.76847
  4.29305
  3.64555
  2.50053
  2.07867
  1.67997
  1.62842
  1.60179
  1.59969
  1.58972
  1.59992
 
 10.44935
  9.70700
  9.21772
  8.76908
  8.35835
  7.98363
  7.64412
  7.33927
  7.06859
  6.83115
  6.62562
  6.44991
  6.30015
  6.17168
  6.05869
  5.94683
  5.81478
  5.62931
  5.31760
  5.05939
  4.64477
  4.04661
  2.76524
  2.22214
  1.70933
  1.64547
  1.60369
  1.59341
  1.59200
  1.59509
 
 10.44753
  9.71367
  9.23003
  8.78695
  8.38183
  8.01291
  7.67946
  7.38102
  7.11713
  6.88708
  6.68989
  6.52394
  6.38596
  6.27190
  6.17635
  6.08506
  5.97631
  5.81493
  5.52829
  5.28696
  4.89840
  4.32345
  2.99412
  2.37510
  1.73949
  1.65616
  1.60338
  1.59135
  1.58941
  1.59217
 
 10.43447
  9.71700
  9.24218
  8.80743
  8.41055
  8.05008
  7.72538
  7.43607
  7.18194
  6.96257
  6.77741
  6.62527
  6.50353
  6.40916
  6.33829
  6.27897
  6.21152
  6.10034
  5.87438
  5.67099
  5.33109
  4.80855
  3.45831
  2.71114
  1.81617
  1.68520
  1.60204
  1.59028
  1.58459
  1.58827
 
 10.43114
  9.72216
  9.24622
  8.81256
  8.41879
  8.06321
  7.74472
  7.46241
  7.21554
  7.00347
  6.82544
  6.67976
  6.56298
  6.47280
  6.40990
  6.37187
  6.34490
  6.27919
  6.09127
  5.91319
  5.62095
  5.14383
  3.79182
  3.00561
  1.89766
  1.71841
  1.60211
  1.59316
  1.58098
  1.58634
 
 10.39499
  9.72443
  9.25346
  8.82426
  8.43470
  8.08331
  7.76906
  7.49117
  7.24909
  7.04237
  6.87049
  6.73210
  6.62433
  6.54560
  6.49793
  6.48108
  6.48511
  6.46731
  6.35302
  6.22243
  5.98376
  5.57087
  4.31507
  3.46440
  2.05307
  1.80123
  1.61318
  1.59795
  1.57814
  1.58439
 
 10.36802
  9.72785
  9.25882
  8.83144
  8.44368
  8.09419
  7.78198
  7.50635
  7.26678
  7.06293
  6.89432
  6.75983
  6.65676
  6.58394
  6.54421
  6.53886
  6.56092
  6.57374
  6.51010
  6.41255
  6.20985
  5.84366
  4.69067
  3.81897
  2.20152
  1.88888
  1.62839
  1.60383
  1.57719
  1.58342
 
 10.34918
  9.73057
  9.26250
  8.83605
  8.44931
  8.10095
  7.79002
  7.51583
  7.27792
  7.07598
  6.90955
  6.77762
  6.67756
  6.60844
  6.57362
  6.57548
  6.60911
  6.64246
  6.61436
  6.54100
  6.36614
  6.03735
  4.97422
  4.10160
  2.34218
  1.97655
  1.64494
  1.60981
  1.57704
  1.58285
 
 10.31800
  9.72473
  9.26441
  8.84289
  8.45877
  8.11125
  7.79993
  7.52481
  7.28617
  7.08408
  6.91853
  6.78917
  6.69445
  6.63336
  6.60619
  6.60814
  6.63232
  6.66854
  6.68218
  6.64172
  6.49148
  6.17912
  5.18730
  4.34011
  2.47890
  2.05949
  1.65985
  1.61820
  1.57760
  1.58246
 
 10.29986
  9.72584
  9.26674
  8.84641
  8.46356
  8.11737
  7.80749
  7.53391
  7.29693
  7.09669
  6.93330
  6.80657
  6.71518
  6.65836
  6.63653
  6.64508
  6.67810
  6.72942
  6.77346
  6.76062
  6.65489
  6.39516
  5.49762
  4.69770
  2.73437
  2.22352
  1.69264
  1.63147
  1.57820
  1.58198
 
 10.28810
  9.72749
  9.26896
  8.84838
  8.46520
  8.11926
  7.81029
  7.53834
  7.30368
  7.10598
  6.94456
  6.81898
  6.72874
  6.67392
  6.65516
  6.66814
  6.70798
  6.77106
  6.83039
  6.82772
  6.75283
  6.55900
  5.75439
  4.92329
  2.95132
  2.39337
  1.73139
  1.62741
  1.59224
  1.58168
 
 10.26920
  9.72782
  9.27042
  8.85065
  8.46840
  8.12377
  7.81638
  7.54603
  7.31276
  7.11643
  6.95677
  6.83361
  6.74670
  6.69617
  6.68260
  6.70127
  6.74751
  6.82090
  6.90808
  6.93620
  6.90886
  6.76944
  6.11349
  5.42537
  3.41190
  2.71432
  1.81807
  1.66757
  1.60278
  1.58129
 
 10.25884
  9.72799
  9.27116
  8.85184
  8.47001
  8.12587
  7.81904
  7.54932
  7.31674
  7.12116
  6.96232
  6.84007
  6.75436
  6.70552
  6.69429
  6.71611
  6.76677
  6.84672
  6.94879
  6.99314
  6.99241
  6.88706
  6.34035
  5.76673
  3.77498
  2.98257
  1.90252
  1.71258
  1.61097
  1.58109
 
 10.24783
  9.72836
  9.27227
  8.85357
  8.47219
  8.12827
  7.82150
  7.55186
  7.31955
  7.12459
  6.96694
  6.84635
  6.76183
  6.71330
  6.70263
  6.72798
  6.78702
  6.87713
  6.98676
  7.04050
  7.08002
  7.04643
  6.60695
  6.13029
  4.35751
  3.44660
  2.05822
  1.79528
  1.61647
  1.58089
 
 10.24294
  9.72874
  9.27262
  8.85404
  8.47289
  8.12926
  7.82287
  7.55373
  7.32208
  7.12766
  6.96990
  6.84866
  6.76417
  6.71717
  6.70894
  6.73592
  6.79497
  6.88730
  7.01268
  7.08060
  7.12135
  7.07983
  6.77931
  6.47423
  4.70563
  3.73859
  2.21344
  1.90062
  1.63770
  1.58079
 
 10.25665
  9.73469
  9.27219
  8.85094
  8.46944
  8.12659
  7.82158
  7.55387
  7.32321
  7.12953
  6.97269
  6.85211
  6.76578
  6.71376
  6.70126
  6.73391
  6.81299
  6.91901
  7.02752
  7.08292
  7.13920
  7.15447
  6.89601
  6.54019
  5.02832
  4.07650
  2.35750
  1.96396
  1.65163
  1.58073
 
 10.25422
  9.73487
  9.27247
  8.85129
  8.46990
  8.12717
  7.82231
  7.55478
  7.32431
  7.13083
  6.97425
  6.85397
  6.76797
  6.71633
  6.70430
  6.73757
  6.81750
  6.92483
  7.03595
  7.09418
  7.15643
  7.18366
  6.97192
  6.66074
  5.25058
  4.30511
  2.49550
  2.05064
  1.66871
  1.58070
 
 10.23373
  9.72905
  9.27328
  8.85514
  8.47446
  8.13134
  7.82548
  7.55688
  7.32572
  7.13185
  6.97490
  6.85478
  6.77157
  6.72594
  6.71934
  6.74857
  6.81093
  6.90822
  7.04155
  7.11915
  7.18938
  7.20599
  7.05431
  6.88386
  5.56793
  4.60900
  2.74207
  2.25018
  1.69431
  1.58065
 
 10.23076
  9.72836
  9.27281
  8.85478
  8.47416
  8.13105
  7.82522
  7.55669
  7.32572
  7.13208
  6.97529
  6.85516
  6.77184
  6.72605
  6.71926
  6.74831
  6.81078
  6.90925
  7.04561
  7.12641
  7.20533
  7.23899
  7.12520
  6.97361
  5.78320
  4.87624
  2.96605
  2.41311
  1.72369
  1.58063
 
