  0.41375
  0.43744
  0.46191
  0.48717
  0.51316
  0.53974
  0.56678
  0.59413
  0.62160
  0.64902
  0.67624
  0.70328
  0.73041
  0.75789
  0.78556
  0.81340
  0.84196
  0.87385
  0.91122
  0.92976
  0.94277
  0.94853
  0.96615
  0.97605
  0.97976
  0.97965
  0.98043
  0.98059
  0.98063
  0.98164
 
  0.62106
  0.65076
  0.68141
  0.71314
  0.74590
  0.77963
  0.81424
  0.84960
  0.88561
  0.92208
  0.95886
  0.99586
  1.03316
  1.07075
  1.10835
  1.14577
  1.18357
  1.22490
  1.27326
  1.29909
  1.32267
  1.33868
  1.35718
  1.36242
  1.36530
  1.36555
  1.36629
  1.36657
  1.36665
  1.34823
 
  0.81562
  0.85204
  0.88946
  0.92807
  0.96780
  1.00858
  1.05027
  1.09273
  1.13580
  1.17930
  1.22303
  1.26687
  1.31090
  1.35514
  1.39923
  1.44298
  1.48704
  1.53517
  1.59184
  1.62280
  1.65259
  1.67402
  1.69458
  1.69858
  1.70166
  1.70213
  1.70282
  1.70308
  1.70317
  1.68371
 
  1.17091
  1.22090
  1.27163
  1.32338
  1.37597
  1.42918
  1.48274
  1.53637
  1.58972
  1.64256
  1.69464
  1.74594
  1.79694
  1.84803
  1.89894
  1.94957
  2.00086
  2.05748
  2.12478
  2.16161
  2.19658
  2.22139
  2.24658
  2.25233
  2.25680
  2.25740
  2.25805
  2.25815
  2.25823
  2.25401
 
  1.48897
  1.55110
  1.61344
  1.67630
  1.73938
  1.80227
  1.86453
  1.92568
  1.98526
  2.04291
  2.09845
  2.15207
  2.20487
  2.25786
  2.31093
  2.36414
  2.41870
  2.47957
  2.55206
  2.59114
  2.62655
  2.65042
  2.67919
  2.68809
  2.69393
  2.69448
  2.69510
  2.69506
  2.69512
  2.70724
 
  1.77713
  1.84946
  1.92129
  1.99302
  2.06416
  2.13415
  2.20238
  2.26823
  2.33109
  2.39054
  2.44654
  2.49951
  2.55126
  2.60345
  2.65616
  2.70965
  2.76529
  2.82789
  2.90220
  2.94150
  2.97531
  2.99674
  3.02779
  3.03961
  3.04641
  3.04684
  3.04744
  3.04731
  3.04738
  3.07115
 
  2.03204
  2.12258
  2.20832
  2.28950
  2.36552
  2.43612
  2.50165
  2.56338
  2.62326
  2.68163
  2.73836
  2.79340
  2.84733
  2.90082
  2.95420
  3.00870
  3.06587
  3.12686
  3.19235
  3.22606
  3.25906
  3.28460
  3.31563
  3.32698
  3.33557
  3.33645
  3.33658
  3.33606
  3.33630
  3.36594
 
  2.49202
  2.60165
  2.70200
  2.79326
  2.87469
  2.94626
  3.00906
  3.06582
  3.12046
  3.17386
  3.22605
  3.27695
  3.32710
  3.37701
  3.42693
  3.47779
  3.53070
  3.58647
  3.64533
  3.67523
  3.70440
  3.72727
  3.75718
  3.76891
  3.77761
  3.77836
  3.77842
  3.77800
  3.77820
  3.80318
 
  2.88958
  3.01314
  3.12273
  3.21857
  3.29996
  3.36725
  3.42247
  3.46999
  3.51586
  3.56151
  3.60708
  3.65245
  3.69777
  3.74317
  3.78862
  3.83429
  3.88065
  3.92912
  3.98085
  4.00731
  4.03298
  4.05271
  4.07927
  4.09128
  4.09769
  4.09778
  4.09829
  4.09844
  4.09845
  4.10704
 
  3.70634
  3.84234
  3.95554
  4.04681
  4.11583
  4.16399
  4.19514
  4.21645
  4.23731
  4.26014
  4.28542
  4.31334
  4.34388
  4.37681
  4.41078
  4.44250
  4.46984
  4.49774
  4.53226
  4.55180
  4.57086
  4.58576
  4.60441
  4.60880
  4.61252
  4.61286
  4.61314
  4.61343
  4.61358
  4.58238
 
  4.35171
  4.48298
  4.58563
  4.66158
  4.71113
  4.73655
  4.74294
  4.73911
  4.73616
  4.73707
  4.74249
  4.75271
  4.76764
  4.78670
  4.80771
  4.82524
  4.83565
  4.84647
  4.86728
  4.88152
  4.89548
  4.90641
  4.91900
  4.91857
  4.92039
  4.92088
  4.92102
  4.92133
  4.92153
  4.87498
 
  5.33708
  5.43676
  5.50225
  5.53783
  5.54482
  5.52668
  5.48971
  5.44397
  5.40139
  5.36550
  5.33681
  5.31551
  5.30132
  5.29309
  5.28820
  5.27999
  5.26414
  5.25031
  5.25088
  5.25689
  5.26270
  5.26687
  5.27205
  5.26917
  5.26929
  5.26975
  5.26982
  5.26995
  5.27013
  5.23826
 
  6.07440
  6.13562
  6.16060
  6.15558
  6.12268
  6.06603
  5.99251
  5.91254
  5.83813
  5.77275
  5.71685
  5.67008
  5.63187
  5.60044
  5.57326
  5.54379
  5.50807
  5.47597
  5.46026
  5.45907
  5.45788
  5.45644
  5.45638
  5.45346
  5.45275
  5.45306
  5.45310
  5.45306
  5.45317
  5.44413
 
  6.79193
  6.71863
  6.63914
  6.56014
  6.48164
  6.40364
  6.32626
  6.24957
  6.17370
  6.09910
  6.02631
  5.95527
  5.88686
  5.82135
  5.75959
  5.70278
  5.65244
  5.61002
  5.58020
  5.57415
  5.57765
  5.58536
  5.56773
  5.55300
  5.55596
  5.55884
  5.55853
  5.55771
  5.55943
  5.56423
 
  7.26748
  7.16315
  7.05271
  6.94368
  6.83601
  6.72983
  6.62526
  6.52237
  6.42151
  6.32329
  6.22827
  6.13651
  6.04908
  5.96663
  5.89014
  5.82100
  5.76061
  5.70905
  5.66940
  5.65797
  5.65544
  5.65702
  5.62898
  5.61131
  5.61738
  5.62118
  5.62012
  5.61884
  5.62092
  5.63199
 
  8.00975
  7.84988
  7.68467
  7.52295
  7.36461
  7.20982
  7.05877
  6.91156
  6.76872
  6.63125
  6.49954
  6.37392
  6.25557
  6.14589
  6.04591
  5.95725
  5.88101
  5.81486
  5.75896
  5.73829
  5.72504
  5.71555
  5.66967
  5.64711
  5.65770
  5.66277
  5.66058
  5.65882
  5.66131
  5.67294
 
  8.44940
  8.33200
  8.17602
  7.99448
  7.79194
  7.57512
  7.35302
  7.13774
  6.94258
  6.77049
  6.61960
  6.48674
  6.36670
  6.25535
  6.15043
  6.04782
  5.94507
  5.84743
  5.76290
  5.72722
  5.69436
  5.67055
  5.64661
  5.63872
  5.63375
  5.63352
  5.63316
  5.63296
  5.63292
  5.64181
 
  9.41611
  9.16861
  8.89201
  8.60069
  8.29957
  7.99507
  7.69559
  7.41255
  7.15794
  6.93306
  6.73521
  6.56009
  6.40091
  6.25262
  6.11415
  5.98213
  5.85456
  5.73341
  5.62291
  5.57313
  5.52577
  5.49034
  5.45430
  5.44254
  5.43492
  5.43443
  5.43376
  5.43360
  5.43357
  5.43364
 
  9.99260
  9.70534
  9.33252
  8.91721
  8.49942
  8.11448
  7.76659
  7.45465
  7.17729
  6.92824
  6.69783
  6.48114
  6.28210
  6.10375
  5.94473
  5.79796
  5.65788
  5.52558
  5.40220
  5.34372
  5.28736
  5.24480
  5.20074
  5.18685
  5.17763
  5.17688
  5.17606
  5.17585
  5.17588
  5.17316
 
 10.82266
 10.21485
  9.64733
  9.12289
  8.63774
  8.19021
  7.77924
  7.40294
  7.05997
  6.74861
  6.46651
  6.21100
  5.97834
  5.76628
  5.57598
  5.40831
  5.25962
  5.11565
  4.96345
  4.88739
  4.81849
  4.77061
  4.71719
  4.70241
  4.69203
  4.69102
  4.68988
  4.68970
  4.68972
  4.68629
 
 11.19961
 10.47784
  9.81654
  9.21124
  8.65687
  8.15018
  7.68950
  7.27179
  6.89406
  6.55346
  6.24670
  5.96989
  5.71768
  5.48650
  5.27701
  5.08988
  4.92194
  4.75920
  4.58976
  4.50538
  4.42739
  4.37173
  4.31326
  4.29899
  4.28901
  4.28777
  4.28634
  4.28626
  4.28604
  4.28399
 
 11.40726
 10.60141
  9.87658
  9.21949
  8.62381
  8.08404
  7.59645
  7.15599
  6.75760
  6.39758
  6.07258
  5.77867
  5.51050
  5.26399
  5.03793
  4.82950
  4.63610
  4.45427
  4.28211
  4.19862
  4.11182
  4.04053
  3.97803
  3.96699
  3.95723
  3.95551
  3.95378
  3.95364
  3.95340
  3.95341
 
 11.54649
 10.67222
  9.89722
  9.19954
  8.57219
  8.00810
  7.50149
  7.04584
  6.63469
  6.26347
  5.92793
  5.62312
  5.34224
  5.08070
  4.83886
  4.61731
  4.41515
  4.22378
  4.03525
  3.94166
  3.84650
  3.77025
  3.70310
  3.69363
  3.68191
  3.67949
  3.67800
  3.67809
  3.67779
  3.67918
 
 11.67843
 10.71601
  9.87966
  9.13271
  8.46702
  7.87362
  7.34342
  6.86769
  6.43830
  6.05008
  5.69852
  5.37840
  5.08283
  4.80694
  4.55029
  4.31215
  4.09039
  3.87747
  3.66504
  3.55863
  3.45100
  3.36555
  3.28700
  3.27041
  3.25475
  3.25239
  3.25067
  3.25056
  3.25033
  3.25198
 
 11.70825
 10.70125
  9.83521
  9.06326
  8.37698
  7.76636
  7.22107
  6.73163
  6.28959
  5.88987
  5.52810
  5.19938
  4.89746
  4.61725
  4.35601
  4.10887
  3.87112
  3.63907
  3.40862
  3.29326
  3.17636
  3.08251
  2.98939
  2.96454
  2.94356
  2.94115
  2.93942
  2.93917
  2.93893
  2.93909
 
 11.63116
 10.59400
  9.71148
  8.92146
  8.21785
  7.58810
  7.02387
  6.51723
  6.06149
  5.65136
  5.28183
  4.94730
  4.64085
  4.35637
  4.08953
  3.83281
  3.57860
  3.32073
  3.05337
  2.91478
  2.77262
  2.65628
  2.53503
  2.50162
  2.47490
  2.47207
  2.46994
  2.46960
  2.46940
  2.46803
 
 11.49797
 10.46768
  9.59833
  8.81742
  8.11967
  7.49126
  6.92570
  6.41665
  5.95879
  5.54702
  5.17628
  4.84094
  4.53410
  4.24948
  3.98194
  3.72263
  3.46200
  3.19070
  2.89783
  2.73978
  2.57044
  2.42665
  2.28590
  2.25463
  2.23033
  2.22715
  2.22384
  2.22333
  2.22311
  2.22654
 
 11.26158
 10.24782
  9.41153
  8.66405
  7.99480
  7.39053
  6.84517
  6.35277
  5.90818
  5.50627
  5.14170
  4.80829
  4.49825
  4.20546
  3.92747
  3.66040
  3.39593
  3.11430
  2.79106
  2.60613
  2.39835
  2.21240
  2.02662
  1.99175
  1.98240
  1.98172
  1.97433
  1.97219
  1.97387
  2.00009
 
 11.05977
 10.08382
  9.29245
  8.58429
  7.94534
  7.36495
  6.83799
  6.35938
  5.92474
  5.52967
  5.16957
  4.83912
  4.53155
  4.24131
  3.96547
  3.69915
  3.43193
  3.13929
  2.78969
  2.58251
  2.34386
  2.12581
  1.90302
  1.86107
  1.86179
  1.86348
  1.85316
  1.84965
  1.85305
  1.89723
 
 10.91204
  9.96776
  9.21488
  8.53944
  7.92636
  7.36680
  6.85639
  6.39071
  5.96595
  5.57827
  5.22363
  4.89733
  4.59335
  4.30655
  4.03367
  3.76911
  3.50090
  3.20085
  2.83154
  2.60693
  2.34246
  2.09688
  1.83821
  1.78739
  1.79482
  1.79850
  1.78591
  1.78142
  1.78619
  1.83644
 
 10.80123
  9.88282
  9.16253
  8.51388
  7.92266
  7.38099
  6.88513
  6.43116
  6.01568
  5.63530
  5.28640
  4.96474
  4.66485
  4.38188
  4.11236
  3.85016
  3.58206
  3.27695
  2.89235
  2.65344
  2.36705
  2.09670
  1.80353
  1.74296
  1.75420
  1.75945
  1.74509
  1.73989
  1.74576
  1.79603
 
 10.64182
  9.76548
  9.09822
  8.49212
  7.93645
  7.42430
  6.95286
  6.51891
  6.11978
  5.75270
  5.41475
  5.10244
  4.81119
  4.53660
  4.27482
  4.01868
  3.75251
  3.43928
  3.02767
  2.76460
  2.44380
  2.13651
  1.79345
  1.71106
  1.69392
  1.70347
  1.70872
  1.70459
  1.69701
  1.74612
 
 10.54247
  9.69571
  9.06584
  8.49009
  7.96037
  7.47033
  7.01774
  6.59983
  6.21436
  5.85899
  5.53120
  5.22798
  4.94531
  4.67909
  4.42531
  4.17626
  3.91480
  3.59998
  3.17292
  2.89228
  2.54178
  2.19782
  1.80057
  1.69868
  1.67001
  1.68043
  1.68819
  1.68367
  1.67227
  1.71668
 
 10.41900
  9.61718
  9.04274
  8.51417
  8.02559
  7.57191
  7.15151
  6.76226
  6.40246
  6.07034
  5.76393
  5.48084
  5.21767
  4.97080
  4.73612
  4.50538
  4.25944
  3.95134
  3.50801
  3.20044
  2.79726
  2.38131
  1.86141
  1.71186
  1.64503
  1.65386
  1.66507
  1.66018
  1.64198
  1.67743
 
 10.41242
  9.63761
  9.07872
  8.55323
  8.06481
  7.61710
  7.21120
  6.84733
  6.52480
  6.23377
  5.95888
  5.69107
  5.43263
  5.18546
  4.94878
  4.72032
  4.49181
  4.23611
  3.85506
  3.53835
  3.06468
  2.53604
  1.89320
  1.74659
  1.66124
  1.65236
  1.64246
  1.64024
  1.64142
  1.65784
 
 10.39811
  9.61834
  9.08760
  8.60212
  8.15679
  7.74763
  7.37264
  7.02955
  6.71635
  6.43105
  6.17123
  5.93358
  5.71289
  5.50452
  5.30577
  5.11085
  4.90595
  4.65523
  4.27329
  3.96312
  3.47530
  2.88976
  2.06731
  1.82741
  1.65765
  1.64361
  1.63474
  1.63233
  1.62916
  1.63854
 
 10.39422
  9.63087
  9.11924
  8.64960
  8.21813
  7.82189
  7.45958
  7.12992
  6.83183
  6.56347
  6.32244
  6.10518
  5.90603
  5.71977
  5.54320
  5.36930
  5.18389
  4.95399
  4.59500
  4.29335
  3.80171
  3.18037
  2.22438
  1.91743
  1.66770
  1.64169
  1.62902
  1.62693
  1.62027
  1.62881
 
 10.39773
  9.64503
  9.14457
  8.68434
  8.26128
  7.87316
  7.51912
  7.19854
  6.91094
  6.65466
  6.42735
  6.22545
  6.04309
  5.87475
  5.71677
  5.56084
  5.39212
  5.17975
  4.84138
  4.55086
  4.06646
  3.42869
  2.37136
  2.00541
  1.68123
  1.64303
  1.62471
  1.62272
  1.61367
  1.62295
 
 10.40189
  9.65730
  9.16403
  8.71006
  8.29275
  7.91028
  7.56216
  7.24821
  6.96832
  6.72106
  6.50413
  6.31404
  6.14494
  5.99115
  5.84864
  5.70804
  5.55389
  5.35690
  5.03736
  4.75878
  4.28672
  3.64370
  2.50774
  2.08989
  1.69668
  1.64652
  1.62139
  1.61928
  1.60865
  1.61906
 
 10.41338
  9.67518
  9.18763
  8.74053
  8.33119
  7.95772
  7.61930
  7.31545
  7.04563
  6.80898
  6.60416
  6.42910
  6.27994
  6.15209
  6.03972
  5.92851
  5.79725
  5.61297
  5.30362
  5.04764
  4.63691
  4.04368
  2.76807
  2.22717
  1.72248
  1.65890
  1.61929
  1.61214
  1.61028
  1.61422
 
 10.41191
  9.68198
  9.20003
  8.75843
  8.35462
  7.98690
  7.65450
  7.35701
  7.09394
  6.86463
  6.66811
  6.50277
  6.36536
  6.25191
  6.15699
  6.06633
  5.95823
  5.79769
  5.51276
  5.27335
  4.88868
  4.31916
  2.99501
  2.37715
  1.75162
  1.66871
  1.61831
  1.60985
  1.60757
  1.61128
 
 10.39875
  9.68504
  9.21178
  8.77848
  8.38289
  8.02362
  7.69997
  7.41161
  7.15831
  6.93964
  6.75511
  6.60352
  6.48232
  6.38848
  6.31812
  6.25925
  6.19217
  6.08140
  5.85640
  5.65438
  5.31768
  4.80030
  3.45702
  2.71206
  1.82884
  1.70000
  1.61919
  1.60851
  1.60342
  1.60736
 
 10.39506
  9.68976
  9.21545
  8.78325
  8.39083
  8.03644
  7.71903
  7.43767
  7.19165
  6.98033
  6.80292
  6.65776
  6.54146
  6.45168
  6.38911
  6.35135
  6.32459
  6.25907
  6.07177
  5.89484
  5.60546
  5.13260
  3.78849
  3.00776
  1.91115
  1.73476
  1.62095
  1.61156
  1.60029
  1.60543
 
 10.35896
  9.69179
  9.22247
  8.79475
  8.40652
  8.05632
  7.74315
  7.46620
  7.22495
  7.01894
  6.84763
  6.70973
  6.60235
  6.52392
  6.47646
  6.45971
  6.46380
  6.44612
  6.33231
  6.20241
  5.96531
  5.55552
  4.30971
  3.46565
  2.06505
  1.81644
  1.63200
  1.61642
  1.59737
  1.60348
 
 10.33228
  9.69520
  9.22782
  8.80191
  8.41550
  8.06721
  7.75608
  7.48136
  7.24261
  7.03944
  6.87139
  6.73734
  6.63460
  6.56200
  6.52240
  6.51707
  6.53910
  6.55200
  6.48884
  6.39177
  6.18998
  5.82607
  4.68305
  3.81809
  2.21078
  1.90141
  1.64593
  1.62204
  1.59607
  1.60251
 
 10.31355
  9.69791
  9.23150
  8.80655
  8.42115
  8.07397
  7.76410
  7.49084
  7.25372
  7.05243
  6.88655
  6.75503
  6.65527
  6.58634
  6.55160
  6.55343
  6.58701
  6.62041
  6.59273
  6.51976
  6.34546
  6.01840
  4.96451
  4.09840
  2.34902
  1.98677
  1.66131
  1.62769
  1.59561
  1.60193
 
 10.28262
  9.69209
  9.23346
  8.81343
  8.43064
  8.08429
  7.77399
  7.49977
  7.26192
  7.06049
  6.89550
  6.76654
  6.67209
  6.61112
  6.58394
  6.58585
  6.61004
  6.64635
  6.66026
  6.62009
  6.47040
  6.15939
  5.17546
  4.33522
  2.48400
  2.06801
  1.67535
  1.63585
  1.59601
  1.60155
 
 10.26466
  9.69322
  9.23580
  8.81697
  8.43540
  8.09039
  7.78152
  7.50882
  7.27261
  7.07303
  6.91016
  6.78384
  6.69272
  6.63604
  6.61422
  6.62269
  6.65563
  6.70693
  6.75110
  6.73844
  6.63311
  6.37439
  5.48322
  4.68964
  2.73747
  2.23055
  1.70726
  1.64862
  1.59643
  1.60106
 
 10.25292
  9.69497
  9.23810
  8.81895
  8.43700
  8.09218
  7.78423
  7.51319
  7.27933
  7.08229
  6.92140
  6.79619
  6.70621
  6.65151
  6.63279
  6.64573
  6.68546
  6.74843
  6.80769
  6.80507
  6.73057
  6.53791
  5.73839
  4.91181
  2.95334
  2.40045
  1.74563
  1.64343
  1.61064
  1.60077
 
 10.23470
  9.69361
  9.23800
  8.82098
  8.44137
  8.09848
  7.79191
  7.52169
  7.28812
  7.09149
  6.93205
  6.80986
  6.72395
  6.67394
  6.66056
  6.67953
  6.72605
  6.79721
  6.88116
  6.91217
  6.89347
  6.75241
  6.06591
  5.40819
  3.43681
  2.71811
  1.82424
  1.69658
  1.60415
  1.60038
 
 10.22395
  9.69542
  9.24021
  8.82229
  8.44171
  8.09870
  7.79288
  7.52405
  7.29223
  7.09729
  6.93894
  6.81710
  6.73166
  6.68298
  6.67179
  6.69355
  6.74402
  6.82367
  6.92531
  6.96954
  6.96908
  6.86450
  6.32020
  5.74974
  3.77335
  2.98707
  1.91482
  1.72680
  1.62899
  1.60018
 
 10.21304
  9.69583
  9.24135
  8.82402
  8.44386
  8.10105
  7.79534
  7.52660
  7.29503
  7.10069
  6.94353
  6.82334
  6.73909
  6.69070
  6.68002
  6.70525
  6.76413
  6.85394
  6.96312
  7.01665
  7.05616
  7.02297
  6.58552
  6.11141
  4.35191
  3.44735
  2.06839
  1.80800
  1.63387
  1.59998
 
 10.20821
  9.69619
  9.24170
  8.82453
  8.44461
  8.10208
  7.79669
  7.52843
  7.29754
  7.10373
  6.94650
  6.82565
  6.74141
  6.69452
  6.68626
  6.71314
  6.77200
  6.86404
  6.98893
  7.05657
  7.09728
  7.05616
  6.75699
  6.45322
  4.69612
  3.73588
  2.22183
  1.91202
  1.65479
  1.59988
 
 10.22206
  9.70207
  9.24118
  8.82137
  8.44116
  8.09947
  7.79548
  7.52866
  7.29875
  7.10568
  6.94933
  6.82911
  6.74302
  6.69113
  6.67863
  6.71114
  6.78994
  6.89559
  7.00372
  7.05893
  7.11500
  7.13021
  6.87298
  6.51869
  5.01522
  4.06988
  2.36428
  1.97465
  1.66803
  1.59982
 
 10.21976
  9.70225
  9.24145
  8.82172
  8.44162
  8.10006
  7.79621
  7.52955
  7.29983
  7.10698
  6.95087
  6.83095
  6.74520
  6.69369
  6.68168
  6.71479
  6.79444
  6.90140
  7.01214
  7.07015
  7.13216
  7.15930
  6.94850
  6.63837
  5.23511
  4.29612
  2.50108
  2.06054
  1.68470
  1.59978
 
 10.19910
  9.69653
  9.24241
  8.82564
  8.44617
  8.10416
  7.79932
  7.53161
  7.30121
  7.10795
  6.95149
  6.83174
  6.74878
  6.70328
  6.69667
  6.72577
  6.78789
  6.88481
  7.01765
  7.09501
  7.16504
  7.18165
  7.03071
  6.86103
  5.55222
  4.59929
  2.74588
  2.25836
  1.70969
  1.59973
 
 10.19575
  9.69581
  9.24216
  8.82563
  8.44620
  8.10409
  7.79906
  7.53113
  7.30063
  7.10745
  6.95141
  6.83235
  6.74976
  6.70392
  6.69644
  6.72474
  6.78725
  6.88758
  7.02242
  7.09756
  7.17593
  7.22798
  7.12514
  6.89695
  5.76966
  4.91683
  2.97362
  2.39261
  1.74711
  1.59969
 
