FREJUS. ROCK THICKNESS IN M.  (<A>, <Z> TENTATIVE) BETA=15.1+2                  
   <A>     <Z>   <Z/A>    <Z**2/A>  RHO(G/CM**3)  BH   BV   BETA                
   22.     11.    .5        5.87     2.73        .23   .40  17.1                
AZIMUTH/  ZENITH (DEG)  (DON'T FORGET TO PUT / IN THE NEXT LINE)                
       0    5   10   15   20   25   30   35   40   45   50   55   60/           
   0 1635 1651 1687 1746 1821 1915 1915 1923 2013 2165 2484 3152 3481           
   5 1635 1646 1682 1726 1788 1888 2046 2032 2125 2298 2654 2988 3267           
  10 1635 1646 1671 1710 1756 1845 2032 2203 2354 2461 2754 2838 3025           
  15 1635 1644 1656 1693 1728 1809 1955 2145 2349 2584 2665 2780 2902           
  20 1635 1636 1648 1675 1704 1774 1891 2066 2257 2522 2639 2724 2829           
  25 1635 1635 1636 1653 1681 1740 1824 2004 2148 2417 2591 2683 2738           
  30 1635 1628 1624 1626 1653 1698 1801 1961 2073 2312 2521 2596 2724           
  35 1635 1615 1614 1612 1624 1674 1774 1911 2023 2180 2535 2660 2792           
  40 1635 1620 1602 1586 1593 1642 1715 1886 1970 2083 2380 2794 2943           
  45 1635 1610 1583 1568 1578 1619 1692 1870 1920 2031 2310 2937 3351           
  50 1635 1611 1576 1562 1552 1591 1647 1814 1879 1978 2241 2991 3418           
  55 1635 1603 1565 1548 1533 1562 1631 1769 1839 1923 2136 2817 3170           
  60 1635 1612 1555 1538 1542 1542 1612 1731 1824 1899 2074 2615 3025           
  65 1635 1605 1559 1521 1534 1514 1621 1705 1784 1872 2043 2467 2877           
  70 1635 1604 1554 1500 1519 1497 1601 1630 1740 1846 2020 2433 2657           
  75 1635 1595 1541 1485 1495 1486 1545 1626 1687 1819 1965 2308 2529           
  80 1635 1595 1550 1489 1468 1480 1507 1595 1664 1778 1918 2204 2337           
  85 1635 1593 1549 1485 1451 1452 1493 1591 1658 1776 1895 2045 2212           
  90 1635 1587 1554 1489 1454 1453 1486 1545 1674 1779 1898 2030 2079           
  95 1635 1571 1542 1488 1457 1451 1477 1534 1650 1742 1854 1968 2029           
 100 1635 1576 1543 1489 1463 1449 1470 1531 1612 1707 1895 1961 2009           
 105 1635 1569 1536 1498 1472 1466 1493 1552 1640 1768 1942 2024 2072           
 110 1635 1571 1540 1521 1477 1481 1521 1608 1705 1819 2084 2182 2201           
 115 1635 1567 1521 1522 1510 1523 1604 1670 1793 2057 2115 2185 2399           
 120 1635 1564 1510 1511 1499 1534 1601 1714 1909 2031 2167 2264 2397           
 125 1635 1563 1524 1510 1505 1533 1613 1825 1842 1918 2086 2238 2385           
 130 1635 1568 1525 1508 1512 1552 1660 1802 1799 1846 1955 2119 2361           
 135 1635 1565 1515 1504 1518 1568 1725 1788 1793 1829 1927 2012 2199           
 140 1635 1567 1533 1519 1523 1589 1778 1772 1781 1814 1885 1951 2106           
 145 1635 1571 1537 1527 1543 1623 1768 1753 1771 1817 1886 1954 2117           
 150 1635 1570 1543 1537 1552 1757 1745 1747 1786 1838 1953 2012 2148           
 155 1635 1574 1552 1545 1577 1736 1737 1759 1804 1883 2039 2107 2262           
 160 1635 1581 1564 1558 1604 1722 1725 1781 1876 1957 2068 2193 2373           
 165 1635 1587 1565 1573 1637 1701 1706 1726 1825 2039 2158 2324 2472           
 170 1635 1586 1570 1592 1669 1708 1695 1724 1814 2034 2168 2324 2500           
 175 1635 1587 1574 1601 1683 1715 1713 1734 1791 1905 2191 2293 2429           
 180 1635 1588 1584 1620 1712 1734 1727 1756 1785 1902 2046 2194 2365           
 185 1635 1594 1594 1636 1731 1758 1762 1771 1801 1886 2059 2163 2301           
 190 1635 1605 1604 1646 1785 1767 1768 1787 1814 1874 2046 2130 2328           
 195 1635 1607 1614 1665 1745 1768 1769 1777 1795 1876 2037 2118 2295           
 200 1635 1612 1627 1682 1703 1761 1765 1763 1795 1876 1990 2118 2359           
 205 1635 1625 1655 1688 1662 1731 1770 1788 1818 1887 1997 2106 2890           
 210 1635 1636 1665 1665 1648 1685 1781 1809 1859 1948 1997 2116 3380           
 215 1635 1646 1686 1655 1629 1635 1731 1858 1907 1956 2025 2125 2990           
 220 1635 1646 1679 1646 1638 1610 1660 1753 1905 1955 2027 2160 2747           
 225 1635 1659 1667 1620 1598 1589 1605 1698 1803 1941 2021 2197 3118           
 230 1635 1666 1652 1599 1576 1562 1564 1631 1709 1773 1978 2261 3468           
 235 1635 1686 1645 1585 1560 1546 1555 1592 1676 1731 1829 2139 2794           
 240 1635 1693 1647 1581 1542 1524 1527 1557 1632 1685 1766 1925 2255           
 245 1635 1693 1638 1581 1551 1519 1533 1546 1588 1633 1710 1836 2070           
 250 1635 1704 1653 1599 1551 1513 1544 1559 1611 1641 1703 1770 1970           
 255 1635 1696 1652 1605 1553 1518 1545 1556 1601 1655 1704 1774 1923           
 260 1635 1710 1656 1623 1549 1522 1547 1571 1600 1665 1721 1780 1933           
 265 1635 1719 1690 1617 1563 1572 1570 1575 1632 1677 1818 1887 1965           
 270 1635 1727 1685 1626 1552 1535 1566 1611 1662 1707 1793 1892 2004           
 275 1635 1727 1685 1628 1564 1558 1585 1612 1639 1703 1780 1871 1962           
 280 1635 1746 1698 1626 1576 1589 1614 1608 1645 1703 1758 1784 1858           
 285 1635 1746 1700 1633 1590 1619 1607 1621 1662 1716 1743 1779 1859           
 290 1635 1744 1707 1632 1617 1654 1630 1644 1673 1719 1739 1805 1890           
 295 1635 1746 1706 1650 1633 1678 1647 1669 1697 1718 1752 1815 1914           
 300 1635 1727 1720 1670 1661 1700 1669 1684 1677 1704 1755 1820 1923           
 305 1635 1722 1732 1694 1689 1726 1697 1675 1659 1684 1730 1788 1873           
 310 1635 1709 1748 1717 1732 1711 1675 1658 1660 1681 1727 1828 1972           
 315 1635 1702 1766 1757 1730 1674 1665 1645 1626 1665 1763 1920 2027           
 320 1635 1700 1766 1754 1690 1658 1675 1664 1646 1699 1783 1954 2050           
 325 1635 1678 1741 1749 1690 1678 1715 1696 1679 1724 1851 1969 2101           
 330 1635 1677 1728 1755 1702 1703 1735 1706 1691 1737 1895 2014 2209           
 335 1635 1672 1726 1777 1725 1730 1769 1753 1736 1767 1912 2087 2345           
 340 1635 1667 1716 1779 1745 1774 1796 1770 1765 1857 1982 2197 2524           
 345 1635 1667 1707 1804 1783 1815 1800 1802 1801 1892 2063 2320 2719           
 350 1635 1662 1700 1790 1834 1826 1810 1806 1864 2010 2209 2509 3421           
 355 1635 1658 1698 1761 1873 1865 1840 1858 1932 2059 2288 2833 3776           
