 #  Total cross section table (last run of 'elscata').
 #
 #  Z =   5,   projectile: positron
 #
 #   Energy         ECS         TCS1         TCS2         ABSCS      error
 #    (eV)        (cm**2)      (cm**2)      (cm**2)      (cm**2)
 #--------------------------------------------------------------------------
   1.00000E+02  1.22725E-16  1.63870E-17  3.15923E-17  4.53420E-16  5.8E-06
   1.25000E+02  1.15176E-16  1.47795E-17  2.95172E-17  3.83220E-16  2.7E-05
   1.50000E+02  1.08926E-16  1.32896E-17  2.71454E-17  3.31869E-16  3.4E-05
   1.75000E+02  1.03502E-16  1.19514E-17  2.48144E-17  2.92734E-16  1.9E-05
   2.00000E+02  9.86382E-17  1.07676E-17  2.26484E-17  2.61933E-16  1.3E-04
   2.50000E+02  9.01597E-17  8.83191E-18  1.89407E-17  2.16541E-16  7.4E-05
   3.00000E+02  8.29812E-17  7.36357E-18  1.60125E-17  1.84682E-16  1.0E-05
   3.50000E+02  7.68390E-17  6.23988E-18  1.37088E-17  1.61069E-16  1.0E-05
   4.00000E+02  7.15370E-17  5.36537E-18  1.18792E-17  1.42857E-16  8.0E-05
   4.50000E+02  6.69203E-17  4.67192E-18  1.04066E-17  1.28376E-16  2.0E-05
   5.00000E+02  6.28690E-17  4.11269E-18  9.20502E-18  1.16582E-16  4.5E-05
   6.00000E+02  5.60969E-17  3.27367E-18  7.38027E-18  9.85237E-17  6.3E-05
   7.00000E+02  5.06644E-17  2.68092E-18  6.07617E-18  8.53392E-17  2.5E-05
   8.00000E+02  4.62099E-17  2.24438E-18  5.10837E-18  7.52852E-17  4.7E-05
   9.00000E+02  4.24907E-17  1.91221E-18  4.36791E-18  6.73618E-17  4.0E-05
   1.00000E+03  3.93371E-17  1.65261E-18  3.78683E-18  6.09555E-17  1.7E-05
   1.25000E+03  3.32127E-17  1.20393E-18  2.77726E-18  4.92647E-17  9.1E-03
   1.50000E+03  2.87668E-17  9.22518E-19  2.14010E-18  4.13509E-17  6.6E-03
   1.75000E+03  2.53885E-17  7.32956E-19  1.70869E-18  3.56363E-17  5.8E-03
   2.00000E+03  2.27320E-17  5.98455E-19  1.40121E-18  3.13152E-17  7.4E-03
   2.50000E+03  1.88178E-17  4.23564E-19  9.99144E-19  2.52136E-17  8.0E-03
   3.00000E+03  1.60689E-17  3.17432E-19  7.53476E-19  2.11114E-17  5.9E-03
   3.50000E+03  1.40301E-17  2.47742E-19  5.91214E-19  1.81642E-17  9.7E-03
   4.00000E+03  1.24569E-17  1.99308E-19  4.77866E-19  1.59445E-17  7.7E-03
   4.50000E+03  1.12056E-17  1.64169E-19  3.95262E-19  1.42126E-17  7.8E-03
   5.00000E+03  1.01863E-17  1.37806E-19  3.33032E-19  1.28237E-17  1.8E-02
   6.00000E+03  8.62546E-18  1.01458E-19  2.46788E-19  1.07347E-17  2.1E-02
   7.00000E+03  7.48607E-18  7.80829E-20  1.90974E-19  9.23853E-18  3.4E-02
   8.00000E+03  6.61752E-18  6.21114E-20  1.52631E-19  8.11417E-18  1.9E-02
   9.00000E+03  5.93341E-18  5.06876E-20  1.25074E-19  7.23837E-18  2.3E-02
   1.00000E+04  5.38059E-18  4.22187E-20  1.04560E-19  6.53692E-18  2.3E-02
   1.25000E+04  4.42644E-18  2.85893E-20  7.13511E-20  5.27251E-18  4.0E-06
   1.50000E+04  3.73107E-18  2.07410E-20  5.20825E-20  4.42823E-18  3.4E-06
   1.75000E+04  3.23074E-18  1.57920E-20  3.98579E-20  3.82459E-18  3.9E-06
   2.00000E+04  2.85350E-18  1.24611E-20  3.15883E-20  3.37149E-18  4.1E-06
   2.50000E+04  2.32248E-18  8.37841E-21  2.13916E-20  2.73674E-18  5.3E-06
   3.00000E+04  1.96662E-18  6.05422E-21  1.55468E-20  2.31330E-18  5.5E-06
   3.50000E+04  1.71155E-18  4.59964E-21  1.18687E-20  2.01074E-18  1.0E-07
   4.00000E+04  1.51979E-18  3.62590E-21  9.39502E-21  1.78380E-18  1.0E-07
   4.50000E+04  1.37038E-18  2.94037E-21  7.64660E-21  1.60723E-18  1.6E-07
   5.00000E+04  1.25070E-18  2.43848E-21  6.36209E-21  1.46602E-18  3.5E-07
   6.00000E+04  1.07097E-18  1.76549E-21  4.63228E-21  1.25434E-18  1.0E-07
   7.00000E+04  9.42476E-19  1.34527E-21  3.54659E-21  1.10319E-18  1.0E-07
   8.00000E+04  8.46079E-19  1.06422E-21  2.81731E-21  9.89922E-19  1.0E-07
   9.00000E+04  7.71115E-19  8.66372E-22  2.30197E-21  9.01915E-19  1.0E-07
   1.00000E+05  7.11175E-19  7.21437E-22  1.92319E-21  8.31594E-19  2.5E-05
   1.25000E+05  6.03437E-19  4.91183E-22  1.31857E-21  7.05309E-19  3.4E-05
   1.50000E+05  5.31832E-19  3.60141E-22  9.72326E-22  6.21454E-19  2.8E-05
   1.75000E+05  4.80888E-19  2.77850E-22  7.53769E-22  5.61830E-19  1.2E-04
   2.00000E+05  4.42857E-19  2.22454E-22  6.05982E-22  5.17350E-19  3.7E-04
   2.50000E+05  3.90022E-19  1.54196E-22  4.22895E-22  4.55507E-19  2.2E-03
   3.00000E+05  3.55222E-19  1.14844E-22  3.16657E-22  4.14620E-19  8.4E-03
   3.50000E+05  3.30692E-19  8.98135E-23  2.48718E-22  3.85474E-19  2.4E-02
   4.00000E+05  3.12555E-19  7.27514E-23  2.02196E-22  3.63386E-19  5.9E-02
   4.50000E+05  2.98656E-19  6.05096E-23  1.68684E-22  3.45666E-19  1.0E+00
   5.00000E+05  2.87706E-19  5.13757E-23  1.43594E-22  3.36243E-19  6.8E-05
   6.00000E+05  2.71654E-19  3.87842E-23  1.08858E-22  3.17600E-19  7.8E-05
   7.00000E+05  2.60553E-19  3.06244E-23  8.62361E-23  3.04685E-19  3.2E-07
   8.00000E+05  2.52496E-19  2.49730E-23  7.05058E-23  2.95333E-19  1.1E-07
   9.00000E+05  2.46432E-19  2.08634E-23  5.90287E-23  2.88306E-19  1.3E-07
   1.00000E+06  2.41737E-19  1.77614E-23  5.03416E-23  2.82870E-19  1.8E-07
   1.25000E+06  2.33620E-19  1.26307E-23  3.59205E-23  0.00000E+00  8.2E-05
   1.50000E+06  2.28668E-19  9.52726E-24  2.71604E-23  0.00000E+00  8.7E-05
   1.75000E+06  2.25433E-19  7.48955E-24  2.13907E-23  0.00000E+00  9.0E-05
   2.00000E+06  2.23196E-19  6.06827E-24  1.73567E-23  0.00000E+00  9.3E-05
   2.50000E+06  2.20385E-19  4.24936E-24  1.21809E-23  0.00000E+00  9.7E-05
   3.00000E+06  2.18782E-19  3.16140E-24  9.07686E-24  0.00000E+00  1.0E-04
   3.50000E+06  2.17775E-19  2.45369E-24  7.05375E-24  0.00000E+00  1.0E-04
   4.00000E+06  2.17082E-19  1.96512E-24  5.65501E-24  0.00000E+00  1.0E-04
   4.50000E+06  2.16582E-19  1.61251E-24  4.64427E-24  0.00000E+00  1.1E-04
   5.00000E+06  2.16202E-19  1.34905E-24  3.88830E-24  0.00000E+00  1.1E-04
   6.00000E+06  2.15668E-19  9.87607E-25  2.84997E-24  0.00000E+00  1.1E-04
   7.00000E+06  2.15283E-19  7.56405E-25  2.18490E-24  0.00000E+00  1.1E-04
   8.00000E+06  2.15025E-19  5.99116E-25  1.73197E-24  0.00000E+00  1.1E-04
   9.00000E+06  2.14843E-19  4.87026E-25  1.40892E-24  0.00000E+00  1.1E-04
   1.00000E+07  2.14661E-19  4.04187E-25  1.16999E-24  0.00000E+00  1.1E-04
   1.25000E+07  2.14351E-19  2.71434E-25  7.86713E-25  0.00000E+00  1.1E-04
   1.50000E+07  2.14168E-19  1.95461E-25  5.67104E-25  0.00000E+00  1.1E-04
   1.75000E+07  2.14123E-19  1.47791E-25  4.29180E-25  0.00000E+00  1.2E-04
   2.00000E+07  2.14074E-19  1.15848E-25  3.36686E-25  0.00000E+00  1.2E-04
   2.50000E+07  2.14113E-19  7.69132E-26  2.23849E-25  0.00000E+00  1.2E-04
   3.00000E+07  2.14144E-19  5.49055E-26  1.60003E-25  0.00000E+00  1.2E-04
   3.50000E+07  2.14250E-19  4.12226E-26  1.20275E-25  0.00000E+00  1.2E-04
   4.00000E+07  2.14297E-19  3.21182E-26  9.38210E-26  0.00000E+00  1.2E-04
   4.50000E+07  2.14346E-19  2.57465E-26  7.52948E-26  0.00000E+00  1.2E-04
   5.00000E+07  2.14371E-19  2.11077E-26  6.17986E-26  0.00000E+00  1.2E-04
   6.00000E+07  2.14368E-19  1.49377E-26  4.38310E-26  0.00000E+00  1.2E-04
   7.00000E+07  2.14360E-19  1.11282E-26  3.27223E-26  0.00000E+00  1.2E-04
   8.00000E+07  2.14291E-19  8.60912E-27  2.53662E-26  0.00000E+00  1.2E-04
   9.00000E+07  2.14248E-19  6.85647E-27  2.02402E-26  0.00000E+00  1.2E-04
   1.00000E+08  2.14194E-19  5.58780E-27  1.65236E-26  0.00000E+00  1.2E-04
   1.25000E+08  2.14089E-19  3.61278E-27  1.07218E-26  0.00000E+00  1.2E-04
   1.50000E+08  2.13948E-19  2.52377E-27  7.50959E-27  0.00000E+00  1.2E-04
   1.75000E+08  2.13966E-19  1.86121E-27  5.54848E-27  0.00000E+00  1.2E-04
   2.00000E+08  2.13957E-19  1.42866E-27  4.26470E-27  0.00000E+00  1.3E-04
   2.50000E+08  2.13999E-19  9.17308E-28  2.74287E-27  0.00000E+00  1.7E-04
   3.00000E+08  2.14046E-19  6.38254E-28  1.91031E-27  0.00000E+00  2.0E-04
   3.50000E+08  2.14133E-19  4.69533E-28  1.40617E-27  0.00000E+00  2.3E-03
   4.00000E+08  2.14182E-19  3.59823E-28  1.07803E-27  0.00000E+00  2.4E-03
   4.50000E+08  2.14191E-19  2.84506E-28  8.52616E-28  0.00000E+00  1.0E+00
   5.00000E+08  2.14158E-19  2.30576E-28  6.91135E-28  0.00000E+00  1.0E+00
   6.00000E+08  2.13966E-19  1.60252E-28  4.80468E-28  0.00000E+00  1.0E+00
   7.00000E+08  2.13636E-19  1.17804E-28  3.53256E-28  0.00000E+00  1.0E+00
   8.00000E+08  2.13130E-19  9.02307E-29  2.70601E-28  0.00000E+00  1.0E+00
   9.00000E+08  2.12451E-19  7.13169E-29  2.13894E-28  0.00000E+00  1.0E+00
   1.00000E+09  2.11562E-19  5.77811E-29  1.73306E-28  0.00000E+00  1.0E+00
