 #  Total cross section table (last run of 'elscata').
 #
 #  Z =  81,   projectile: electron
 #
 #   Energy         ECS         TCS1         TCS2         ABSCS      error
 #    (eV)        (cm**2)      (cm**2)      (cm**2)      (cm**2)
 #--------------------------------------------------------------------------
   1.00000E+02  9.50924E-16  1.46146E-16  2.51987E-16  8.63823E-16  6.7E-06
   1.25000E+02  9.07502E-16  1.09498E-16  2.07496E-16  7.41119E-16  5.9E-06
   1.50000E+02  8.55791E-16  8.90616E-17  1.74023E-16  6.51673E-16  4.1E-05
   1.75000E+02  7.99944E-16  7.80455E-17  1.50897E-16  5.83328E-16  2.8E-05
   2.00000E+02  7.44808E-16  7.26973E-17  1.36184E-16  5.29173E-16  1.4E-05
   2.50000E+02  6.47447E-16  7.02712E-17  1.21840E-16  4.48302E-16  1.2E-06
   3.00000E+02  5.71211E-16  7.15824E-17  1.15542E-16  3.90384E-16  6.6E-07
   3.50000E+02  5.12928E-16  7.30995E-17  1.10656E-16  3.46620E-16  2.5E-06
   4.00000E+02  4.68003E-16  7.38707E-17  1.05398E-16  3.12256E-16  3.6E-06
   4.50000E+02  4.32767E-16  7.38156E-17  9.96479E-17  2.84468E-16  2.6E-06
   5.00000E+02  4.04568E-16  7.30841E-17  9.36779E-17  2.61479E-16  1.1E-06
   6.00000E+02  3.62556E-16  7.03417E-17  8.21495E-17  2.25460E-16  6.0E-07
   7.00000E+02  3.32822E-16  6.67375E-17  7.20830E-17  1.98370E-16  1.1E-06
   8.00000E+02  3.10335E-16  6.28444E-17  6.37260E-17  1.77195E-16  6.8E-07
   9.00000E+02  2.91779E-16  5.89820E-17  5.69198E-17  1.60182E-16  2.1E-06
   1.00000E+03  2.76625E-16  5.52918E-17  5.14301E-17  1.46214E-16  3.7E-04
   1.25000E+03  2.48173E-16  4.71317E-17  4.17753E-17  1.20223E-16  2.8E-04
   1.50000E+03  2.27520E-16  4.05109E-17  3.56801E-17  1.02244E-16  2.0E-04
   1.75000E+03  2.11379E-16  3.51848E-17  3.15014E-17  8.90547E-17  4.2E-04
   2.00000E+03  1.98218E-16  3.08737E-17  2.84114E-17  7.89567E-17  2.2E-04
   2.50000E+03  1.77753E-16  2.44184E-17  2.39851E-17  6.45012E-17  4.4E-04
   3.00000E+03  1.62358E-16  1.98807E-17  2.08102E-17  5.46483E-17  2.6E-04
   3.50000E+03  1.50275E-16  1.65939E-17  1.83754E-17  4.74581E-17  2.7E-04
   4.00000E+03  1.40488E-16  1.41445E-17  1.64446E-17  4.19491E-17  6.1E-04
   4.50000E+03  1.32332E-16  1.22525E-17  1.48585E-17  3.75973E-17  1.3E-03
   5.00000E+03  1.25388E-16  1.07514E-17  1.35259E-17  3.40740E-17  7.0E-04
   6.00000E+03  1.14099E-16  8.53282E-18  1.14064E-17  2.87195E-17  1.2E-03
   7.00000E+03  1.05221E-16  6.98480E-18  9.79689E-18  2.48434E-17  1.2E-03
   8.00000E+03  9.79927E-17  5.85299E-18  8.53684E-18  2.19078E-17  8.8E-04
   9.00000E+03  9.19572E-17  4.99555E-18  7.52723E-18  1.96074E-17  1.7E-03
   1.00000E+04  8.68189E-17  4.32727E-18  6.70277E-18  1.77561E-17  2.0E-03
   1.25000E+04  7.62441E-17  3.17708E-18  5.19339E-18  1.43953E-17  2.7E-07
   1.50000E+04  6.88602E-17  2.45823E-18  4.18057E-18  1.21326E-17  1.0E-07
   1.75000E+04  6.30932E-17  1.97363E-18  3.46109E-18  1.05054E-17  1.0E-07
   2.00000E+04  5.84351E-17  1.62877E-18  2.92791E-18  9.27890E-18  1.0E-07
   2.50000E+04  5.13140E-17  1.17752E-18  2.19860E-18  7.55269E-18  2.3E-07
   3.00000E+04  4.60762E-17  9.00735E-19  1.72993E-18  6.39671E-18  1.0E-07
   3.50000E+04  4.20302E-17  7.16864E-19  1.40762E-18  5.56791E-18  1.0E-07
   4.00000E+04  3.87938E-17  5.87554E-19  1.17472E-18  4.94479E-18  1.0E-07
   4.50000E+04  3.61368E-17  4.92660E-19  9.99989E-19  4.45921E-18  1.4E-06
   5.00000E+04  3.39106E-17  4.20638E-19  8.64898E-19  4.07021E-18  1.9E-06
   6.00000E+04  3.03788E-17  3.19699E-19  6.71398E-19  3.48589E-18  2.2E-06
   7.00000E+04  2.76928E-17  2.53326E-19  5.41025E-19  3.06806E-18  1.3E-06
   8.00000E+04  2.55754E-17  2.07002E-19  4.48252E-19  2.75452E-18  4.4E-06
   9.00000E+04  2.38603E-17  1.73194E-19  3.79457E-19  2.51064E-18  1.2E-05
   1.00000E+05  2.24412E-17  1.47648E-19  3.26766E-19  2.31555E-18  2.9E-05
   1.25000E+05  1.97707E-17  1.05315E-19  2.37841E-19  1.96446E-18  1.6E-04
   1.50000E+05  1.78997E-17  7.99442E-20  1.83359E-19  1.73007E-18  5.5E-04
   1.75000E+05  1.65154E-17  6.33620E-20  1.47133E-19  1.56161E-18  1.5E-03
   2.00000E+05  1.54502E-17  5.18347E-20  1.21598E-19  1.43344E-18  3.2E-03
   2.50000E+05  1.39210E-17  3.71110E-20  8.84578E-20  1.24652E-18  9.9E-03
   3.00000E+05  1.28794E-17  2.82849E-20  6.82372E-20  1.15765E-18  4.7E-06
   3.50000E+05  1.21274E-17  2.25037E-20  5.48088E-20  1.07788E-18  1.0E-07
   4.00000E+05  1.15612E-17  1.84722E-20  4.53389E-20  1.01890E-18  1.0E-07
   4.50000E+05  1.11212E-17  1.55261E-20  3.83538E-20  9.73697E-19  2.3E-07
   5.00000E+05  1.07707E-17  1.32937E-20  3.30192E-20  9.38177E-19  1.0E-07
   6.00000E+05  1.02503E-17  1.01631E-20  2.54669E-20  8.86064E-19  1.0E-07
   7.00000E+05  9.88565E-18  8.09608E-21  2.04270E-20  8.50059E-19  1.0E-07
   8.00000E+05  9.61839E-18  6.64436E-21  1.68573E-20  8.23946E-19  1.0E-07
   9.00000E+05  9.41569E-18  5.57728E-21  1.42152E-20  8.04307E-19  1.0E-07
   1.00000E+06  9.25777E-18  4.76504E-21  1.21925E-20  7.89114E-19  1.0E-07
   1.25000E+06  9.00762E-18  3.44005E-21  8.86579E-21  0.00000E+00  1.0E-07
   1.50000E+06  8.83773E-18  2.60254E-21  6.74630E-21  0.00000E+00  1.0E-07
   1.75000E+06  8.75698E-18  2.05046E-21  5.34200E-21  0.00000E+00  1.0E-05
   2.00000E+06  8.66558E-18  1.66203E-21  4.34615E-21  0.00000E+00  1.0E-05
   2.50000E+06  8.54825E-18  1.16338E-21  3.06050E-21  0.00000E+00  1.0E-05
   3.00000E+06  8.47895E-18  8.64399E-22  2.28488E-21  0.00000E+00  1.0E-05
   3.50000E+06  8.43359E-18  6.69731E-22  1.77743E-21  0.00000E+00  1.0E-05
   4.00000E+06  8.40459E-18  5.35328E-22  1.42570E-21  0.00000E+00  1.0E-05
   4.50000E+06  8.37792E-18  4.38347E-22  1.17105E-21  0.00000E+00  1.0E-05
   5.00000E+06  8.38095E-18  3.66013E-22  9.80603E-22  0.00000E+00  1.0E-05
   6.00000E+06  8.34529E-18  2.66710E-22  7.18149E-22  0.00000E+00  1.0E-05
   7.00000E+06  8.33050E-18  2.03348E-22  5.49987E-22  0.00000E+00  1.0E-05
   8.00000E+06  8.32214E-18  1.60333E-22  4.35408E-22  0.00000E+00  1.0E-05
   9.00000E+06  8.31551E-18  1.29741E-22  3.53658E-22  0.00000E+00  1.0E-05
   1.00000E+07  8.30948E-18  1.07183E-22  2.93197E-22  0.00000E+00  1.0E-05
   1.25000E+07  8.30152E-18  7.11725E-23  1.96261E-22  0.00000E+00  1.0E-05
   1.50000E+07  8.29634E-18  5.06889E-23  1.40786E-22  0.00000E+00  1.0E-05
   1.75000E+07  8.29293E-18  3.79175E-23  1.06004E-22  0.00000E+00  1.0E-05
   2.00000E+07  8.29074E-18  2.94174E-23  8.27334E-23  0.00000E+00  1.0E-05
   2.50000E+07  8.28814E-18  1.91586E-23  5.44474E-23  0.00000E+00  1.0E-05
   3.00000E+07  8.28815E-18  1.34434E-23  3.85378E-23  0.00000E+00  1.0E-05
   3.50000E+07  8.28544E-18  9.94036E-24  2.86996E-23  0.00000E+00  1.0E-05
   4.00000E+07  8.28415E-18  7.64255E-24  2.21938E-23  0.00000E+00  1.0E-05
   4.50000E+07  8.28664E-18  6.05560E-24  1.76683E-23  0.00000E+00  1.0E-05
   5.00000E+07  8.28102E-18  4.91476E-24  1.43945E-23  0.00000E+00  1.0E-05
   6.00000E+07  8.28180E-18  3.42159E-24  1.00782E-23  0.00000E+00  1.0E-05
   7.00000E+07  8.28602E-18  2.51733E-24  7.44370E-24  0.00000E+00  1.0E-05
   8.00000E+07  8.28575E-18  1.92876E-24  5.71929E-24  0.00000E+00  1.0E-05
   9.00000E+07  8.28552E-18  1.52456E-24  4.53013E-24  0.00000E+00  1.0E-05
   1.00000E+08  8.28628E-18  1.23514E-24  3.67594E-24  0.00000E+00  1.0E-05
   1.25000E+08  8.28479E-18  7.90485E-25  2.35871E-24  0.00000E+00  1.0E-05
   1.50000E+08  8.28387E-18  5.48806E-25  1.64006E-24  0.00000E+00  1.0E-05
   1.75000E+08  8.28331E-18  4.03078E-25  1.20573E-24  0.00000E+00  1.0E-05
   2.00000E+08  8.28324E-18  3.08506E-25  9.23429E-25  0.00000E+00  1.0E-05
   2.50000E+08  8.28328E-18  1.97326E-25  5.91106E-25  0.00000E+00  5.2E-05
   3.00000E+08  8.28285E-18  1.36960E-25  4.10454E-25  0.00000E+00  5.0E-05
   3.50000E+08  8.28148E-18  1.00571E-25  3.01482E-25  0.00000E+00  5.3E-05
   4.00000E+08  8.28005E-18  7.69645E-26  2.30756E-25  0.00000E+00  1.0E+00
   4.50000E+08  8.28121E-18  6.07843E-26  1.82267E-25  0.00000E+00  1.0E+00
   5.00000E+08  8.27504E-18  4.92149E-26  1.47588E-25  0.00000E+00  1.0E+00
   6.00000E+08  8.27233E-18  3.41516E-26  1.02427E-25  0.00000E+00  1.0E+00
   7.00000E+08  8.27086E-18  2.50746E-26  7.52090E-26  0.00000E+00  1.0E+00
   8.00000E+08  8.26169E-18  1.91858E-26  5.75486E-26  0.00000E+00  1.0E+00
   9.00000E+08  8.24992E-18  1.51508E-26  4.54471E-26  0.00000E+00  1.0E+00
   1.00000E+09  8.23562E-18  1.22666E-26  3.67962E-26  0.00000E+00  1.0E+00
