0.100122 1464.81
0.112626 1263.74
0.122403 1096.96
0.133686 946.354
0.148896 782.001
0.171637 618.953
0.191154 489.886
0.21186 394.958
0.239455 301.267
0.25895 242.884
0.285619 197.027
0.313454 152.147
0.340673 122.663
0.373949 100.736
0.420684 78.7552
0.459547 65.883
0.499561 56.1418
0.551185 48.7334
0.60821 44.1656
0.664637 42.5673
0.722736 41.2799
0.778136 38.3426
0.837777 35.3957
0.924599 34.1151
1.05115 34.119
1.22498 36.0677
1.39965 38.1272
1.58352 40.3039
1.82712 41.0604
2.1609 42.6119
2.50563 43.412
2.94861 43.4183
3.46991 43.4245
4.06321 42.6358
4.94952 42.1215
5.7674 42.1272
6.85425 41.1087
8.43227 40.8639
10.071 40.6195
12.0877 39.6379
15.0182 39.1603
18.7513 39.8982
23.0685 39.6607
28.6611 39.6683
36.6793 39.4335
47.4061 39.4425
61.2708 38.7295
78.7986 39.4603
99.8537 39.2264
130.335 39.478
174.363 40.4727
236.756 39.9883
318.312 39.9988
395.462 41.004
