0.138708 314.683
0.187862 156.463
0.235852 92.7566
0.274426 70.2046
0.303662 53.1395
0.344511 42.4407
0.357853 37.7451
0.385976 33.8966
0.421642 28.5676
0.490405 25.0334
0.570253 23.8352
0.671465 22.9168
0.79044 24.1759
0.918822 26.1351
1.00309 27.8446
1.06783 30.5491
1.15102 34.5123
1.20984 39.9547
1.27194 42.7788
1.38857 45.8001
1.57416 48.3192
1.85343 47.6055
2.20982 46.9016
2.80573 44.8699
3.56233 42.9262
4.6379 41.4683
6.42937 40.4495
7.96001 39.8493
9.85465 39.8373
12.9913 39.4349
18.9366 39.0309
26.9172 39.0117
37.3125 38.8039
51.0775 38.4098
75.3893 38.7656
100.64 38.5611
132.668 38.7349
172.71 38.5319
254.909 39.2706
362.323 39.8305
606.323 40.7855
989.485 41.5615
1497.57 42.3566
2075.78 43.1724
3988.12 45.0708
9974.28 47.7295
18922.7 51.0609
45573.9 54.8738
100523 58.9788
