# SCIN  xmin =   3.0000E-02 norm= 1
 # norm=1: /r.l, 2: mb/ingredient, 3: /(g/cm2), 4:/cm, 5: area norm 
#  Ee- masele, tprob*NC, tprob, NC 
   0.1000        3.765        885.6       4.2506E-03
   0.1259        3.790        891.6       4.2506E-03
   0.1585        3.812        896.7       4.2506E-03
   0.1995        3.831        901.3       4.2506E-03
   0.2512        3.847        905.2       4.2506E-03
   0.3162        3.862        908.5       4.2506E-03
   0.3981        3.874        911.4       4.2506E-03
   0.5012        3.885        913.9       4.2506E-03
   0.6310        3.893        916.0       4.2506E-03
   0.7943        3.901        917.8       4.2506E-03
    1.000        3.907        919.2       4.2506E-03
    1.259        3.913        920.5       4.2506E-03
    1.585        3.917        921.5       4.2506E-03
    1.995        3.921        922.4       4.2506E-03
    2.512        3.924        923.1       4.2506E-03
    3.162        3.926        923.7       4.2506E-03
    3.981        3.928        924.2       4.2506E-03
    5.012        3.930        924.6       4.2506E-03
    6.310        3.932        924.9       4.2506E-03
    7.943        3.933        925.2       4.2506E-03
    10.00        3.934        925.4       4.2506E-03
    12.59        3.934        925.6       4.2506E-03
    15.85        3.935        925.7       4.2506E-03
    19.95        3.935        925.8       4.2506E-03
    25.12        3.936        925.9       4.2506E-03
    31.62        3.936        926.0       4.2506E-03
    39.81        3.936        926.1       4.2506E-03
    50.12        3.936        926.1       4.2506E-03
    63.10        3.937        926.1       4.2506E-03
    79.43        3.937        926.2       4.2506E-03
