# W  xmin =   3.0000E-02 norm= 1
 # norm=1: /r.l, 2: mb/ingredient, 3: /(g/cm2), 4:/cm, 5: area norm 
#  Ee- masele, tprob*NC, tprob, NC 
   0.1000        3.874       1.7488E+05   2.2152E-05
   0.1259        3.885       1.7537E+05   2.2152E-05
   0.1585        3.894       1.7580E+05   2.2152E-05
   0.1995        3.903       1.7618E+05   2.2152E-05
   0.2512        3.910       1.7652E+05   2.2152E-05
   0.3162        3.917       1.7682E+05   2.2152E-05
   0.3981        3.923       1.7707E+05   2.2152E-05
   0.5012        3.927       1.7729E+05   2.2152E-05
   0.6310        3.931       1.7747E+05   2.2152E-05
   0.7943        3.935       1.7763E+05   2.2152E-05
    1.000        3.938       1.7776E+05   2.2152E-05
    1.259        3.940       1.7787E+05   2.2152E-05
    1.585        3.942       1.7797E+05   2.2152E-05
    1.995        3.944       1.7804E+05   2.2152E-05
    2.512        3.945       1.7810E+05   2.2152E-05
    3.162        3.947       1.7815E+05   2.2152E-05
    3.981        3.947       1.7819E+05   2.2152E-05
    5.012        3.948       1.7823E+05   2.2152E-05
    6.310        3.949       1.7825E+05   2.2152E-05
    7.943        3.949       1.7828E+05   2.2152E-05
    10.00        3.950       1.7829E+05   2.2152E-05
    12.59        3.950       1.7831E+05   2.2152E-05
    15.85        3.950       1.7832E+05   2.2152E-05
    19.95        3.950       1.7833E+05   2.2152E-05
    25.12        3.951       1.7834E+05   2.2152E-05
    31.62        3.951       1.7834E+05   2.2152E-05
    39.81        3.951       1.7835E+05   2.2152E-05
    50.12        3.951       1.7835E+05   2.2152E-05
    63.10        3.951       1.7835E+05   2.2152E-05
    79.43        3.951       1.7836E+05   2.2152E-05
