# W  xmin =   1.0000E-03 norm= 1
 # norm=1: /r.l, 2: mb/ingredient, 3: /(g/cm2), 4:/cm, 5: area norm 
#  Ee- masele, tprob*NC, tprob, NC 
   0.1000        8.520       3.8459E+05   2.2152E-05
   0.1259        8.520       3.8461E+05   2.2152E-05
   0.1585        8.522       3.8468E+05   2.2152E-05
   0.1995        8.524       3.8478E+05   2.2152E-05
   0.2512        8.526       3.8489E+05   2.2152E-05
   0.3162        8.529       3.8500E+05   2.2152E-05
   0.3981        8.531       3.8511E+05   2.2152E-05
   0.5012        8.533       3.8521E+05   2.2152E-05
   0.6310        8.535       3.8530E+05   2.2152E-05
   0.7943        8.537       3.8539E+05   2.2152E-05
    1.000        8.539       3.8546E+05   2.2152E-05
    1.259        8.540       3.8552E+05   2.2152E-05
    1.585        8.541       3.8558E+05   2.2152E-05
    1.995        8.542       3.8562E+05   2.2152E-05
    2.512        8.543       3.8566E+05   2.2152E-05
    3.162        8.544       3.8570E+05   2.2152E-05
    3.981        8.545       3.8572E+05   2.2152E-05
    5.012        8.545       3.8574E+05   2.2152E-05
    6.310        8.546       3.8576E+05   2.2152E-05
    7.943        8.546       3.8578E+05   2.2152E-05
    10.00        8.546       3.8579E+05   2.2152E-05
    12.59        8.546       3.8580E+05   2.2152E-05
    15.85        8.546       3.8581E+05   2.2152E-05
    19.95        8.547       3.8581E+05   2.2152E-05
    25.12        8.547       3.8582E+05   2.2152E-05
    31.62        8.547       3.8582E+05   2.2152E-05
    39.81        8.547       3.8582E+05   2.2152E-05
    50.12        8.547       3.8583E+05   2.2152E-05
    63.10        8.547       3.8583E+05   2.2152E-05
    79.43        8.547       3.8583E+05   2.2152E-05
