100.0 5.556E+04
150.0 5.795E+05
200.0 2.409E+06
225.0 4.103E+06
250.0 6.708E+06
275.0 1.042E+07
300.0 1.626E+07
325.0 2.215E+07
350.0 2.990E+07
375.0 4.012E+07
400.0 4.904E+07
425.0 6.009E+07
450.0 6.980E+07
475.0 7.776E+07
500.0 8.839E+07
525.0 9.730E+07
550.0 1.049E+08
575.0 1.094E+08
600.0 1.111E+08
625.0 1.154E+08
650.0 1.131E+08
675.0 1.118E+08
700.0 1.116E+08
725.0 1.068E+08
750.0 1.023E+08
775.0 9.605E+07
800.0 9.015E+07
825.0 8.221E+07
850.0 7.685E+07
875.0 6.900E+07
900.0 6.291E+07
925.0 5.552E+07
950.0 4.989E+07
975.0 4.625E+07
1000.0 3.978E+07
