0.78107E-09 -0.19130E-24 -0.63781E+07 1 1 1 1
0.76920E-09 0.13563E-09 -0.63781E+07 1 1 1 1
0.73397E-09 0.26714E-09 -0.63781E+07 1 1 1 1
0.67643E-09 0.39054E-09 -0.63781E+07 1 1 1 1
0.59833E-09 0.50206E-09 -0.63781E+07 1 1 1 1
0.50206E-09 0.59833E-09 -0.63781E+07 1 1 1 1
0.39054E-09 0.67643E-09 -0.63781E+07 1 1 1 1
0.26714E-09 0.73397E-09 -0.63781E+07 1 1 1 1
0.13563E-09 0.76920E-09 -0.63781E+07 1 1 1 1
0.16266E-23 0.78107E-09 -0.63781E+07 1 1 1 1
-0.13563E-09 0.76920E-09 -0.63781E+07 1 1 1 1
-0.26714E-09 0.73397E-09 -0.63781E+07 1 1 1 1
-0.39054E-09 0.67643E-09 -0.63781E+07 1 1 1 1
-0.50206E-09 0.59833E-09 -0.63781E+07 1 1 1 1
-0.59833E-09 0.50206E-09 -0.63781E+07 1 1 1 1
-0.67643E-09 0.39054E-09 -0.63781E+07 1 1 1 1
-0.73397E-09 0.26714E-09 -0.63781E+07 1 1 1 1
-0.76920E-09 0.13563E-09 -0.63781E+07 1 1 1 1
-0.78107E-09 0.30619E-23 -0.63781E+07 1 1 1 1
-0.76920E-09 -0.13563E-09 -0.63781E+07 1 1 1 1
-0.73397E-09 -0.26714E-09 -0.63781E+07 1 1 1 1
-0.67643E-09 -0.39054E-09 -0.63781E+07 1 1 1 1
-0.59833E-09 -0.50206E-09 -0.63781E+07 1 1 1 1
-0.50206E-09 -0.59833E-09 -0.63781E+07 1 1 1 1
-0.39054E-09 -0.67643E-09 -0.63781E+07 1 1 1 1
-0.26714E-09 -0.73397E-09 -0.63781E+07 1 1 1 1
-0.13563E-09 -0.76920E-09 -0.63781E+07 1 1 1 1
-0.44972E-23 -0.78107E-09 -0.63781E+07 1 1 1 1
0.13563E-09 -0.76920E-09 -0.63781E+07 1 1 1 1
0.26714E-09 -0.73397E-09 -0.63781E+07 1 1 1 1
0.39054E-09 -0.67643E-09 -0.63781E+07 1 1 1 1
0.50206E-09 -0.59833E-09 -0.63781E+07 1 1 1 1
0.59833E-09 -0.50206E-09 -0.63781E+07 1 1 1 1
0.67643E-09 -0.39054E-09 -0.63781E+07 1 1 1 1
0.73397E-09 -0.26714E-09 -0.63781E+07 1 1 1 1
0.76920E-09 -0.13563E-09 -0.63781E+07 1 1 1 1
0.78107E-09 -0.59324E-23 -0.63781E+07 1 1 1 1
 
0.11076E+07 -0.27126E-09 -0.62812E+07 1 1 1 1
0.10907E+07 0.19232E+06 -0.62812E+07 1 1 1 1
0.10408E+07 0.37881E+06 -0.62812E+07 1 1 1 1
0.95917E+06 0.55378E+06 -0.62812E+07 1 1 1 1
0.84843E+06 0.71192E+06 -0.62812E+07 1 1 1 1
0.71192E+06 0.84843E+06 -0.62812E+07 1 1 1 1
0.55378E+06 0.95917E+06 -0.62812E+07 1 1 1 1
0.37881E+06 0.10408E+07 -0.62812E+07 1 1 1 1
0.19232E+06 0.10907E+07 -0.62812E+07 1 1 1 1
0.23065E-08 0.11076E+07 -0.62812E+07 1 1 1 1
-0.19232E+06 0.10907E+07 -0.62812E+07 1 1 1 1
-0.37881E+06 0.10408E+07 -0.62812E+07 1 1 1 1
-0.55378E+06 0.95917E+06 -0.62812E+07 1 1 1 1
-0.71192E+06 0.84843E+06 -0.62812E+07 1 1 1 1
-0.84843E+06 0.71192E+06 -0.62812E+07 1 1 1 1
-0.95917E+06 0.55378E+06 -0.62812E+07 1 1 1 1
-0.10408E+07 0.37881E+06 -0.62812E+07 1 1 1 1
-0.10907E+07 0.19232E+06 -0.62812E+07 1 1 1 1
-0.11076E+07 0.43417E-08 -0.62812E+07 1 1 1 1
-0.10907E+07 -0.19232E+06 -0.62812E+07 1 1 1 1
-0.10408E+07 -0.37881E+06 -0.62812E+07 1 1 1 1
-0.95917E+06 -0.55378E+06 -0.62812E+07 1 1 1 1
-0.84843E+06 -0.71192E+06 -0.62812E+07 1 1 1 1
-0.71192E+06 -0.84843E+06 -0.62812E+07 1 1 1 1
-0.55378E+06 -0.95917E+06 -0.62812E+07 1 1 1 1
-0.37881E+06 -0.10408E+07 -0.62812E+07 1 1 1 1
-0.19232E+06 -0.10907E+07 -0.62812E+07 1 1 1 1
-0.63769E-08 -0.11076E+07 -0.62812E+07 1 1 1 1
0.19232E+06 -0.10907E+07 -0.62812E+07 1 1 1 1
0.37881E+06 -0.10408E+07 -0.62812E+07 1 1 1 1
0.55378E+06 -0.95917E+06 -0.62812E+07 1 1 1 1
0.71192E+06 -0.84843E+06 -0.62812E+07 1 1 1 1
0.84843E+06 -0.71192E+06 -0.62812E+07 1 1 1 1
0.95917E+06 -0.55378E+06 -0.62812E+07 1 1 1 1
0.10408E+07 -0.37881E+06 -0.62812E+07 1 1 1 1
0.10907E+07 -0.19232E+06 -0.62812E+07 1 1 1 1
0.11076E+07 -0.84122E-08 -0.62812E+07 1 1 1 1
 
0.21815E+07 -0.53428E-09 -0.59935E+07 1 1 1 1
0.21483E+07 0.37881E+06 -0.59935E+07 1 1 1 1
0.20499E+07 0.74610E+06 -0.59935E+07 1 1 1 1
0.18892E+07 0.10907E+07 -0.59935E+07 1 1 1 1
0.16711E+07 0.14022E+07 -0.59935E+07 1 1 1 1
0.14022E+07 0.16711E+07 -0.59935E+07 1 1 1 1
0.10907E+07 0.18892E+07 -0.59935E+07 1 1 1 1
0.74610E+06 0.20499E+07 -0.59935E+07 1 1 1 1
0.37881E+06 0.21483E+07 -0.59935E+07 1 1 1 1
0.45429E-08 0.21815E+07 -0.59935E+07 1 1 1 1
-0.37881E+06 0.21483E+07 -0.59935E+07 1 1 1 1
-0.74610E+06 0.20499E+07 -0.59935E+07 1 1 1 1
-0.10907E+07 0.18892E+07 -0.59935E+07 1 1 1 1
-0.14022E+07 0.16711E+07 -0.59935E+07 1 1 1 1
-0.16711E+07 0.14022E+07 -0.59935E+07 1 1 1 1
-0.18892E+07 0.10907E+07 -0.59935E+07 1 1 1 1
-0.20499E+07 0.74610E+06 -0.59935E+07 1 1 1 1
-0.21483E+07 0.37881E+06 -0.59935E+07 1 1 1 1
-0.21815E+07 0.85515E-08 -0.59935E+07 1 1 1 1
-0.21483E+07 -0.37881E+06 -0.59935E+07 1 1 1 1
-0.20499E+07 -0.74610E+06 -0.59935E+07 1 1 1 1
-0.18892E+07 -0.10907E+07 -0.59935E+07 1 1 1 1
-0.16711E+07 -0.14022E+07 -0.59935E+07 1 1 1 1
-0.14022E+07 -0.16711E+07 -0.59935E+07 1 1 1 1
-0.10907E+07 -0.18892E+07 -0.59935E+07 1 1 1 1
-0.74610E+06 -0.20499E+07 -0.59935E+07 1 1 1 1
-0.37881E+06 -0.21483E+07 -0.59935E+07 1 1 1 1
-0.12560E-07 -0.21815E+07 -0.59935E+07 1 1 1 1
0.37881E+06 -0.21483E+07 -0.59935E+07 1 1 1 1
0.74610E+06 -0.20499E+07 -0.59935E+07 1 1 1 1
0.10907E+07 -0.18892E+07 -0.59935E+07 1 1 1 1
0.14022E+07 -0.16711E+07 -0.59935E+07 1 1 1 1
0.16711E+07 -0.14022E+07 -0.59935E+07 1 1 1 1
0.18892E+07 -0.10907E+07 -0.59935E+07 1 1 1 1
0.20499E+07 -0.74610E+06 -0.59935E+07 1 1 1 1
0.21483E+07 -0.37881E+06 -0.59935E+07 1 1 1 1
0.21815E+07 -0.16569E-07 -0.59935E+07 1 1 1 1
 
0.31891E+07 -0.78107E-09 -0.55236E+07 1 1 0 1
0.31406E+07 0.55378E+06 -0.55236E+07 1 1 0 1
0.29967E+07 0.10907E+07 -0.55236E+07 1 1 0 1
0.27618E+07 0.15945E+07 -0.55236E+07 1 1 0 1
0.24430E+07 0.20499E+07 -0.55236E+07 1 1 0 1
0.20499E+07 0.24430E+07 -0.55236E+07 1 1 0 1
0.15945E+07 0.27618E+07 -0.55236E+07 1 1 0 1
0.10907E+07 0.29967E+07 -0.55236E+07 1 1 0 1
0.55378E+06 0.31406E+07 -0.55236E+07 1 1 0 1
0.66413E-08 0.31891E+07 -0.55236E+07 1 1 0 1
-0.55378E+06 0.31406E+07 -0.55236E+07 1 1 0 1
-0.10907E+07 0.29967E+07 -0.55236E+07 1 1 0 1
-0.15945E+07 0.27618E+07 -0.55236E+07 1 1 0 1
-0.20499E+07 0.24430E+07 -0.55236E+07 1 1 0 1
-0.24430E+07 0.20499E+07 -0.55236E+07 1 1 0 1
-0.27618E+07 0.15945E+07 -0.55236E+07 1 1 0 1
-0.29967E+07 0.10907E+07 -0.55236E+07 1 1 0 1
-0.31406E+07 0.55378E+06 -0.55236E+07 1 1 0 1
-0.31891E+07 0.12501E-07 -0.55236E+07 1 1 0 1
-0.31406E+07 -0.55378E+06 -0.55236E+07 1 1 0 1
-0.29967E+07 -0.10907E+07 -0.55236E+07 1 1 0 1
-0.27618E+07 -0.15945E+07 -0.55236E+07 1 1 0 1
-0.24430E+07 -0.20499E+07 -0.55236E+07 1 1 0 1
-0.20499E+07 -0.24430E+07 -0.55236E+07 1 1 0 1
-0.15945E+07 -0.27618E+07 -0.55236E+07 1 1 0 1
-0.10907E+07 -0.29967E+07 -0.55236E+07 1 1 0 1
-0.55378E+06 -0.31406E+07 -0.55236E+07 1 1 0 1
-0.18362E-07 -0.31891E+07 -0.55236E+07 1 1 0 1
0.55378E+06 -0.31406E+07 -0.55236E+07 1 1 0 1
0.10907E+07 -0.29967E+07 -0.55236E+07 1 1 0 1
0.15945E+07 -0.27618E+07 -0.55236E+07 1 1 0 1
0.20499E+07 -0.24430E+07 -0.55236E+07 1 1 0 1
0.24430E+07 -0.20499E+07 -0.55236E+07 1 1 0 1
0.27618E+07 -0.15945E+07 -0.55236E+07 1 1 0 1
0.29967E+07 -0.10907E+07 -0.55236E+07 1 1 0 1
0.31406E+07 -0.55378E+06 -0.55236E+07 1 1 0 1
0.31891E+07 -0.24222E-07 -0.55236E+07 1 1 0 1
 
0.40998E+07 -0.10041E-08 -0.48859E+07 1 1 0 1
0.40375E+07 0.71192E+06 -0.48859E+07 1 1 0 1
0.38525E+07 0.14022E+07 -0.48859E+07 1 1 0 1
0.35505E+07 0.20499E+07 -0.48859E+07 1 1 0 1
0.31406E+07 0.26353E+07 -0.48859E+07 1 1 0 1
0.26353E+07 0.31406E+07 -0.48859E+07 1 1 0 1
0.20499E+07 0.35505E+07 -0.48859E+07 1 1 0 1
0.14022E+07 0.38525E+07 -0.48859E+07 1 1 0 1
0.71192E+06 0.40375E+07 -0.48859E+07 1 1 0 1
0.85378E-08 0.40998E+07 -0.48859E+07 1 1 0 1
-0.71192E+06 0.40375E+07 -0.48859E+07 1 1 0 1
-0.14022E+07 0.38525E+07 -0.48859E+07 1 1 0 1
-0.20499E+07 0.35505E+07 -0.48859E+07 1 1 0 1
-0.26353E+07 0.31406E+07 -0.48859E+07 1 1 0 1
-0.31406E+07 0.26353E+07 -0.48859E+07 1 1 0 1
-0.35505E+07 0.20499E+07 -0.48859E+07 1 1 0 1
-0.38525E+07 0.14022E+07 -0.48859E+07 1 1 0 1
-0.40375E+07 0.71192E+06 -0.48859E+07 1 1 0 1
-0.40998E+07 0.16072E-07 -0.48859E+07 1 1 0 1
-0.40375E+07 -0.71192E+06 -0.48859E+07 1 1 0 1
-0.38525E+07 -0.14022E+07 -0.48859E+07 1 1 0 1
-0.35505E+07 -0.20499E+07 -0.48859E+07 1 1 0 1
-0.31406E+07 -0.26353E+07 -0.48859E+07 1 1 0 1
-0.26353E+07 -0.31406E+07 -0.48859E+07 1 1 0 1
-0.20499E+07 -0.35505E+07 -0.48859E+07 1 1 0 1
-0.14022E+07 -0.38525E+07 -0.48859E+07 1 1 0 1
-0.71192E+06 -0.40375E+07 -0.48859E+07 1 1 0 1
-0.23605E-07 -0.40998E+07 -0.48859E+07 1 1 0 1
0.71192E+06 -0.40375E+07 -0.48859E+07 1 1 0 1
0.14022E+07 -0.38525E+07 -0.48859E+07 1 1 0 1
0.20499E+07 -0.35505E+07 -0.48859E+07 1 1 0 1
0.26353E+07 -0.31406E+07 -0.48859E+07 1 1 0 1
0.31406E+07 -0.26353E+07 -0.48859E+07 1 1 0 1
0.35505E+07 -0.20499E+07 -0.48859E+07 1 1 0 1
0.38525E+07 -0.14022E+07 -0.48859E+07 1 1 0 1
0.40375E+07 -0.71192E+06 -0.48859E+07 1 1 0 1
0.40998E+07 -0.31139E-07 -0.48859E+07 1 1 0 1
 
0.48859E+07 -0.11967E-08 -0.40998E+07 1 1 0 1
0.48117E+07 0.84843E+06 -0.40998E+07 1 1 0 1
0.45913E+07 0.16711E+07 -0.40998E+07 1 1 0 1
0.42313E+07 0.24430E+07 -0.40998E+07 1 1 0 1
0.37428E+07 0.31406E+07 -0.40998E+07 1 1 0 1
0.31406E+07 0.37428E+07 -0.40998E+07 1 1 0 1
0.24430E+07 0.42313E+07 -0.40998E+07 1 1 0 1
0.16711E+07 0.45913E+07 -0.40998E+07 1 1 0 1
0.84843E+06 0.48117E+07 -0.40998E+07 1 1 0 1
0.10175E-07 0.48859E+07 -0.40998E+07 1 1 0 1
-0.84843E+06 0.48117E+07 -0.40998E+07 1 1 0 1
-0.16711E+07 0.45913E+07 -0.40998E+07 1 1 0 1
-0.24430E+07 0.42313E+07 -0.40998E+07 1 1 0 1
-0.31406E+07 0.37428E+07 -0.40998E+07 1 1 0 1
-0.37428E+07 0.31406E+07 -0.40998E+07 1 1 0 1
-0.42313E+07 0.24430E+07 -0.40998E+07 1 1 0 1
-0.45913E+07 0.16711E+07 -0.40998E+07 1 1 0 1
-0.48117E+07 0.84843E+06 -0.40998E+07 1 1 0 1
-0.48859E+07 0.19153E-07 -0.40998E+07 1 1 0 1
-0.48117E+07 -0.84843E+06 -0.40998E+07 1 1 0 1
-0.45913E+07 -0.16711E+07 -0.40998E+07 1 1 0 1
-0.42313E+07 -0.24430E+07 -0.40998E+07 1 1 0 1
-0.37428E+07 -0.31406E+07 -0.40998E+07 1 1 0 1
-0.31406E+07 -0.37428E+07 -0.40998E+07 1 1 0 1
-0.24430E+07 -0.42313E+07 -0.40998E+07 1 1 0 1
-0.16711E+07 -0.45913E+07 -0.40998E+07 1 1 0 1
-0.84843E+06 -0.48117E+07 -0.40998E+07 1 1 0 1
-0.28132E-07 -0.48859E+07 -0.40998E+07 1 1 0 1
0.84843E+06 -0.48117E+07 -0.40998E+07 1 1 0 1
0.16711E+07 -0.45913E+07 -0.40998E+07 1 1 0 1
0.24430E+07 -0.42313E+07 -0.40998E+07 1 1 0 1
0.31406E+07 -0.37428E+07 -0.40998E+07 1 1 0 1
0.37428E+07 -0.31406E+07 -0.40998E+07 1 1 0 1
0.42313E+07 -0.24430E+07 -0.40998E+07 1 1 0 1
0.45913E+07 -0.16711E+07 -0.40998E+07 1 1 0 1
0.48117E+07 -0.84843E+06 -0.40998E+07 1 1 0 1
0.48859E+07 -0.37110E-07 -0.40998E+07 1 1 0 1
 
0.55236E+07 -0.13529E-08 -0.31891E+07 1 1 0 1
0.54397E+07 0.95917E+06 -0.31891E+07 1 1 0 1
0.51905E+07 0.18892E+07 -0.31891E+07 1 1 0 1
0.47836E+07 0.27618E+07 -0.31891E+07 1 1 0 1
0.42313E+07 0.35505E+07 -0.31891E+07 1 1 0 1
0.35505E+07 0.42313E+07 -0.31891E+07 1 1 0 1
0.27618E+07 0.47836E+07 -0.31891E+07 1 1 0 1
0.18892E+07 0.51905E+07 -0.31891E+07 1 1 0 1
0.95917E+06 0.54397E+07 -0.31891E+07 1 1 0 1
0.11503E-07 0.55236E+07 -0.31891E+07 1 1 0 1
-0.95917E+06 0.54397E+07 -0.31891E+07 1 1 0 1
-0.18892E+07 0.51905E+07 -0.31891E+07 1 1 0 1
-0.27618E+07 0.47836E+07 -0.31891E+07 1 1 0 1
-0.35505E+07 0.42313E+07 -0.31891E+07 1 1 0 1
-0.42313E+07 0.35505E+07 -0.31891E+07 1 1 0 1
-0.47836E+07 0.27618E+07 -0.31891E+07 1 1 0 1
-0.51905E+07 0.18892E+07 -0.31891E+07 1 1 0 1
-0.54397E+07 0.95917E+06 -0.31891E+07 1 1 0 1
-0.55236E+07 0.21653E-07 -0.31891E+07 1 1 0 1
-0.54397E+07 -0.95917E+06 -0.31891E+07 1 1 0 1
-0.51905E+07 -0.18892E+07 -0.31891E+07 1 1 0 1
-0.47836E+07 -0.27618E+07 -0.31891E+07 1 1 0 1
-0.42313E+07 -0.35505E+07 -0.31891E+07 1 1 0 1
-0.35505E+07 -0.42313E+07 -0.31891E+07 1 1 0 1
-0.27618E+07 -0.47836E+07 -0.31891E+07 1 1 0 1
-0.18892E+07 -0.51905E+07 -0.31891E+07 1 1 0 1
-0.95917E+06 -0.54397E+07 -0.31891E+07 1 1 0 1
-0.31803E-07 -0.55236E+07 -0.31891E+07 1 1 0 1
0.95917E+06 -0.54397E+07 -0.31891E+07 1 1 0 1
0.18892E+07 -0.51905E+07 -0.31891E+07 1 1 0 1
0.27618E+07 -0.47836E+07 -0.31891E+07 1 1 0 1
0.35505E+07 -0.42313E+07 -0.31891E+07 1 1 0 1
0.42313E+07 -0.35505E+07 -0.31891E+07 1 1 0 1
0.47836E+07 -0.27618E+07 -0.31891E+07 1 1 0 1
0.51905E+07 -0.18892E+07 -0.31891E+07 1 1 0 1
0.54397E+07 -0.95917E+06 -0.31891E+07 1 1 0 1
0.55236E+07 -0.41953E-07 -0.31891E+07 1 1 0 1
 
0.59935E+07 -0.14679E-08 -0.21815E+07 1 1 0 1
0.59024E+07 0.10408E+07 -0.21815E+07 1 1 0 1
0.56320E+07 0.20499E+07 -0.21815E+07 1 1 0 1
0.51905E+07 0.29967E+07 -0.21815E+07 1 1 0 1
0.45913E+07 0.38525E+07 -0.21815E+07 1 1 0 1
0.38525E+07 0.45913E+07 -0.21815E+07 1 1 0 1
0.29967E+07 0.51905E+07 -0.21815E+07 1 1 0 1
0.20499E+07 0.56320E+07 -0.21815E+07 1 1 0 1
0.10408E+07 0.59024E+07 -0.21815E+07 1 1 0 1
0.12481E-07 0.59935E+07 -0.21815E+07 1 1 0 1
-0.10408E+07 0.59024E+07 -0.21815E+07 1 1 0 1
-0.20499E+07 0.56320E+07 -0.21815E+07 1 1 0 1
-0.29967E+07 0.51905E+07 -0.21815E+07 1 1 0 1
-0.38525E+07 0.45913E+07 -0.21815E+07 1 1 0 1
-0.45913E+07 0.38525E+07 -0.21815E+07 1 1 0 1
-0.51905E+07 0.29967E+07 -0.21815E+07 1 1 0 1
-0.56320E+07 0.20499E+07 -0.21815E+07 1 1 0 1
-0.59024E+07 0.10408E+07 -0.21815E+07 1 1 0 1
-0.59935E+07 0.23495E-07 -0.21815E+07 1 1 0 1
-0.59024E+07 -0.10408E+07 -0.21815E+07 1 1 0 1
-0.56320E+07 -0.20499E+07 -0.21815E+07 1 1 0 1
-0.51905E+07 -0.29967E+07 -0.21815E+07 1 1 0 1
-0.45913E+07 -0.38525E+07 -0.21815E+07 1 1 0 1
-0.38525E+07 -0.45913E+07 -0.21815E+07 1 1 0 1
-0.29967E+07 -0.51905E+07 -0.21815E+07 1 1 0 1
-0.20499E+07 -0.56320E+07 -0.21815E+07 1 1 0 1
-0.10408E+07 -0.59024E+07 -0.21815E+07 1 1 0 1
-0.34509E-07 -0.59935E+07 -0.21815E+07 1 1 0 1
0.10408E+07 -0.59024E+07 -0.21815E+07 1 1 0 1
0.20499E+07 -0.56320E+07 -0.21815E+07 1 1 0 1
0.29967E+07 -0.51905E+07 -0.21815E+07 1 1 0 1
0.38525E+07 -0.45913E+07 -0.21815E+07 1 1 0 1
0.45913E+07 -0.38525E+07 -0.21815E+07 1 1 0 1
0.51905E+07 -0.29967E+07 -0.21815E+07 1 1 0 1
0.56320E+07 -0.20499E+07 -0.21815E+07 1 1 0 1
0.59024E+07 -0.10408E+07 -0.21815E+07 1 1 0 1
0.59935E+07 -0.45522E-07 -0.21815E+07 1 1 0 1
 
0.62812E+07 -0.15384E-08 -0.11076E+07 1 1 0 1
0.61858E+07 0.10907E+07 -0.11076E+07 1 1 0 1
0.59024E+07 0.21483E+07 -0.11076E+07 1 1 0 1
0.54397E+07 0.31406E+07 -0.11076E+07 1 1 0 1
0.48117E+07 0.40375E+07 -0.11076E+07 1 1 0 1
0.40375E+07 0.48117E+07 -0.11076E+07 1 1 0 1
0.31406E+07 0.54397E+07 -0.11076E+07 1 1 0 1
0.21483E+07 0.59024E+07 -0.11076E+07 1 1 0 1
0.10907E+07 0.61858E+07 -0.11076E+07 1 1 0 1
0.13081E-07 0.62812E+07 -0.11076E+07 1 1 0 1
-0.10907E+07 0.61858E+07 -0.11076E+07 1 1 0 1
-0.21483E+07 0.59024E+07 -0.11076E+07 1 1 0 1
-0.31406E+07 0.54397E+07 -0.11076E+07 1 1 0 1
-0.40375E+07 0.48117E+07 -0.11076E+07 1 1 0 1
-0.48117E+07 0.40375E+07 -0.11076E+07 1 1 0 1
-0.54397E+07 0.31406E+07 -0.11076E+07 1 1 0 1
-0.59024E+07 0.21483E+07 -0.11076E+07 1 1 0 1
-0.61858E+07 0.10907E+07 -0.11076E+07 1 1 0 1
-0.62812E+07 0.24623E-07 -0.11076E+07 1 1 0 1
-0.61858E+07 -0.10907E+07 -0.11076E+07 1 1 0 1
-0.59024E+07 -0.21483E+07 -0.11076E+07 1 1 0 1
-0.54397E+07 -0.31406E+07 -0.11076E+07 1 1 0 1
-0.48117E+07 -0.40375E+07 -0.11076E+07 1 1 0 1
-0.40375E+07 -0.48117E+07 -0.11076E+07 1 1 0 1
-0.31406E+07 -0.54397E+07 -0.11076E+07 1 1 0 1
-0.21483E+07 -0.59024E+07 -0.11076E+07 1 1 0 1
-0.10907E+07 -0.61858E+07 -0.11076E+07 1 1 0 1
-0.36165E-07 -0.62812E+07 -0.11076E+07 1 1 0 1
0.10907E+07 -0.61858E+07 -0.11076E+07 1 1 0 1
0.21483E+07 -0.59024E+07 -0.11076E+07 1 1 0 1
0.31406E+07 -0.54397E+07 -0.11076E+07 1 1 0 1
0.40375E+07 -0.48117E+07 -0.11076E+07 1 1 0 1
0.48117E+07 -0.40375E+07 -0.11076E+07 1 1 0 1
0.54397E+07 -0.31406E+07 -0.11076E+07 1 1 0 1
0.59024E+07 -0.21483E+07 -0.11076E+07 1 1 0 1
0.61858E+07 -0.10907E+07 -0.11076E+07 1 1 0 1
0.62812E+07 -0.47708E-07 -0.11076E+07 1 1 0 1
 
0.63781E+07 -0.15621E-08 -0.66906E-08 1 1 0 1
0.62812E+07 0.11076E+07 -0.66906E-08 1 1 0 1
0.59935E+07 0.21815E+07 -0.66906E-08 1 1 0 1
0.55236E+07 0.31891E+07 -0.66906E-08 1 1 0 1
0.48859E+07 0.40998E+07 -0.66906E-08 1 1 0 1
0.40998E+07 0.48859E+07 -0.66906E-08 1 1 0 1
0.31891E+07 0.55236E+07 -0.66906E-08 1 1 0 1
0.21815E+07 0.59935E+07 -0.66906E-08 1 1 0 1
0.11076E+07 0.62812E+07 -0.66906E-08 1 1 0 1
0.13283E-07 0.63781E+07 -0.66906E-08 1 1 0 1
-0.11076E+07 0.62812E+07 -0.66906E-08 1 1 0 1
-0.21815E+07 0.59935E+07 -0.66906E-08 1 1 0 1
-0.31891E+07 0.55236E+07 -0.66906E-08 1 1 0 1
-0.40998E+07 0.48859E+07 -0.66906E-08 1 1 0 1
-0.48859E+07 0.40998E+07 -0.66906E-08 1 1 0 1
-0.55236E+07 0.31891E+07 -0.66906E-08 1 1 0 1
-0.59935E+07 0.21815E+07 -0.66906E-08 1 1 0 1
-0.62812E+07 0.11076E+07 -0.66906E-08 1 1 0 1
-0.63781E+07 0.25003E-07 -0.66906E-08 1 1 0 1
-0.62812E+07 -0.11076E+07 -0.66906E-08 1 1 0 1
-0.59935E+07 -0.21815E+07 -0.66906E-08 1 1 0 1
-0.55236E+07 -0.31891E+07 -0.66906E-08 1 1 0 1
-0.48859E+07 -0.40998E+07 -0.66906E-08 1 1 0 1
-0.40998E+07 -0.48859E+07 -0.66906E-08 1 1 0 1
-0.31891E+07 -0.55236E+07 -0.66906E-08 1 1 0 1
-0.21815E+07 -0.59935E+07 -0.66906E-08 1 1 0 1
-0.11076E+07 -0.62812E+07 -0.66906E-08 1 1 0 1
-0.36723E-07 -0.63781E+07 -0.66906E-08 1 1 0 1
0.11076E+07 -0.62812E+07 -0.66906E-08 1 1 0 1
0.21815E+07 -0.59935E+07 -0.66906E-08 1 1 0 1
0.31891E+07 -0.55236E+07 -0.66906E-08 1 1 0 1
0.40998E+07 -0.48859E+07 -0.66906E-08 1 1 0 1
0.48859E+07 -0.40998E+07 -0.66906E-08 1 1 0 1
0.55236E+07 -0.31891E+07 -0.66906E-08 1 1 0 1
0.59935E+07 -0.21815E+07 -0.66906E-08 1 1 0 1
0.62812E+07 -0.11076E+07 -0.66906E-08 1 1 0 1
0.63781E+07 -0.48444E-07 -0.66906E-08 1 1 0 1
 
0.62812E+07 -0.15384E-08 0.11076E+07 1 1 0 1
0.61858E+07 0.10907E+07 0.11076E+07 1 1 0 1
0.59024E+07 0.21483E+07 0.11076E+07 1 1 0 1
0.54397E+07 0.31406E+07 0.11076E+07 1 1 0 1
0.48117E+07 0.40375E+07 0.11076E+07 1 1 0 1
0.40375E+07 0.48117E+07 0.11076E+07 1 1 0 1
0.31406E+07 0.54397E+07 0.11076E+07 1 1 0 1
0.21483E+07 0.59024E+07 0.11076E+07 1 1 0 1
0.10907E+07 0.61858E+07 0.11076E+07 1 1 0 1
0.13081E-07 0.62812E+07 0.11076E+07 1 1 0 1
-0.10907E+07 0.61858E+07 0.11076E+07 1 1 0 1
-0.21483E+07 0.59024E+07 0.11076E+07 1 1 0 1
-0.31406E+07 0.54397E+07 0.11076E+07 1 1 0 1
-0.40375E+07 0.48117E+07 0.11076E+07 1 1 0 1
-0.48117E+07 0.40375E+07 0.11076E+07 1 1 0 1
-0.54397E+07 0.31406E+07 0.11076E+07 1 1 0 1
-0.59024E+07 0.21483E+07 0.11076E+07 1 1 0 1
-0.61858E+07 0.10907E+07 0.11076E+07 1 1 0 1
-0.62812E+07 0.24623E-07 0.11076E+07 1 1 0 1
-0.61858E+07 -0.10907E+07 0.11076E+07 1 1 0 1
-0.59024E+07 -0.21483E+07 0.11076E+07 1 1 0 1
-0.54397E+07 -0.31406E+07 0.11076E+07 1 1 0 1
-0.48117E+07 -0.40375E+07 0.11076E+07 1 1 0 1
-0.40375E+07 -0.48117E+07 0.11076E+07 1 1 0 1
-0.31406E+07 -0.54397E+07 0.11076E+07 1 1 0 1
-0.21483E+07 -0.59024E+07 0.11076E+07 1 1 0 1
-0.10907E+07 -0.61858E+07 0.11076E+07 1 1 0 1
-0.36165E-07 -0.62812E+07 0.11076E+07 1 1 0 1
0.10907E+07 -0.61858E+07 0.11076E+07 1 1 0 1
0.21483E+07 -0.59024E+07 0.11076E+07 1 1 0 1
0.31406E+07 -0.54397E+07 0.11076E+07 1 1 0 1
0.40375E+07 -0.48117E+07 0.11076E+07 1 1 0 1
0.48117E+07 -0.40375E+07 0.11076E+07 1 1 0 1
0.54397E+07 -0.31406E+07 0.11076E+07 1 1 0 1
0.59024E+07 -0.21483E+07 0.11076E+07 1 1 0 1
0.61858E+07 -0.10907E+07 0.11076E+07 1 1 0 1
0.62812E+07 -0.47708E-07 0.11076E+07 1 1 0 1
 
0.59935E+07 -0.14679E-08 0.21815E+07 1 1 0 1
0.59024E+07 0.10408E+07 0.21815E+07 1 1 0 1
0.56320E+07 0.20499E+07 0.21815E+07 1 1 0 1
0.51905E+07 0.29967E+07 0.21815E+07 1 1 0 1
0.45913E+07 0.38525E+07 0.21815E+07 1 1 0 1
0.38525E+07 0.45913E+07 0.21815E+07 1 1 0 1
0.29967E+07 0.51905E+07 0.21815E+07 1 1 0 1
0.20499E+07 0.56320E+07 0.21815E+07 1 1 0 1
0.10408E+07 0.59024E+07 0.21815E+07 1 1 0 1
0.12481E-07 0.59935E+07 0.21815E+07 1 1 0 1
-0.10408E+07 0.59024E+07 0.21815E+07 1 1 0 1
-0.20499E+07 0.56320E+07 0.21815E+07 1 1 0 1
-0.29967E+07 0.51905E+07 0.21815E+07 1 1 0 1
-0.38525E+07 0.45913E+07 0.21815E+07 1 1 0 1
-0.45913E+07 0.38525E+07 0.21815E+07 1 1 0 1
-0.51905E+07 0.29967E+07 0.21815E+07 1 1 0 1
-0.56320E+07 0.20499E+07 0.21815E+07 1 1 0 1
-0.59024E+07 0.10408E+07 0.21815E+07 1 1 0 1
-0.59935E+07 0.23495E-07 0.21815E+07 1 1 0 1
-0.59024E+07 -0.10408E+07 0.21815E+07 1 1 0 1
-0.56320E+07 -0.20499E+07 0.21815E+07 1 1 0 1
-0.51905E+07 -0.29967E+07 0.21815E+07 1 1 0 1
-0.45913E+07 -0.38525E+07 0.21815E+07 1 1 0 1
-0.38525E+07 -0.45913E+07 0.21815E+07 1 1 0 1
-0.29967E+07 -0.51905E+07 0.21815E+07 1 1 0 1
-0.20499E+07 -0.56320E+07 0.21815E+07 1 1 0 1
-0.10408E+07 -0.59024E+07 0.21815E+07 1 1 0 1
-0.34509E-07 -0.59935E+07 0.21815E+07 1 1 0 1
0.10408E+07 -0.59024E+07 0.21815E+07 1 1 0 1
0.20499E+07 -0.56320E+07 0.21815E+07 1 1 0 1
0.29967E+07 -0.51905E+07 0.21815E+07 1 1 0 1
0.38525E+07 -0.45913E+07 0.21815E+07 1 1 0 1
0.45913E+07 -0.38525E+07 0.21815E+07 1 1 0 1
0.51905E+07 -0.29967E+07 0.21815E+07 1 1 0 1
0.56320E+07 -0.20499E+07 0.21815E+07 1 1 0 1
0.59024E+07 -0.10408E+07 0.21815E+07 1 1 0 1
0.59935E+07 -0.45522E-07 0.21815E+07 1 1 0 1
 
0.55236E+07 -0.13529E-08 0.31891E+07 1 1 0 1
0.54397E+07 0.95917E+06 0.31891E+07 1 1 0 1
0.51905E+07 0.18892E+07 0.31891E+07 1 1 0 1
0.47836E+07 0.27618E+07 0.31891E+07 1 1 0 1
0.42313E+07 0.35505E+07 0.31891E+07 1 1 0 1
0.35505E+07 0.42313E+07 0.31891E+07 1 1 0 1
0.27618E+07 0.47836E+07 0.31891E+07 1 1 0 1
0.18892E+07 0.51905E+07 0.31891E+07 1 1 0 1
0.95917E+06 0.54397E+07 0.31891E+07 1 1 0 1
0.11503E-07 0.55236E+07 0.31891E+07 1 1 0 1
-0.95917E+06 0.54397E+07 0.31891E+07 1 1 0 1
-0.18892E+07 0.51905E+07 0.31891E+07 1 1 0 1
-0.27618E+07 0.47836E+07 0.31891E+07 1 1 0 1
-0.35505E+07 0.42313E+07 0.31891E+07 1 1 0 1
-0.42313E+07 0.35505E+07 0.31891E+07 1 1 0 1
-0.47836E+07 0.27618E+07 0.31891E+07 1 1 0 1
-0.51905E+07 0.18892E+07 0.31891E+07 1 1 0 1
-0.54397E+07 0.95917E+06 0.31891E+07 1 1 0 1
-0.55236E+07 0.21653E-07 0.31891E+07 1 1 0 1
-0.54397E+07 -0.95917E+06 0.31891E+07 1 1 0 1
-0.51905E+07 -0.18892E+07 0.31891E+07 1 1 0 1
-0.47836E+07 -0.27618E+07 0.31891E+07 1 1 0 1
-0.42313E+07 -0.35505E+07 0.31891E+07 1 1 0 1
-0.35505E+07 -0.42313E+07 0.31891E+07 1 1 0 1
-0.27618E+07 -0.47836E+07 0.31891E+07 1 1 0 1
-0.18892E+07 -0.51905E+07 0.31891E+07 1 1 0 1
-0.95917E+06 -0.54397E+07 0.31891E+07 1 1 0 1
-0.31803E-07 -0.55236E+07 0.31891E+07 1 1 0 1
0.95917E+06 -0.54397E+07 0.31891E+07 1 1 0 1
0.18892E+07 -0.51905E+07 0.31891E+07 1 1 0 1
0.27618E+07 -0.47836E+07 0.31891E+07 1 1 0 1
0.35505E+07 -0.42313E+07 0.31891E+07 1 1 0 1
0.42313E+07 -0.35505E+07 0.31891E+07 1 1 0 1
0.47836E+07 -0.27618E+07 0.31891E+07 1 1 0 1
0.51905E+07 -0.18892E+07 0.31891E+07 1 1 0 1
0.54397E+07 -0.95917E+06 0.31891E+07 1 1 0 1
0.55236E+07 -0.41953E-07 0.31891E+07 1 1 0 1
 
0.48859E+07 -0.11967E-08 0.40998E+07 1 1 0 1
0.48117E+07 0.84843E+06 0.40998E+07 1 1 0 1
0.45913E+07 0.16711E+07 0.40998E+07 1 1 0 1
0.42313E+07 0.24430E+07 0.40998E+07 1 1 0 1
0.37428E+07 0.31406E+07 0.40998E+07 1 1 0 1
0.31406E+07 0.37428E+07 0.40998E+07 1 1 0 1
0.24430E+07 0.42313E+07 0.40998E+07 1 1 0 1
0.16711E+07 0.45913E+07 0.40998E+07 1 1 0 1
0.84843E+06 0.48117E+07 0.40998E+07 1 1 0 1
0.10175E-07 0.48859E+07 0.40998E+07 1 1 0 1
-0.84843E+06 0.48117E+07 0.40998E+07 1 1 0 1
-0.16711E+07 0.45913E+07 0.40998E+07 1 1 0 1
-0.24430E+07 0.42313E+07 0.40998E+07 1 1 0 1
-0.31406E+07 0.37428E+07 0.40998E+07 1 1 0 1
-0.37428E+07 0.31406E+07 0.40998E+07 1 1 0 1
-0.42313E+07 0.24430E+07 0.40998E+07 1 1 0 1
-0.45913E+07 0.16711E+07 0.40998E+07 1 1 0 1
-0.48117E+07 0.84843E+06 0.40998E+07 1 1 0 1
-0.48859E+07 0.19153E-07 0.40998E+07 1 1 0 1
-0.48117E+07 -0.84843E+06 0.40998E+07 1 1 0 1
-0.45913E+07 -0.16711E+07 0.40998E+07 1 1 0 1
-0.42313E+07 -0.24430E+07 0.40998E+07 1 1 0 1
-0.37428E+07 -0.31406E+07 0.40998E+07 1 1 0 1
-0.31406E+07 -0.37428E+07 0.40998E+07 1 1 0 1
-0.24430E+07 -0.42313E+07 0.40998E+07 1 1 0 1
-0.16711E+07 -0.45913E+07 0.40998E+07 1 1 0 1
-0.84843E+06 -0.48117E+07 0.40998E+07 1 1 0 1
-0.28132E-07 -0.48859E+07 0.40998E+07 1 1 0 1
0.84843E+06 -0.48117E+07 0.40998E+07 1 1 0 1
0.16711E+07 -0.45913E+07 0.40998E+07 1 1 0 1
0.24430E+07 -0.42313E+07 0.40998E+07 1 1 0 1
0.31406E+07 -0.37428E+07 0.40998E+07 1 1 0 1
0.37428E+07 -0.31406E+07 0.40998E+07 1 1 0 1
0.42313E+07 -0.24430E+07 0.40998E+07 1 1 0 1
0.45913E+07 -0.16711E+07 0.40998E+07 1 1 0 1
0.48117E+07 -0.84843E+06 0.40998E+07 1 1 0 1
0.48859E+07 -0.37110E-07 0.40998E+07 1 1 0 1
 
0.40998E+07 -0.10041E-08 0.48859E+07 1 1 0 1
0.40375E+07 0.71192E+06 0.48859E+07 1 1 0 1
0.38525E+07 0.14022E+07 0.48859E+07 1 1 0 1
0.35505E+07 0.20499E+07 0.48859E+07 1 1 0 1
0.31406E+07 0.26353E+07 0.48859E+07 1 1 0 1
0.26353E+07 0.31406E+07 0.48859E+07 1 1 0 1
0.20499E+07 0.35505E+07 0.48859E+07 1 1 0 1
0.14022E+07 0.38525E+07 0.48859E+07 1 1 0 1
0.71192E+06 0.40375E+07 0.48859E+07 1 1 0 1
0.85378E-08 0.40998E+07 0.48859E+07 1 1 0 1
-0.71192E+06 0.40375E+07 0.48859E+07 1 1 0 1
-0.14022E+07 0.38525E+07 0.48859E+07 1 1 0 1
-0.20499E+07 0.35505E+07 0.48859E+07 1 1 0 1
-0.26353E+07 0.31406E+07 0.48859E+07 1 1 0 1
-0.31406E+07 0.26353E+07 0.48859E+07 1 1 0 1
-0.35505E+07 0.20499E+07 0.48859E+07 1 1 0 1
-0.38525E+07 0.14022E+07 0.48859E+07 1 1 0 1
-0.40375E+07 0.71192E+06 0.48859E+07 1 1 0 1
-0.40998E+07 0.16072E-07 0.48859E+07 1 1 0 1
-0.40375E+07 -0.71192E+06 0.48859E+07 1 1 0 1
-0.38525E+07 -0.14022E+07 0.48859E+07 1 1 0 1
-0.35505E+07 -0.20499E+07 0.48859E+07 1 1 0 1
-0.31406E+07 -0.26353E+07 0.48859E+07 1 1 0 1
-0.26353E+07 -0.31406E+07 0.48859E+07 1 1 0 1
-0.20499E+07 -0.35505E+07 0.48859E+07 1 1 0 1
-0.14022E+07 -0.38525E+07 0.48859E+07 1 1 0 1
-0.71192E+06 -0.40375E+07 0.48859E+07 1 1 0 1
-0.23605E-07 -0.40998E+07 0.48859E+07 1 1 0 1
0.71192E+06 -0.40375E+07 0.48859E+07 1 1 0 1
0.14022E+07 -0.38525E+07 0.48859E+07 1 1 0 1
0.20499E+07 -0.35505E+07 0.48859E+07 1 1 0 1
0.26353E+07 -0.31406E+07 0.48859E+07 1 1 0 1
0.31406E+07 -0.26353E+07 0.48859E+07 1 1 0 1
0.35505E+07 -0.20499E+07 0.48859E+07 1 1 0 1
0.38525E+07 -0.14022E+07 0.48859E+07 1 1 0 1
0.40375E+07 -0.71192E+06 0.48859E+07 1 1 0 1
0.40998E+07 -0.31139E-07 0.48859E+07 1 1 0 1
 
0.31891E+07 -0.78107E-09 0.55236E+07 1 1 0 1
0.31406E+07 0.55378E+06 0.55236E+07 1 1 0 1
0.29967E+07 0.10907E+07 0.55236E+07 1 1 0 1
0.27618E+07 0.15945E+07 0.55236E+07 1 1 0 1
0.24430E+07 0.20499E+07 0.55236E+07 1 1 0 1
0.20499E+07 0.24430E+07 0.55236E+07 1 1 0 1
0.15945E+07 0.27618E+07 0.55236E+07 1 1 0 1
0.10907E+07 0.29967E+07 0.55236E+07 1 1 0 1
0.55378E+06 0.31406E+07 0.55236E+07 1 1 0 1
0.66413E-08 0.31891E+07 0.55236E+07 1 1 0 1
-0.55378E+06 0.31406E+07 0.55236E+07 1 1 0 1
-0.10907E+07 0.29967E+07 0.55236E+07 1 1 0 1
-0.15945E+07 0.27618E+07 0.55236E+07 1 1 0 1
-0.20499E+07 0.24430E+07 0.55236E+07 1 1 0 1
-0.24430E+07 0.20499E+07 0.55236E+07 1 1 0 1
-0.27618E+07 0.15945E+07 0.55236E+07 1 1 0 1
-0.29967E+07 0.10907E+07 0.55236E+07 1 1 0 1
-0.31406E+07 0.55378E+06 0.55236E+07 1 1 0 1
-0.31891E+07 0.12501E-07 0.55236E+07 1 1 0 1
-0.31406E+07 -0.55378E+06 0.55236E+07 1 1 0 1
-0.29967E+07 -0.10907E+07 0.55236E+07 1 1 0 1
-0.27618E+07 -0.15945E+07 0.55236E+07 1 1 0 1
-0.24430E+07 -0.20499E+07 0.55236E+07 1 1 0 1
-0.20499E+07 -0.24430E+07 0.55236E+07 1 1 0 1
-0.15945E+07 -0.27618E+07 0.55236E+07 1 1 0 1
-0.10907E+07 -0.29967E+07 0.55236E+07 1 1 0 1
-0.55378E+06 -0.31406E+07 0.55236E+07 1 1 0 1
-0.18362E-07 -0.31891E+07 0.55236E+07 1 1 0 1
0.55378E+06 -0.31406E+07 0.55236E+07 1 1 0 1
0.10907E+07 -0.29967E+07 0.55236E+07 1 1 0 1
0.15945E+07 -0.27618E+07 0.55236E+07 1 1 0 1
0.20499E+07 -0.24430E+07 0.55236E+07 1 1 0 1
0.24430E+07 -0.20499E+07 0.55236E+07 1 1 0 1
0.27618E+07 -0.15945E+07 0.55236E+07 1 1 0 1
0.29967E+07 -0.10907E+07 0.55236E+07 1 1 0 1
0.31406E+07 -0.55378E+06 0.55236E+07 1 1 0 1
0.31891E+07 -0.24222E-07 0.55236E+07 1 1 0 1
 
0.21815E+07 -0.53428E-09 0.59935E+07 1 1 0 1
0.21483E+07 0.37881E+06 0.59935E+07 1 1 0 1
0.20499E+07 0.74610E+06 0.59935E+07 1 1 0 1
0.18892E+07 0.10907E+07 0.59935E+07 1 1 0 1
0.16711E+07 0.14022E+07 0.59935E+07 1 1 0 1
0.14022E+07 0.16711E+07 0.59935E+07 1 1 0 1
0.10907E+07 0.18892E+07 0.59935E+07 1 1 0 1
0.74610E+06 0.20499E+07 0.59935E+07 1 1 0 1
0.37881E+06 0.21483E+07 0.59935E+07 1 1 0 1
0.45429E-08 0.21815E+07 0.59935E+07 1 1 0 1
-0.37881E+06 0.21483E+07 0.59935E+07 1 1 0 1
-0.74610E+06 0.20499E+07 0.59935E+07 1 1 0 1
-0.10907E+07 0.18892E+07 0.59935E+07 1 1 0 1
-0.14022E+07 0.16711E+07 0.59935E+07 1 1 0 1
-0.16711E+07 0.14022E+07 0.59935E+07 1 1 0 1
-0.18892E+07 0.10907E+07 0.59935E+07 1 1 0 1
-0.20499E+07 0.74610E+06 0.59935E+07 1 1 0 1
-0.21483E+07 0.37881E+06 0.59935E+07 1 1 0 1
-0.21815E+07 0.85515E-08 0.59935E+07 1 1 0 1
-0.21483E+07 -0.37881E+06 0.59935E+07 1 1 0 1
-0.20499E+07 -0.74610E+06 0.59935E+07 1 1 0 1
-0.18892E+07 -0.10907E+07 0.59935E+07 1 1 0 1
-0.16711E+07 -0.14022E+07 0.59935E+07 1 1 0 1
-0.14022E+07 -0.16711E+07 0.59935E+07 1 1 0 1
-0.10907E+07 -0.18892E+07 0.59935E+07 1 1 0 1
-0.74610E+06 -0.20499E+07 0.59935E+07 1 1 0 1
-0.37881E+06 -0.21483E+07 0.59935E+07 1 1 0 1
-0.12560E-07 -0.21815E+07 0.59935E+07 1 1 0 1
0.37881E+06 -0.21483E+07 0.59935E+07 1 1 0 1
0.74610E+06 -0.20499E+07 0.59935E+07 1 1 0 1
0.10907E+07 -0.18892E+07 0.59935E+07 1 1 0 1
0.14022E+07 -0.16711E+07 0.59935E+07 1 1 0 1
0.16711E+07 -0.14022E+07 0.59935E+07 1 1 0 1
0.18892E+07 -0.10907E+07 0.59935E+07 1 1 0 1
0.20499E+07 -0.74610E+06 0.59935E+07 1 1 0 1
0.21483E+07 -0.37881E+06 0.59935E+07 1 1 0 1
0.21815E+07 -0.16569E-07 0.59935E+07 1 1 0 1
 
0.11076E+07 -0.27126E-09 0.62812E+07 1 1 0 1
0.10907E+07 0.19232E+06 0.62812E+07 1 1 0 1
0.10408E+07 0.37881E+06 0.62812E+07 1 1 0 1
0.95917E+06 0.55378E+06 0.62812E+07 1 1 0 1
0.84843E+06 0.71192E+06 0.62812E+07 1 1 0 1
0.71192E+06 0.84843E+06 0.62812E+07 1 1 0 1
0.55378E+06 0.95917E+06 0.62812E+07 1 1 0 1
0.37881E+06 0.10408E+07 0.62812E+07 1 1 0 1
0.19232E+06 0.10907E+07 0.62812E+07 1 1 0 1
0.23065E-08 0.11076E+07 0.62812E+07 1 1 0 1
-0.19232E+06 0.10907E+07 0.62812E+07 1 1 0 1
-0.37881E+06 0.10408E+07 0.62812E+07 1 1 0 1
-0.55378E+06 0.95917E+06 0.62812E+07 1 1 0 1
-0.71192E+06 0.84843E+06 0.62812E+07 1 1 0 1
-0.84843E+06 0.71192E+06 0.62812E+07 1 1 0 1
-0.95917E+06 0.55378E+06 0.62812E+07 1 1 0 1
-0.10408E+07 0.37881E+06 0.62812E+07 1 1 0 1
-0.10907E+07 0.19232E+06 0.62812E+07 1 1 0 1
-0.11076E+07 0.43417E-08 0.62812E+07 1 1 0 1
-0.10907E+07 -0.19232E+06 0.62812E+07 1 1 0 1
-0.10408E+07 -0.37881E+06 0.62812E+07 1 1 0 1
-0.95917E+06 -0.55378E+06 0.62812E+07 1 1 0 1
-0.84843E+06 -0.71192E+06 0.62812E+07 1 1 0 1
-0.71192E+06 -0.84843E+06 0.62812E+07 1 1 0 1
-0.55378E+06 -0.95917E+06 0.62812E+07 1 1 0 1
-0.37881E+06 -0.10408E+07 0.62812E+07 1 1 0 1
-0.19232E+06 -0.10907E+07 0.62812E+07 1 1 0 1
-0.63769E-08 -0.11076E+07 0.62812E+07 1 1 0 1
0.19232E+06 -0.10907E+07 0.62812E+07 1 1 0 1
0.37881E+06 -0.10408E+07 0.62812E+07 1 1 0 1
0.55378E+06 -0.95917E+06 0.62812E+07 1 1 0 1
0.71192E+06 -0.84843E+06 0.62812E+07 1 1 0 1
0.84843E+06 -0.71192E+06 0.62812E+07 1 1 0 1
0.95917E+06 -0.55378E+06 0.62812E+07 1 1 0 1
0.10408E+07 -0.37881E+06 0.62812E+07 1 1 0 1
0.10907E+07 -0.19232E+06 0.62812E+07 1 1 0 1
0.11076E+07 -0.84122E-08 0.62812E+07 1 1 0 1
 
.00000 .00000 0.63781E+07 1 1 0 1
.00000 .00000 0.63781E+07 1 1 0 1
.00000 .00000 0.63781E+07 1 1 0 1
.00000 .00000 0.63781E+07 1 1 0 1
.00000 .00000 0.63781E+07 1 1 0 1
.00000 .00000 0.63781E+07 1 1 0 1
.00000 .00000 0.63781E+07 1 1 0 1
.00000 .00000 0.63781E+07 1 1 0 1
.00000 .00000 0.63781E+07 1 1 0 1
.00000 .00000 0.63781E+07 1 1 0 1
.00000 .00000 0.63781E+07 1 1 0 1
.00000 .00000 0.63781E+07 1 1 0 1
.00000 .00000 0.63781E+07 1 1 0 1
.00000 .00000 0.63781E+07 1 1 0 1
.00000 .00000 0.63781E+07 1 1 0 1
.00000 .00000 0.63781E+07 1 1 0 1
.00000 .00000 0.63781E+07 1 1 0 1
.00000 .00000 0.63781E+07 1 1 0 1
.00000 .00000 0.63781E+07 1 1 0 1
.00000 .00000 0.63781E+07 1 1 0 1
.00000 .00000 0.63781E+07 1 1 0 1
.00000 .00000 0.63781E+07 1 1 0 1
.00000 .00000 0.63781E+07 1 1 0 1
.00000 .00000 0.63781E+07 1 1 0 1
.00000 .00000 0.63781E+07 1 1 0 1
.00000 .00000 0.63781E+07 1 1 0 1
.00000 .00000 0.63781E+07 1 1 0 1
.00000 .00000 0.63781E+07 1 1 0 1
.00000 .00000 0.63781E+07 1 1 0 1
.00000 .00000 0.63781E+07 1 1 0 1
.00000 .00000 0.63781E+07 1 1 0 1
.00000 .00000 0.63781E+07 1 1 0 1
.00000 .00000 0.63781E+07 1 1 0 1
.00000 .00000 0.63781E+07 1 1 0 1
.00000 .00000 0.63781E+07 1 1 0 1
.00000 .00000 0.63781E+07 1 1 0 1
.00000 .00000 0.63781E+07 1 1 0 1
 
