   10300.00       14.46113    
   10250.00       55.27597    
   10200.00       96.26066    
   10150.00       137.4166    
   10100.00       178.7453    
   10050.00       220.2482    
   10000.00       261.9267    
   9950.000       303.7824    
   9900.000       345.8169    
   9850.000       388.0316    
   9800.000       430.4282    
   9750.000       473.0081    
   9700.000       515.7731    
   9650.000       558.7249    
   9600.000       601.8648    
   9550.000       645.1948    
   9500.000       688.7164    
   9450.000       732.4315    
   9400.000       776.3417    
   9350.000       820.4489    
   9300.000       864.7548    
   9250.000       909.2612    
   9200.000       953.9700    
   9150.000       998.8831    
   9100.000       1044.002    
   9050.000       1089.330    
   9000.000       1134.867    
   8950.000       1180.616    
   8900.000       1226.579    
   8850.000       1272.759    
   8800.000       1319.156    
   8750.000       1365.774    
   8700.000       1412.614    
   8650.000       1459.679    
   8600.000       1506.970    
   8550.000       1554.490    
   8500.000       1602.241    
   8450.000       1650.226    
   8400.000       1698.446    
   8350.000       1746.905    
   8300.000       1795.604    
   8250.000       1844.546    
   8200.000       1893.734    
   8150.000       1943.169    
   8100.000       1992.855    
   8050.000       2042.794    
   8000.000       2092.989    
   7950.000       2143.442    
   7900.000       2194.157    
   7850.000       2245.135    
   7800.000       2296.379    
   7750.000       2347.894    
   7700.000       2399.680    
   7650.000       2451.742    
   7600.000       2504.083    
   7550.000       2556.704    
   7500.000       2609.610    
   7450.000       2662.803    
   7400.000       2716.288    
   7350.000       2770.066    
   7300.000       2824.142    
   7250.000       2878.518    
   7200.000       2933.199    
   7150.000       2988.187    
   7100.000       3043.486    
   7050.000       3099.100    
   7000.000       3155.033    
   6950.000       3211.288    
   6900.000       3267.870    
   6850.000       3324.783    
   6800.000       3382.031    
   6750.000       3439.617    
   6700.000       3497.548    
   6650.000       3555.826    
   6600.000       3614.457    
   6550.000       3673.445    
   6500.000       3732.795    
   6450.000       3792.511    
   6400.000       3852.599    
   6350.000       3913.063    
   6300.000       3973.908    
   6250.000       4035.140    
   6200.000       4096.765    
   6150.000       4158.787    
   6100.000       4221.211    
   6050.000       4284.045    
   6000.000       4347.293    
   5950.000       4410.961    
   5900.000       4475.056    
   5850.000       4539.583    
   5800.000       4604.549    
   5750.000       4669.961    
   5700.000       4735.825    
   5650.000       4802.147    
   5600.000       4868.936    
   5550.000       4936.196    
   5500.000       5003.938    
   5450.000       5072.166    
   5400.000       5140.889    
   5350.000       5210.116    
   5300.000       5279.853    
   5250.000       5350.109    
   5200.000       5420.893    
   5150.000       5492.213    
   5100.000       5564.077    
   5050.000       5636.496    
   5000.000       5709.478    
   4950.000       5783.032    
   4900.000       5857.168    
   4850.000       5931.897    
   4800.000       6007.229    
   4750.000       6083.176    
   4700.000       6159.748    
   4650.000       6236.960    
   4600.000       6314.827    
   4550.000       6393.362    
   4500.000       6472.580    
   4450.000       6552.498    
   4400.000       6633.129    
   4350.000       6714.493    
   4300.000       6796.604    
   4250.000       6879.482    
   4200.000       6963.146    
   4150.000       7047.613    
   4100.000       7132.904    
   4050.000       7219.040    
   4000.000       7306.042    
   3950.000       7393.933    
   3900.000       7482.736    
   3850.000       7572.476    
   3800.000       7663.177    
   3750.000       7754.866    
   3700.000       7847.570    
   3650.000       7941.319    
   3600.000       8036.143    
   3550.000       8132.072    
   3500.000       8229.140    
   3450.000       8327.380    
   3400.000       8426.829    
   3350.000       8527.524    
   3300.000       8629.506    
   3250.000       8732.815    
   3200.000       8837.495    
   3150.000       8943.591    
   3100.000       9051.152    
   3050.000       9160.229    
   3000.000       9270.875    
   2950.000       9383.146    
   2900.000       9497.103    
   2850.000       9612.807    
   2800.000       9730.324    
   2750.000       9849.728    
   2700.000       9971.090    
   2650.000       10094.49    
   2600.000       10220.02    
   2550.000       10347.75    
   2500.000       10477.80    
   2450.000       10610.25    
   2400.000       10745.23    
   2350.000       10882.84    
   2300.000       11023.21    
   2250.000       11166.47    
   2200.000       11312.76    
   2150.000       11462.23    
   2100.000       11615.01    
   2050.000       11771.27    
   2000.000       11931.19    
   1950.000       12094.94    
   1900.000       12262.73    
   1850.000       12434.77    
   1800.000       12611.30    
   1750.000       12792.57    
   1700.000       12978.86    
   1650.000       13170.47    
   1600.000       13367.73    
   1550.000       13571.01    
   1500.000       13780.70    
   1450.000       13997.24    
   1400.000       14221.12    
   1350.000       14452.87    
   1300.000       14693.12    
   1250.000       14942.52    
   1200.000       15201.84    
   1150.000       15471.94    
   1100.000       15753.80    
   1050.000       16048.54    
   1000.000       16357.43    
   950.0000       16681.98    
   900.0000       17023.91    
   850.0000       17385.26    
   800.0000       17768.47    
   750.0000       18176.44    
   700.0000       18612.70    
   650.0000       19081.59    
   600.0000       19588.54    
   550.0000       20140.44    
   500.0000       20746.18    
   450.0000       21417.45    
   400.0000       22170.17    
   350.0000       23026.83    
   300.0000       24020.65    
   250.0000       25203.70    
   200.0000       26664.35    
   150.0000       28571.10    
   100.0000       31311.34    
   50.00000       36165.63    
