18.09 2 1.89
18.09 4 3.31
18.09 5 3.97
18.09 6 4.62
18.09 8 5.87
18.09 10 7.13
18.09 12 8.32
18.09 16 10.57
18.09 20 12.66
18.09 24 14.63
18.09 28 16.49
18.09 35 19.54
18.09 40 21.58
18.09 45 23.53
18.09 50 25.39
18.09 56 27.54
18.19 2 1.89
18.19 4 3.31
18.19 5 3.97
18.19 6 4.62
18.19 8 5.87
18.19 10 7.12
18.19 12 8.31
18.19 16 10.56
18.19 20 12.64
18.19 24 14.60
18.19 28 16.46
18.19 35 19.50
18.19 40 21.54
18.19 45 23.49
18.19 50 25.35
18.19 56 27.49
18.31 2 1.89
18.31 4 3.30
18.31 5 3.97
18.31 6 4.61
18.31 8 5.86
18.31 10 7.11
18.31 12 8.30
18.31 16 10.54
18.31 20 12.62
18.31 24 14.58
18.31 28 16.43
18.31 35 19.47
18.31 40 21.51
18.31 45 23.45
18.31 50 25.30
18.31 56 27.44
18.43 2 1.89
18.43 4 3.30
18.43 5 3.96
18.43 6 4.61
18.43 8 5.85
18.43 10 7.10
18.43 12 8.30
18.43 16 10.53
18.43 20 12.61
18.43 24 14.57
18.43 28 16.42
18.43 35 19.45
18.43 40 21.48
18.43 45 23.42
18.43 50 25.27
18.43 56 27.40
18.55 2 1.89
18.55 4 3.30
18.55 5 3.96
18.55 6 4.60
18.55 8 5.85
18.55 10 7.10
18.55 12 8.29
18.55 16 10.52
18.55 20 12.60
18.55 24 14.55
18.55 28 16.40
18.55 35 19.43
18.55 40 21.45
18.55 45 23.39
18.55 50 25.23
18.55 56 27.36
18.69 2 1.88
18.69 4 3.30
18.69 5 3.96
18.69 6 4.60
18.69 8 5.84
18.69 10 7.09
18.69 12 8.28
18.69 16 10.51
18.69 20 12.58
18.69 24 14.53
18.69 28 16.38
18.69 35 19.40
18.69 40 21.42
18.69 45 23.34
18.69 50 25.19
18.69 56 27.31
18.84 2 1.88
18.84 4 3.30
18.84 5 3.95
18.84 6 4.59
18.84 8 5.83
18.84 10 7.08
18.84 12 8.26
18.84 16 10.49
18.84 20 12.56
18.84 24 14.51
18.84 28 16.35
18.84 35 19.36
18.84 40 21.38
18.84 45 23.30
18.84 50 25.14
18.84 56 27.25
18.99 2 1.88
18.99 4 3.29
18.99 5 3.95
18.99 6 4.59
18.99 8 5.82
18.99 10 7.07
18.99 12 8.25
18.99 16 10.48
18.99 20 12.54
18.99 24 14.48
18.99 28 16.32
18.99 35 19.32
18.99 40 21.33
18.99 45 23.24
18.99 50 25.08
18.99 56 27.18
19.16 2 1.88
19.16 4 3.29
19.16 5 3.94
19.16 6 4.58
19.16 8 5.81
19.16 10 7.05
19.16 12 8.24
19.16 16 10.45
19.16 20 12.52
19.16 24 14.45
19.16 28 16.28
19.16 35 19.27
19.16 40 21.27
19.16 45 23.18
19.16 50 25.01
19.16 56 27.10
19.34 2 1.88
19.34 4 3.29
19.34 5 3.94
19.34 6 4.57
19.34 8 5.80
19.34 10 7.04
19.34 12 8.22
19.34 16 10.43
19.34 20 12.49
19.34 24 14.41
19.34 28 16.24
19.34 35 19.22
19.34 40 21.22
19.34 45 23.12
19.34 50 24.93
19.34 56 27.02
19.52 2 1.88
19.52 4 3.28
19.52 5 3.93
19.52 6 4.56
19.52 8 5.79
19.52 10 7.03
19.52 12 8.20
19.52 16 10.41
19.52 20 12.45
19.52 24 14.38
19.52 28 16.19
19.52 35 19.16
19.52 40 21.15
19.52 45 23.04
19.52 50 24.85
19.52 56 26.93
19.72 2 1.87
19.72 4 3.28
19.72 5 3.92
19.72 6 4.56
19.72 8 5.78
19.72 10 7.01
19.72 12 8.18
19.72 16 10.38
19.72 20 12.42
19.72 24 14.33
19.72 28 16.14
19.72 35 19.10
19.72 40 21.08
19.72 45 22.96
19.72 50 24.76
19.72 56 26.83
19.93 2 1.87
19.93 4 3.27
19.93 5 3.92
19.93 6 4.55
19.93 8 5.76
19.93 10 6.99
19.93 12 8.16
19.93 16 10.35
19.93 20 12.38
19.93 24 14.29
19.93 28 16.09
19.93 35 19.03
19.93 40 21.00
19.93 45 22.88
19.93 50 24.67
19.93 56 26.72
20.15 2 1.87
20.15 4 3.27
20.15 5 3.91
20.15 6 4.54
20.15 8 5.75
20.15 10 6.97
20.15 12 8.14
20.15 16 10.32
20.15 20 12.34
20.15 24 14.24
20.15 28 16.03
20.15 35 18.96
20.15 40 20.92
20.15 45 22.78
20.15 50 24.56
20.15 56 26.61
20.38 2 1.87
20.38 4 3.26
20.38 5 3.90
20.38 6 4.53
20.38 8 5.73
20.38 10 6.95
20.38 12 8.11
20.38 16 10.28
20.38 20 12.30
20.38 24 14.19
20.38 28 15.97
20.38 35 18.88
20.38 40 20.83
20.38 45 22.68
20.38 50 24.45
20.38 56 26.49
20.63 2 1.87
20.63 4 3.26
20.63 5 3.89
20.63 6 4.52
20.63 8 5.72
20.63 10 6.93
20.63 12 8.09
20.63 16 10.25
20.63 20 12.25
20.63 24 14.13
20.63 28 15.90
20.63 35 18.80
20.63 40 20.74
20.63 45 22.58
20.63 50 24.34
20.63 56 26.36
20.89 2 1.86
20.89 4 3.25
20.89 5 3.89
20.89 6 4.50
20.89 8 5.70
20.89 10 6.91
20.89 12 8.06
20.89 16 10.21
20.89 20 12.20
20.89 24 14.07
20.89 28 15.83
20.89 35 18.71
20.89 40 20.64
20.89 45 22.47
20.89 50 24.22
20.89 56 26.22
21.16 2 1.86
21.16 4 3.24
21.16 5 3.88
21.16 6 4.49
21.16 8 5.69
21.16 10 6.89
21.16 12 8.03
21.16 16 10.17
21.16 20 12.15
21.16 24 14.01
21.16 28 15.76
21.16 35 18.62
21.16 40 20.53
21.16 45 22.35
21.16 50 24.09
21.16 56 26.08
21.44 2 1.86
21.44 4 3.24
21.44 5 3.87
21.44 6 4.48
21.44 8 5.67
21.44 10 6.86
21.44 12 8.00
21.44 16 10.13
21.44 20 12.09
21.44 24 13.94
21.44 28 15.68
21.44 35 18.52
21.44 40 20.42
21.44 45 22.23
21.44 50 23.95
21.44 56 25.93
21.74 2 1.86
21.74 4 3.23
21.74 5 3.86
21.74 6 4.47
21.74 8 5.65
21.74 10 6.84
21.74 12 7.97
21.74 16 10.08
21.74 20 12.04
21.74 24 13.87
21.74 28 15.60
21.74 35 18.42
21.74 40 20.30
21.74 45 22.10
21.74 50 23.81
21.74 56 25.77
22.05 2 1.86
22.05 4 3.22
22.05 5 3.85
22.05 6 4.45
22.05 8 5.63
22.05 10 6.81
22.05 12 7.93
22.05 16 10.03
22.05 20 11.98
22.05 24 13.80
22.05 28 15.51
22.05 35 18.31
22.05 40 20.18
22.05 45 21.96
22.05 50 23.66
22.05 56 25.61
22.38 2 1.85
22.38 4 3.21
22.38 5 3.84
22.38 6 4.44
22.38 8 5.61
22.38 10 6.78
22.38 12 7.90
22.38 16 9.98
22.38 20 11.91
22.38 24 13.72
22.38 28 15.42
22.38 35 18.20
22.38 40 20.06
22.38 45 21.82
22.38 50 23.51
22.38 56 25.44
22.74 2 1.85
22.74 4 3.21
22.74 5 3.82
22.74 6 4.43
22.74 8 5.59
22.74 10 6.75
22.74 12 7.86
22.74 16 9.93
22.74 20 11.84
22.74 24 13.63
22.74 28 15.32
22.74 35 18.08
22.74 40 19.92
22.74 45 21.67
22.74 50 23.34
22.74 56 25.26
23.15 2 1.85
23.15 4 3.19
23.15 5 3.81
23.15 6 4.41
23.15 8 5.56
23.15 10 6.71
23.15 12 7.81
23.15 16 9.86
23.15 20 11.75
23.15 24 13.53
23.15 28 15.20
23.15 35 17.93
23.15 40 19.76
23.15 45 21.50
23.15 50 23.16
23.15 56 25.06
23.57 2 1.85
23.57 4 3.18
23.57 5 3.79
23.57 6 4.39
23.57 8 5.53
23.57 10 6.67
23.57 12 7.76
23.57 16 9.78
23.57 20 11.66
23.57 24 13.42
23.57 28 15.08
23.57 35 17.78
23.57 40 19.60
23.57 45 21.32
23.57 50 22.97
23.57 56 24.86
24.01 2 1.84
24.01 4 3.17
24.01 5 3.78
24.01 6 4.37
24.01 8 5.50
24.01 10 6.63
24.01 12 7.71
24.01 16 9.71
24.01 20 11.57
24.01 24 13.31
24.01 28 14.95
24.01 35 17.64
24.01 40 19.43
24.01 45 21.14
24.01 50 22.78
24.01 56 24.65
24.47 2 1.84
24.47 4 3.16
24.47 5 3.76
24.47 6 4.35
24.47 8 5.47
24.47 10 6.60
24.47 12 7.66
24.47 16 9.64
24.47 20 11.48
24.47 24 13.20
24.47 28 14.83
24.47 35 17.49
24.47 40 19.27
24.47 45 20.96
24.47 50 22.58
24.47 56 24.44
24.93 2 1.84
24.93 4 3.15
24.93 5 3.75
24.93 6 4.33
24.93 8 5.45
24.93 10 6.56
24.93 12 7.61
24.93 16 9.57
24.93 20 11.39
24.93 24 13.09
24.93 28 14.70
24.93 35 17.34
24.93 40 19.10
24.93 45 20.78
24.93 50 22.38
24.93 56 24.23
25.41 2 1.84
25.41 4 3.14
25.41 5 3.73
25.41 6 4.31
25.41 8 5.42
25.41 10 6.52
25.41 12 7.56
25.41 16 9.50
25.41 20 11.30
25.41 24 12.99
25.41 28 14.58
25.41 35 17.18
25.41 40 18.93
25.41 45 20.59
25.41 50 22.18
25.41 56 24.01
25.90 2 1.83
25.90 4 3.13
25.90 5 3.72
25.90 6 4.29
25.90 8 5.39
25.90 10 6.48
25.90 12 7.51
25.90 16 9.43
25.90 20 11.21
25.90 24 12.88
25.90 28 14.45
25.90 35 17.03
25.90 40 18.76
25.90 45 20.40
25.90 50 21.98
25.90 56 23.79
26.41 2 1.83
26.41 4 3.11
26.41 5 3.70
26.41 6 4.27
26.41 8 5.36
26.41 10 6.44
26.41 12 7.46
26.41 16 9.36
26.41 20 11.12
26.41 24 12.77
26.41 28 14.33
26.41 35 16.88
26.41 40 18.59
26.41 45 20.22
26.41 50 21.78
26.41 56 23.57
26.94 2 1.83
26.94 4 3.10
26.94 5 3.69
26.94 6 4.25
26.94 8 5.33
26.94 10 6.40
26.94 12 7.41
26.94 16 9.29
26.94 20 11.03
26.94 24 12.66
26.94 28 14.21
26.94 35 16.73
26.94 40 18.41
26.94 45 20.03
26.94 50 21.57
26.94 56 23.34
27.48 2 1.83
27.48 4 3.09
27.48 5 3.67
27.48 6 4.23
27.48 8 5.31
27.48 10 6.36
27.48 12 7.36
27.48 16 9.22
27.48 20 10.94
27.48 24 12.56
27.48 28 14.08
27.48 35 16.57
27.48 40 18.24
27.48 45 19.83
27.48 50 21.36
27.48 56 23.11
28.04 2 1.82
28.04 4 3.08
28.04 5 3.66
28.04 6 4.22
28.04 8 5.28
28.04 10 6.32
28.04 12 7.31
28.04 16 9.15
28.04 20 10.86
28.04 24 12.45
28.04 28 13.96
28.04 35 16.42
28.04 40 18.07
28.04 45 19.64
28.04 50 21.14
28.04 56 22.88
28.61 2 1.82
28.61 4 3.07
28.61 5 3.64
28.61 6 4.20
28.61 8 5.25
28.61 10 6.28
28.61 12 7.26
28.61 16 9.08
28.61 20 10.77
28.61 24 12.34
28.61 28 13.83
28.61 35 16.26
28.61 40 17.89
28.61 45 19.44
28.61 50 20.93
28.61 56 22.64
29.21 2 1.82
29.21 4 3.06
29.21 5 3.63
29.21 6 4.18
29.21 8 5.22
29.21 10 6.25
29.21 12 7.21
29.21 16 9.02
29.21 20 10.68
29.21 24 12.24
29.21 28 13.71
29.21 35 16.11
29.21 40 17.71
29.21 45 19.25
29.21 50 20.71
29.21 56 22.40
29.82 2 1.82
29.82 4 3.05
29.82 5 3.61
29.82 6 4.16
29.82 8 5.19
29.82 10 6.21
29.82 12 7.17
29.82 16 8.95
29.82 20 10.59
29.82 24 12.13
29.82 28 13.58
29.82 35 15.95
29.82 40 17.54
29.82 45 19.05
29.82 50 20.49
29.82 56 22.16
30.45 2 1.81
30.45 4 3.04
30.45 5 3.60
30.45 6 4.14
30.45 8 5.16
30.45 10 6.17
30.45 12 7.12
30.45 16 8.88
30.45 20 10.51
30.45 24 12.02
30.45 28 13.46
30.45 35 15.79
30.45 40 17.36
30.45 45 18.85
30.45 50 20.27
30.45 56 21.91
31.10 2 1.81
31.10 4 3.03
31.10 5 3.58
31.10 6 4.12
31.10 8 5.14
31.10 10 6.13
31.10 12 7.07
31.10 16 8.81
31.10 20 10.42
31.10 24 11.92
31.10 28 13.33
31.10 35 15.64
31.10 40 17.18
31.10 45 18.65
31.10 50 20.05
31.10 56 21.67
31.77 2 1.81
31.77 4 3.01
31.77 5 3.57
31.77 6 4.10
31.77 8 5.11
31.77 10 6.09
31.77 12 7.02
31.77 16 8.75
31.77 20 10.33
31.77 24 11.81
31.77 28 13.21
31.77 35 15.48
31.77 40 17.00
31.77 45 18.45
31.77 50 19.83
31.77 56 21.42
32.46 2 1.81
32.46 4 3.00
32.46 5 3.55
32.46 6 4.08
32.46 8 5.08
32.46 10 6.06
32.46 12 6.97
32.46 16 8.68
32.46 20 10.24
32.46 24 11.71
32.46 28 13.08
32.46 35 15.32
32.46 40 16.82
32.46 45 18.24
32.46 50 19.60
32.46 56 21.17
33.17 2 1.80
33.17 4 2.99
33.17 5 3.54
33.17 6 4.06
33.17 8 5.05
33.17 10 6.02
33.17 12 6.93
33.17 16 8.61
33.17 20 10.16
33.17 24 11.60
33.17 28 12.96
33.17 35 15.17
33.17 40 16.64
33.17 45 18.04
33.17 50 19.38
33.17 56 20.91
33.94 2 1.80
33.94 4 2.98
33.94 5 3.52
33.94 6 4.04
33.94 8 5.02
33.94 10 5.98
33.94 12 6.88
33.94 16 8.54
33.94 20 10.07
33.94 24 11.49
33.94 28 12.83
33.94 35 15.00
33.94 40 16.45
33.94 45 17.82
33.94 50 19.14
33.94 56 20.64
34.84 2 1.80
34.84 4 2.97
34.84 5 3.51
34.84 6 4.02
34.84 8 4.99
34.84 10 5.94
34.84 12 6.83
34.84 16 8.48
34.84 20 9.98
34.84 24 11.38
34.84 28 12.69
34.84 35 14.82
34.84 40 16.23
34.84 45 17.57
34.84 50 18.85
34.84 56 20.31
35.75 2 1.80
35.75 4 2.96
35.75 5 3.49
35.75 6 4.00
35.75 8 4.96
35.75 10 5.90
35.75 12 6.78
35.75 16 8.41
35.75 20 9.89
35.75 24 11.27
35.75 28 12.55
35.75 35 14.63
35.75 40 16.01
35.75 45 17.32
35.75 50 18.56
35.75 56 19.98
36.69 2 1.80
36.69 4 2.95
36.69 5 3.47
36.69 6 3.98
36.69 8 4.93
36.69 10 5.86
36.69 12 6.73
36.69 16 8.34
36.69 20 9.80
36.69 24 11.15
36.69 28 12.42
36.69 35 14.46
36.69 40 15.80
36.69 45 17.08
36.69 50 18.29
36.69 56 19.67
37.63 2 1.80
37.63 4 2.94
37.63 5 3.46
37.63 6 3.96
37.63 8 4.90
37.63 10 5.82
37.63 12 6.69
37.63 16 8.27
37.63 20 9.72
37.63 24 11.04
37.63 28 12.28
37.63 35 14.28
37.63 40 15.60
37.63 45 16.84
37.63 50 18.02
37.63 56 19.36
38.60 2 1.80
38.60 4 2.93
38.60 5 3.44
38.60 6 3.93
38.60 8 4.87
38.60 10 5.78
38.60 12 6.64
38.60 16 8.21
38.60 20 9.63
38.60 24 10.94
38.60 28 12.15
38.60 35 14.11
38.60 40 15.40
38.60 45 16.61
38.60 50 17.76
38.60 56 19.06
39.57 2 1.79
39.57 4 2.92
39.57 5 3.43
39.57 6 3.91
39.57 8 4.84
39.57 10 5.75
39.57 12 6.59
39.57 16 8.14
39.57 20 9.54
39.57 24 10.83
39.57 28 12.02
39.57 35 13.94
39.57 40 15.20
39.57 45 16.38
39.57 50 17.50
39.57 56 18.77
40.57 2 1.79
40.57 4 2.91
40.57 5 3.41
40.57 6 3.89
40.57 8 4.81
40.57 10 5.71
40.57 12 6.55
40.57 16 8.08
40.57 20 9.46
40.57 24 10.72
40.57 28 11.90
40.57 35 13.77
40.57 40 15.01
40.57 45 16.16
40.57 50 17.25
40.57 56 18.49
41.58 2 1.79
41.58 4 2.90
41.58 5 3.40
41.58 6 3.87
41.58 8 4.78
41.58 10 5.67
41.58 12 6.50
41.58 16 8.01
41.58 20 9.37
41.58 24 10.62
41.58 28 11.77
41.58 35 13.61
41.58 40 14.82
41.58 45 15.94
41.58 50 17.01
41.58 56 18.21
42.60 2 1.79
42.60 4 2.88
42.60 5 3.38
42.60 6 3.85
42.60 8 4.75
42.60 10 5.63
42.60 12 6.45
42.60 16 7.95
42.60 20 9.29
42.60 24 10.52
42.60 28 11.65
42.60 35 13.45
42.60 40 14.63
42.60 45 15.73
42.60 50 16.77
42.60 56 17.94
43.64 2 1.79
43.64 4 2.87
43.64 5 3.37
43.64 6 3.83
43.64 8 4.72
43.64 10 5.60
43.64 12 6.41
43.64 16 7.88
43.64 20 9.21
43.64 24 10.41
43.64 28 11.53
43.64 35 13.30
43.64 40 14.45
43.64 45 15.53
43.64 50 16.54
43.64 56 17.68
44.70 2 1.78
44.70 4 2.86
44.70 5 3.35
44.70 6 3.82
44.70 8 4.69
44.70 10 5.56
44.70 12 6.36
44.70 16 7.82
44.70 20 9.13
44.70 24 10.31
44.70 28 11.41
44.70 35 13.14
44.70 40 14.27
44.70 45 15.32
44.70 50 16.31
44.70 56 17.42
45.77 2 1.78
45.77 4 2.85
45.77 5 3.34
45.77 6 3.80
45.77 8 4.66
45.77 10 5.52
45.77 12 6.32
45.77 16 7.76
45.77 20 9.04
45.77 24 10.21
45.77 28 11.29
45.77 35 12.99
45.77 40 14.10
45.77 45 15.13
45.77 50 16.09
45.77 56 17.18
46.86 2 1.78
46.86 4 2.84
46.86 5 3.32
46.86 6 3.78
46.86 8 4.64
46.86 10 5.49
46.86 12 6.27
46.86 16 7.70
46.86 20 8.96
46.86 24 10.11
46.86 28 11.17
46.86 35 12.84
46.86 40 13.92
46.86 45 14.93
46.86 50 15.87
46.86 56 16.93
47.96 2 1.78
47.96 4 2.83
47.96 5 3.31
47.96 6 3.76
47.96 8 4.61
47.96 10 5.45
47.96 12 6.23
47.96 16 7.64
47.96 20 8.89
47.96 24 10.02
47.96 28 11.06
47.96 35 12.70
47.96 40 13.76
47.96 45 14.74
47.96 50 15.66
47.96 56 16.70
49.08 2 1.77
49.08 4 2.82
49.08 5 3.29
49.08 6 3.74
49.08 8 4.58
49.08 10 5.42
49.08 12 6.19
49.08 16 7.57
49.08 20 8.81
49.08 24 9.92
49.08 28 10.94
49.08 35 12.55
49.08 40 13.59
49.08 45 14.56
49.08 50 15.46
49.08 56 16.47
50.82 2 1.78
50.82 4 2.86
50.82 5 3.34
50.82 6 3.79
50.82 8 4.65
50.82 10 5.48
50.82 12 6.25
50.82 16 7.63
50.82 20 8.85
50.82 24 9.95
50.82 28 10.96
50.82 35 12.54
50.82 40 13.56
50.82 45 14.50
50.82 50 15.38
50.82 56 16.36
51.67 2 1.78
51.67 4 2.85
51.67 5 3.33
51.67 6 3.78
51.67 8 4.62
51.67 10 5.45
51.67 12 6.21
51.67 16 7.58
51.67 20 8.79
51.67 24 9.87
51.67 28 10.87
51.67 35 12.43
51.67 40 13.44
51.67 45 14.37
51.67 50 15.23
51.67 56 16.20
52.54 2 1.78
52.54 4 2.84
52.54 5 3.32
52.54 6 3.76
52.54 8 4.60
52.54 10 5.42
52.54 12 6.17
52.54 16 7.52
52.54 20 8.72
52.54 24 9.80
52.54 28 10.78
52.54 35 12.32
52.54 40 13.31
52.54 45 14.23
52.54 50 15.09
52.54 56 16.04
53.45 2 1.78
53.45 4 2.83
53.45 5 3.30
53.45 6 3.75
53.45 8 4.58
53.45 10 5.39
53.45 12 6.13
53.45 16 7.47
53.45 20 8.65
53.45 24 9.72
53.45 28 10.69
53.45 35 12.21
53.45 40 13.19
53.45 45 14.10
53.45 50 14.94
53.45 56 15.88
54.38 2 1.78
54.38 4 2.82
54.38 5 3.29
54.38 6 3.73
54.38 8 4.55
54.38 10 5.36
54.38 12 6.09
54.38 16 7.42
54.38 20 8.59
54.38 24 9.64
54.38 28 10.60
54.38 35 12.10
54.38 40 13.07
54.38 45 13.96
54.38 50 14.79
54.38 56 15.72
55.38 2 1.77
55.38 4 2.81
55.38 5 3.28
55.38 6 3.71
55.38 8 4.53
55.38 10 5.32
55.38 12 6.05
55.38 16 7.36
55.38 20 8.51
55.38 24 9.55
55.38 28 10.50
55.38 35 11.98
55.38 40 12.93
55.38 45 13.82
55.38 50 14.64
55.38 56 15.55
56.60 2 1.77
56.60 4 2.80
56.60 5 3.26
56.60 6 3.69
56.60 8 4.49
56.60 10 5.28
56.60 12 6.00
56.60 16 7.29
56.60 20 8.43
56.60 24 9.45
56.60 28 10.38
56.60 35 11.84
56.60 40 12.78
56.60 45 13.64
56.60 50 14.45
56.60 56 15.35
57.82 2 1.76
57.82 4 2.79
57.82 5 3.24
57.82 6 3.67
57.82 8 4.46
57.82 10 5.24
57.82 12 5.95
57.82 16 7.22
57.82 20 8.34
57.82 24 9.35
57.82 28 10.27
57.82 35 11.70
57.82 40 12.62
57.82 45 13.47
57.82 50 14.26
57.82 56 15.15
59.06 2 1.76
59.06 4 2.78
59.06 5 3.22
59.06 6 3.65
59.06 8 4.43
59.06 10 5.20
59.06 12 5.90
59.06 16 7.16
59.06 20 8.26
59.06 24 9.25
59.06 28 10.15
59.06 35 11.56
59.06 40 12.47
59.06 45 13.31
59.06 50 14.08
59.06 56 14.95
60.32 2 1.76
60.32 4 2.76
60.32 5 3.21
60.32 6 3.63
60.32 8 4.40
60.32 10 5.16
60.32 12 5.86
60.32 16 7.09
60.32 20 8.18
60.32 24 9.16
60.32 28 10.04
60.32 35 11.43
60.32 40 12.32
60.32 45 13.15
60.32 50 13.91
60.32 56 14.76
61.59 2 1.75
61.59 4 2.75
61.59 5 3.19
61.59 6 3.60
61.59 8 4.37
61.59 10 5.12
61.59 12 5.81
61.59 16 7.03
61.59 20 8.10
61.59 24 9.06
61.59 28 9.94
61.59 35 11.30
61.59 40 12.18
61.59 45 12.99
61.59 50 13.74
61.59 56 14.58
62.87 2 1.75
62.87 4 2.74
62.87 5 3.18
62.87 6 3.58
62.87 8 4.35
62.87 10 5.09
62.87 12 5.76
62.87 16 6.97
62.87 20 8.02
62.87 24 8.97
62.87 28 9.83
62.87 35 11.18
62.87 40 12.04
62.87 45 12.83
62.87 50 13.57
62.87 56 14.40
64.17 2 1.75
64.17 4 2.73
64.17 5 3.16
64.17 6 3.56
64.17 8 4.32
64.17 10 5.05
64.17 12 5.72
64.17 16 6.91
64.17 20 7.95
64.17 24 8.88
64.17 28 9.73
64.17 35 11.05
64.17 40 11.90
64.17 45 12.68
64.17 50 13.41
64.17 56 14.22
65.48 2 1.74
65.48 4 2.72
65.48 5 3.14
65.48 6 3.55
65.48 8 4.29
65.48 10 5.01
65.48 12 5.67
65.48 16 6.85
65.48 20 7.87
65.48 24 8.79
65.48 28 9.63
65.48 35 10.93
65.48 40 11.77
65.48 45 12.54
65.48 50 13.25
65.48 56 14.05
66.80 2 1.74
66.80 4 2.71
66.80 5 3.13
66.80 6 3.53
66.80 8 4.26
66.80 10 4.98
66.80 12 5.63
66.80 16 6.79
66.80 20 7.80
66.80 24 8.71
66.80 28 9.53
66.80 35 10.82
66.80 40 11.64
66.80 45 12.39
66.80 50 13.10
66.80 56 13.88
68.14 2 1.73
68.14 4 2.70
68.14 5 3.11
68.14 6 3.51
68.14 8 4.24
68.14 10 4.94
68.14 12 5.59
68.14 16 6.73
68.14 20 7.73
68.14 24 8.62
68.14 28 9.44
68.14 35 10.70
68.14 40 11.51
68.14 45 12.26
68.14 50 12.95
68.14 56 13.72
69.49 2 1.73
69.49 4 2.68
69.49 5 3.10
69.49 6 3.49
69.49 8 4.21
69.49 10 4.91
69.49 12 5.55
69.49 16 6.67
69.49 20 7.66
69.49 24 8.54
69.49 28 9.34
69.49 35 10.59
69.49 40 11.38
69.49 45 12.12
69.49 50 12.80
69.49 56 13.56
70.85 2 1.73
70.85 4 2.67
70.85 5 3.09
70.85 6 3.47
70.85 8 4.19
70.85 10 4.88
70.85 12 5.50
70.85 16 6.62
70.85 20 7.59
70.85 24 8.46
70.85 28 9.25
70.85 35 10.48
70.85 40 11.26
70.85 45 11.99
70.85 50 12.66
70.85 56 13.40
72.23 2 1.72
72.23 4 2.66
72.23 5 3.07
72.23 6 3.45
72.23 8 4.16
72.23 10 4.84
72.23 12 5.46
72.23 16 6.56
72.23 20 7.53
72.23 24 8.38
72.23 28 9.16
72.23 35 10.37
72.23 40 11.14
72.23 45 11.86
72.23 50 12.52
72.23 56 13.25
73.61 2 1.72
73.61 4 2.65
73.61 5 3.06
73.61 6 3.44
73.61 8 4.14
73.61 10 4.81
73.61 12 5.42
73.61 16 6.51
73.61 20 7.46
73.61 24 8.31
73.61 28 9.07
73.61 35 10.27
73.61 40 11.03
73.61 45 11.73
73.61 50 12.38
73.61 56 13.11
75.01 2 1.72
75.01 4 2.64
75.01 5 3.04
75.01 6 3.42
75.01 8 4.11
75.01 10 4.78
75.01 12 5.39
75.01 16 6.46
75.01 20 7.40
75.01 24 8.23
75.01 28 8.99
75.01 35 10.16
75.01 40 10.92
75.01 45 11.61
75.01 50 12.25
75.01 56 12.96
76.42 2 1.72
76.42 4 2.63
76.42 5 3.03
76.42 6 3.40
76.42 8 4.09
76.42 10 4.75
76.42 12 5.35
76.42 16 6.41
76.42 20 7.33
76.42 24 8.16
76.42 28 8.90
76.42 35 10.06
76.42 40 10.81
76.42 45 11.49
76.42 50 12.12
76.42 56 12.82
77.84 2 1.71
77.84 4 2.62
77.84 5 3.02
77.84 6 3.38
77.84 8 4.06
77.84 10 4.72
77.84 12 5.31
77.84 16 6.36
77.84 20 7.27
77.84 24 8.09
77.84 28 8.82
77.84 35 9.97
77.84 40 10.70
77.84 45 11.37
77.84 50 11.99
77.84 56 12.69
79.27 2 1.71
79.27 4 2.61
79.27 5 3.00
79.27 6 3.37
79.27 8 4.04
79.27 10 4.69
79.27 12 5.27
79.27 16 6.31
79.27 20 7.21
79.27 24 8.02
79.27 28 8.74
79.27 35 9.87
79.27 40 10.59
79.27 45 11.25
79.27 50 11.87
79.27 56 12.55
80.71 2 1.71
80.71 4 2.60
80.71 5 2.99
80.71 6 3.35
80.71 8 4.02
80.71 10 4.66
80.71 12 5.24
80.71 16 6.26
80.71 20 7.15
80.71 24 7.95
80.71 28 8.66
80.71 35 9.78
80.71 40 10.49
80.71 45 11.14
80.71 50 11.75
80.71 56 12.42
82.16 2 1.70
82.16 4 2.59
82.16 5 2.98
82.16 6 3.34
82.16 8 4.00
82.16 10 4.63
82.16 12 5.20
82.16 16 6.22
82.16 20 7.10
82.16 24 7.88
82.16 28 8.59
82.16 35 9.69
82.16 40 10.39
82.16 45 11.03
82.16 50 11.63
82.16 56 12.30
83.62 2 1.70
83.62 4 2.58
83.62 5 2.96
83.62 6 3.32
83.62 8 3.97
83.62 10 4.60
83.62 12 5.17
83.62 16 6.17
83.62 20 7.04
83.62 24 7.81
83.62 28 8.51
83.62 35 9.60
83.62 40 10.29
83.62 45 10.93
83.62 50 11.52
83.62 56 12.18
85.10 2 1.70
85.10 4 2.57
85.10 5 2.95
85.10 6 3.30
85.10 8 3.95
85.10 10 4.57
85.10 12 5.13
85.10 16 6.12
85.10 20 6.98
85.10 24 7.75
85.10 28 8.44
85.10 35 9.51
85.10 40 10.20
85.10 45 10.83
85.10 50 11.41
85.10 56 12.06
86.58 2 1.70
86.58 4 2.56
86.58 5 2.94
86.58 6 3.29
86.58 8 3.93
86.58 10 4.54
86.58 12 5.10
86.58 16 6.08
86.58 20 6.93
86.58 24 7.68
86.58 28 8.37
86.58 35 9.43
86.58 40 10.11
86.58 45 10.73
86.58 50 11.30
86.58 56 11.95
88.07 2 1.69
88.07 4 2.55
88.07 5 2.92
88.07 6 3.27
88.07 8 3.91
88.07 10 4.52
88.07 12 5.06
88.07 16 6.03
88.07 20 6.87
88.07 24 7.62
88.07 28 8.30
88.07 35 9.35
88.07 40 10.02
88.07 45 10.63
88.07 50 11.20
88.07 56 11.83
89.56 2 1.69
89.56 4 2.54
89.56 5 2.91
89.56 6 3.26
89.56 8 3.89
89.56 10 4.49
89.56 12 5.03
89.56 16 5.99
89.56 20 6.82
89.56 24 7.56
89.56 28 8.23
89.56 35 9.27
89.56 40 9.93
89.56 45 10.53
89.56 50 11.10
89.56 56 11.72
91.06 2 1.69
91.06 4 2.53
91.06 5 2.90
91.06 6 3.24
91.06 8 3.87
91.06 10 4.46
91.06 12 5.00
91.06 16 5.95
91.06 20 6.77
91.06 24 7.50
91.06 28 8.16
91.06 35 9.19
91.06 40 9.84
91.06 45 10.44
91.06 50 11.00
91.06 56 11.62
92.57 2 1.69
92.57 4 2.53
92.57 5 2.89
92.57 6 3.23
92.57 8 3.85
92.57 10 4.44
92.57 12 4.97
92.57 16 5.91
92.57 20 6.72
92.57 24 7.45
92.57 28 8.10
92.57 35 9.11
92.57 40 9.76
92.57 45 10.35
92.57 50 10.90
92.57 56 11.51
94.08 2 1.68
94.08 4 2.52
94.08 5 2.88
94.08 6 3.21
94.08 8 3.83
94.08 10 4.41
94.08 12 4.94
94.08 16 5.87
94.08 20 6.67
94.08 24 7.39
94.08 28 8.03
94.08 35 9.04
94.08 40 9.68
94.08 45 10.26
94.08 50 10.81
94.08 56 11.41
95.60 2 1.68
95.60 4 2.51
95.60 5 2.87
95.60 6 3.20
95.60 8 3.81
95.60 10 4.39
95.60 12 4.91
95.60 16 5.83
95.60 20 6.63
95.60 24 7.33
95.60 28 7.97
95.60 35 8.96
95.60 40 9.60
95.60 45 10.18
95.60 50 10.71
95.60 56 11.31
97.12 2 1.68
97.12 4 2.50
97.12 5 2.86
97.12 6 3.19
97.12 8 3.79
97.12 10 4.36
97.12 12 4.88
97.12 16 5.79
97.12 20 6.58
97.12 24 7.28
97.12 28 7.91
97.12 35 8.89
97.12 40 9.52
97.12 45 10.09
97.12 50 10.62
97.12 56 11.22
98.64 2 1.68
98.64 4 2.49
98.64 5 2.85
98.64 6 3.17
98.64 8 3.77
98.64 10 4.34
98.64 12 4.85
98.64 16 5.75
98.64 20 6.54
98.64 24 7.23
98.64 28 7.85
98.64 35 8.82
98.64 40 9.44
98.64 45 10.01
98.64 50 10.54
98.64 56 11.12
100.17 2 1.68
100.17 4 2.48
100.17 5 2.84
100.17 6 3.16
100.17 8 3.75
100.17 10 4.32
100.17 12 4.83
100.17 16 5.72
100.17 20 6.49
100.17 24 7.18
100.17 28 7.80
100.17 35 8.76
100.17 40 9.37
100.17 45 9.93
100.17 50 10.45
100.17 56 11.03
101.70 2 1.68
101.70 4 2.48
101.70 5 2.83
101.70 6 3.15
101.70 8 3.74
101.70 10 4.30
101.70 12 4.80
101.70 16 5.68
101.70 20 6.45
101.70 24 7.13
101.70 28 7.74
101.70 35 8.69
101.70 40 9.29
101.70 45 9.85
101.70 50 10.37
101.70 56 10.94
103.23 2 1.67
103.23 4 2.47
103.23 5 2.82
103.23 6 3.14
103.23 8 3.72
103.23 10 4.27
103.23 12 4.77
103.23 16 5.65
103.23 20 6.41
103.23 24 7.08
103.23 28 7.69
103.23 35 8.63
103.23 40 9.22
103.23 45 9.77
103.23 50 10.28
103.23 56 10.85
104.76 2 1.67
104.76 4 2.46
104.76 5 2.81
104.76 6 3.12
104.76 8 3.70
104.76 10 4.25
104.76 12 4.75
104.76 16 5.62
104.76 20 6.37
104.76 24 7.03
104.76 28 7.63
104.76 35 8.56
104.76 40 9.16
104.76 45 9.70
104.76 50 10.20
104.76 56 10.76
106.29 2 1.67
106.29 4 2.46
106.29 5 2.80
106.29 6 3.11
106.29 8 3.69
106.29 10 4.23
106.29 12 4.72
106.29 16 5.58
106.29 20 6.33
106.29 24 6.99
106.29 28 7.58
106.29 35 8.50
106.29 40 9.09
106.29 45 9.63
106.29 50 10.13
106.29 56 10.68
107.83 2 1.67
107.83 4 2.45
107.83 5 2.79
107.83 6 3.10
107.83 8 3.67
107.83 10 4.21
107.83 12 4.70
107.83 16 5.55
107.83 20 6.29
107.83 24 6.94
107.83 28 7.53
107.83 35 8.44
107.83 40 9.02
107.83 45 9.56
107.83 50 10.05
107.83 56 10.60
109.36 2 1.67
109.36 4 2.44
109.36 5 2.78
109.36 6 3.09
109.36 8 3.66
109.36 10 4.20
109.36 12 4.68
109.36 16 5.52
109.36 20 6.25
109.36 24 6.90
109.36 28 7.48
109.36 35 8.38
109.36 40 8.96
109.36 45 9.49
109.36 50 9.98
109.36 56 10.52
110.89 2 1.67
110.89 4 2.44
110.89 5 2.77
110.89 6 3.08
110.89 8 3.65
110.89 10 4.18
110.89 12 4.65
110.89 16 5.49
110.89 20 6.21
110.89 24 6.85
110.89 28 7.43
110.89 35 8.33
110.89 40 8.90
110.89 45 9.42
110.89 50 9.90
110.89 56 10.44
112.42 2 1.67
112.42 4 2.43
112.42 5 2.77
112.42 6 3.07
112.42 8 3.63
112.42 10 4.16
112.42 12 4.63
112.42 16 5.46
112.42 20 6.18
112.42 24 6.81
112.42 28 7.39
112.42 35 8.27
112.42 40 8.84
112.42 45 9.35
112.42 50 9.83
112.42 56 10.37
113.94 2 1.66
113.94 4 2.43
113.94 5 2.76
113.94 6 3.06
113.94 8 3.62
113.94 10 4.14
113.94 12 4.61
113.94 16 5.43
113.94 20 6.14
113.94 24 6.77
113.94 28 7.34
113.94 35 8.22
113.94 40 8.78
113.94 45 9.29
113.94 50 9.77
113.94 56 10.29
115.46 2 1.66
115.46 4 2.42
115.46 5 2.75
115.46 6 3.05
115.46 8 3.60
115.46 10 4.12
115.46 12 4.59
115.46 16 5.41
115.46 20 6.11
115.46 24 6.73
115.46 28 7.30
115.46 35 8.17
115.46 40 8.72
115.46 45 9.23
115.46 50 9.70
115.46 56 10.22
116.98 2 1.66
116.98 4 2.42
116.98 5 2.74
116.98 6 3.04
116.98 8 3.59
116.98 10 4.11
116.98 12 4.57
116.98 16 5.38
116.98 20 6.08
116.98 24 6.70
116.98 28 7.25
116.98 35 8.12
116.98 40 8.66
116.98 45 9.17
116.98 50 9.63
116.98 56 10.15
118.49 2 1.66
118.49 4 2.41
118.49 5 2.74
118.49 6 3.04
118.49 8 3.58
118.49 10 4.09
118.49 12 4.55
118.49 16 5.35
118.49 20 6.05
118.49 24 6.66
118.49 28 7.21
118.49 35 8.07
118.49 40 8.61
118.49 45 9.11
118.49 50 9.57
118.49 56 10.08
120.00 2 1.66
120.00 4 2.41
120.00 5 2.73
120.00 6 3.03
120.00 8 3.57
120.00 10 4.08
120.00 12 4.53
120.00 16 5.33
120.00 20 6.02
120.00 24 6.62
120.00 28 7.17
120.00 35 8.02
120.00 40 8.56
120.00 45 9.05
120.00 50 9.51
120.00 56 10.02
121.50 2 1.66
121.50 4 2.40
121.50 5 2.72
121.50 6 3.02
121.50 8 3.56
121.50 10 4.06
121.50 12 4.51
121.50 16 5.30
121.50 20 5.99
121.50 24 6.59
121.50 28 7.13
121.50 35 7.97
121.50 40 8.50
121.50 45 8.99
121.50 50 9.45
121.50 56 9.95
122.99 2 1.66
122.99 4 2.40
122.99 5 2.72
122.99 6 3.01
122.99 8 3.55
122.99 10 4.05
122.99 12 4.50
122.99 16 5.28
122.99 20 5.96
122.99 24 6.55
122.99 28 7.09
122.99 35 7.93
122.99 40 8.45
122.99 45 8.94
122.99 50 9.39
122.99 56 9.89
124.48 2 1.66
124.48 4 2.40
124.48 5 2.71
124.48 6 3.01
124.48 8 3.54
124.48 10 4.03
124.48 12 4.48
124.48 16 5.26
124.48 20 5.93
124.48 24 6.52
124.48 28 7.05
124.48 35 7.88
124.48 40 8.41
124.48 45 8.89
124.48 50 9.33
124.48 56 9.83
125.95 2 1.66
125.95 4 2.39
125.95 5 2.71
125.95 6 3.00
125.95 8 3.53
125.95 10 4.02
125.95 12 4.46
125.95 16 5.24
125.95 20 5.90
125.95 24 6.49
125.95 28 7.02
125.95 35 7.84
125.95 40 8.36
125.95 45 8.84
125.95 50 9.28
125.95 56 9.77
127.42 2 1.66
127.42 4 2.39
127.42 5 2.70
127.42 6 2.99
127.42 8 3.52
127.42 10 4.01
127.42 12 4.45
127.42 16 5.21
127.42 20 5.87
127.42 24 6.46
127.42 28 6.98
127.42 35 7.80
127.42 40 8.31
127.42 45 8.79
127.42 50 9.23
127.42 56 9.71
128.88 2 1.66
128.88 4 2.38
128.88 5 2.70
128.88 6 2.99
128.88 8 3.51
128.88 10 3.99
128.88 12 4.43
128.88 16 5.19
128.88 20 5.85
128.88 24 6.43
128.88 28 6.95
128.88 35 7.76
128.88 40 8.27
128.88 45 8.74
128.88 50 9.17
128.88 56 9.66
130.32 2 1.66
130.32 4 2.38
130.32 5 2.69
130.32 6 2.98
130.32 8 3.50
130.32 10 3.98
130.32 12 4.42
130.32 16 5.17
130.32 20 5.82
130.32 24 6.40
130.32 28 6.92
130.32 35 7.72
130.32 40 8.22
130.32 45 8.69
130.32 50 9.12
130.32 56 9.60
131.76 2 1.66
131.76 4 2.38
131.76 5 2.69
131.76 6 2.97
131.76 8 3.49
131.76 10 3.97
131.76 12 4.40
131.76 16 5.15
131.76 20 5.80
131.76 24 6.37
131.76 28 6.88
131.76 35 7.68
131.76 40 8.18
131.76 45 8.65
131.76 50 9.07
131.76 56 9.55
133.18 2 1.66
133.18 4 2.38
133.18 5 2.68
133.18 6 2.97
133.18 8 3.48
133.18 10 3.96
133.18 12 4.39
133.18 16 5.14
133.18 20 5.78
133.18 24 6.34
133.18 28 6.85
133.18 35 7.64
133.18 40 8.14
133.18 45 8.60
133.18 50 9.03
133.18 56 9.50
134.59 2 1.66
134.59 4 2.37
134.59 5 2.68
134.59 6 2.96
134.59 8 3.47
134.59 10 3.95
134.59 12 4.38
134.59 16 5.12
134.59 20 5.75
134.59 24 6.32
134.59 28 6.82
134.59 35 7.61
134.59 40 8.10
134.59 45 8.56
134.59 50 8.98
134.59 56 9.45
135.99 2 1.66
135.99 4 2.37
135.99 5 2.68
135.99 6 2.96
135.99 8 3.47
135.99 10 3.94
135.99 12 4.36
135.99 16 5.10
135.99 20 5.73
135.99 24 6.29
135.99 28 6.80
135.99 35 7.57
135.99 40 8.06
135.99 45 8.52
135.99 50 8.94
135.99 56 9.40
137.37 2 1.66
137.37 4 2.37
137.37 5 2.67
137.37 6 2.95
137.37 8 3.46
137.37 10 3.93
137.37 12 4.35
137.37 16 5.08
137.37 20 5.71
137.37 24 6.27
137.37 28 6.77
137.37 35 7.54
137.37 40 8.03
137.37 45 8.48
137.37 50 8.89
137.37 56 9.36
138.74 2 1.66
138.74 4 2.37
138.74 5 2.67
138.74 6 2.95
138.74 8 3.45
138.74 10 3.92
138.74 12 4.34
138.74 16 5.07
138.74 20 5.69
138.74 24 6.24
138.74 28 6.74
138.74 35 7.51
138.74 40 7.99
138.74 45 8.44
138.74 50 8.85
138.74 56 9.31
