# * spname=HD2      : isw = 9
#    fixe=  T,  gbend=  T, pw=    2.30000
#    b1 =    1.00    1.75    1.65    1.70    1.52    1.60    1.60    1.40
#    b2 =    1.00    2.00    2.00    2.00    2.00    2.00    2.00    2.00
#    eb =   100.0   100.0   200.0   400.0   700.0  1200.0  1700.0  2600.0
# aflux =     0.1    43.0    22.0     0.6    13.0     8.0     5.0     8.0
# eflux =    0.56    0.56    0.56    0.56    0.56    0.56    0.56    0.56
#  obid =       F       T       T       T       T       T       T       T
#  DIFFERENTIAL FLUX OF 1RY : model HD2     
#--------------------------------------------------------------
  'P'  'TeV'  'E/p'  'd'  0  300 /
3.00E-01 3.05E-12
5.00E-01 7.46E-13
1.00E+00 1.11E-13
1.78E+00 2.28E-14
3.16E+00 4.68E-15
5.62E+00 9.60E-16
1.00E+01 1.97E-16
1.78E+01 4.04E-17
3.16E+01 8.25E-18
3.98E+01 4.36E-18
5.01E+01 2.30E-18
6.31E+01 1.20E-18
7.94E+01 6.28E-19
1.00E+02 3.25E-19
1.26E+02 1.67E-19
1.58E+02 8.53E-20
2.00E+02 4.33E-20
2.51E+02 2.19E-20
3.16E+02 1.10E-20
3.98E+02 5.53E-21
5.01E+02 2.78E-21
6.31E+02 1.39E-21
7.94E+02 6.99E-22
1.00E+03 3.50E-22
 0 0 
  'He'  'TeV'  'E/p'  'd'  0 300/
3.00E-01 1.38E-12
5.00E-01 3.56E-13
1.00E+00 5.67E-14
1.78E+00 1.23E-14
3.16E+00 2.68E-15
5.62E+00 5.83E-16
1.00E+01 1.27E-16
1.78E+01 2.76E-17
3.16E+01 5.99E-18
3.98E+01 3.25E-18
5.01E+01 1.76E-18
6.31E+01 9.53E-19
7.94E+01 5.14E-19
1.00E+02 2.76E-19
1.26E+02 1.48E-19
1.58E+02 7.81E-20
2.00E+02 4.10E-20
2.51E+02 2.13E-20
3.16E+02 1.09E-20
3.98E+02 5.58E-21
5.01E+02 2.83E-21
6.31E+02 1.43E-21
7.94E+02 7.18E-22
1.00E+03 3.61E-22
 0 0 
  'L '  'TeV '  'E/p '  'd ' 0 300 /
3.00E-01 4.00E-14
5.00E-01 1.01E-14
1.00E+00 1.55E-15
1.78E+00 3.27E-16
3.16E+00 6.91E-17
5.62E+00 1.46E-17
1.00E+01 3.09E-18
1.78E+01 6.52E-19
3.16E+01 1.38E-19
3.98E+01 7.40E-20
5.01E+01 3.97E-20
6.31E+01 2.13E-20
7.94E+01 1.14E-20
1.00E+02 6.13E-21
1.26E+02 3.28E-21
1.58E+02 1.75E-21
2.00E+02 9.31E-22
2.51E+02 4.93E-22
3.16E+02 2.59E-22
3.98E+02 1.35E-22
5.01E+02 6.98E-23
6.31E+02 3.57E-23
7.94E+02 1.82E-23
1.00E+03 9.20E-24
 0 0 
  'M '  'TeV '  'E/p '  'd ' 0  300 /
3.00E-01 6.94E-13
5.00E-01 1.92E-13
1.00E+00 3.33E-14
1.78E+00 7.80E-15
3.16E+00 1.83E-15
5.62E+00 4.29E-16
1.00E+01 1.00E-16
1.78E+01 2.35E-17
3.16E+01 5.52E-18
3.98E+01 3.09E-18
5.01E+01 1.73E-18
6.31E+01 9.67E-19
7.94E+01 5.41E-19
1.00E+02 3.03E-19
1.26E+02 1.69E-19
1.58E+02 9.44E-20
2.00E+02 5.26E-20
2.51E+02 2.92E-20
3.16E+02 1.62E-20
3.98E+02 8.87E-21
5.01E+02 4.82E-21
6.31E+02 2.59E-21
7.94E+02 1.37E-21
1.00E+03 7.15E-22
 0 0 
  'H '  'TeV '  'E/p '  'd ' 0 300 /
3.00E-01 4.72E-13
5.00E-01 1.25E-13
1.00E+00 2.06E-14
1.78E+00 4.61E-15
3.16E+00 1.03E-15
5.62E+00 2.31E-16
1.00E+01 5.17E-17
1.78E+01 1.16E-17
3.16E+01 2.59E-18
3.98E+01 1.42E-18
5.01E+01 7.82E-19
6.31E+01 4.30E-19
7.94E+01 2.36E-19
1.00E+02 1.30E-19
1.26E+02 7.13E-20
1.58E+02 3.91E-20
2.00E+02 2.15E-20
2.51E+02 1.18E-20
3.16E+02 6.45E-21
3.98E+02 3.53E-21
5.01E+02 1.92E-21
6.31E+02 1.04E-21
7.94E+02 5.60E-22
1.00E+03 2.99E-22
 0 0 
  'VH '  'TeV '  'E/p '  'd ' 0 300/
3.00E-01 2.96E-13
5.00E-01 7.84E-14
1.00E+00 1.29E-14
1.78E+00 2.88E-15
3.16E+00 6.44E-16
5.62E+00 1.44E-16
1.00E+01 3.23E-17
1.78E+01 7.23E-18
3.16E+01 1.62E-18
3.98E+01 8.89E-19
5.01E+01 4.89E-19
6.31E+01 2.69E-19
7.94E+01 1.48E-19
1.00E+02 8.11E-20
1.26E+02 4.46E-20
1.58E+02 2.45E-20
2.00E+02 1.34E-20
2.51E+02 7.38E-21
3.16E+02 4.05E-21
3.98E+02 2.22E-21
5.01E+02 1.22E-21
6.31E+02 6.63E-22
7.94E+02 3.61E-22
1.00E+03 1.95E-22
 0 0 
  'Fe '  'TeV '  'E/p '  'd ' 0  300/
3.00E-01 3.63E-13
5.00E-01 1.06E-13
1.00E+00 2.02E-14
1.78E+00 5.08E-15
3.16E+00 1.28E-15
5.62E+00 3.20E-16
1.00E+01 8.05E-17
1.78E+01 2.02E-17
3.16E+01 5.08E-18
3.98E+01 2.92E-18
5.01E+01 1.68E-18
6.31E+01 9.67E-19
7.94E+01 5.57E-19
1.00E+02 3.20E-19
1.26E+02 1.84E-19
1.58E+02 1.06E-19
2.00E+02 6.10E-20
2.51E+02 3.51E-20
3.16E+02 2.02E-20
3.98E+02 1.16E-20
5.01E+02 6.65E-21
6.31E+02 3.81E-21
7.94E+02 2.18E-21
1.00E+03 1.24E-21
 0 0 
