9e-05 2.4742
0.0001 2.5242
0.00011 2.5674
0.00012 2.6063
0.00013 2.6425
0.00014 2.6759
0.00015 2.7092
0.00016 2.7423
0.00017 2.776
0.00018 2.8093
0.0002 2.8814
0.000225 2.976
0.00025 3.0764
0.000275 3.18006
0.0003 3.28479
0.000325 3.39033
0.00035 3.49554
0.000375 3.5983
0.0004 3.70051
0.00045 3.89803
0.0005 4.08667
0.00055 4.26616
0.0006 4.43731
0.00065 4.59998
0.0007 4.75407
0.0008 5.0412
0.0009 5.3013
0.001 5.5371
0.0011 5.75241
0.0012 5.94713
0.0013 6.12315
0.0014 6.28344
0.0015 6.42792
0.0016 6.55758
0.0017 6.67438
0.0018 6.7783
0.002 6.95443
0.00225 7.12052
0.0025 7.23996
0.00275 7.32265
0.003 7.37655
0.00325 7.4066
0.0035 7.41977
0.00375 7.41805
0.004 7.4044
0.0045 7.35231
0.005 7.27543
0.0055 7.18069
0.006 7.07406
0.0065 6.95953
0.007 6.84006
0.008 6.59329
0.009 6.34468
0.01 6.10219
0.011 5.86778
0.012 5.64543
0.013 5.43413
0.014 5.23387
0.015 5.04564
0.016 4.86844
0.017 4.70126
0.018 4.54411
0.02 4.25683
0.0225 3.95855
0.025 3.73632
0.0275 3.50214
0.03 3.28898
0.0325 3.09984
0.035 2.93273
0.0375 2.78362
0.04 2.64853
0.045 2.41638
0.05 2.22226
0.055 2.05815
0.06 1.91807
0.065 1.79599
0.07 1.68893
0.08 1.51183
0.09 1.36974
0.1 1.25368
0.11 1.15762
0.12 1.07557
0.13 1.00553
0.14 0.944599
0.15 0.891369
0.16 0.844242
0.17 0.802318
0.18 0.764697
0.2 0.700061
0.225 0.634325
0.25 0.580995
0.275 0.53687
0.3 0.49965
0.325 0.467932
0.35 0.440217
0.375 0.415904
0.4 0.394392
0.45 0.358173
0.5 0.328657
0.55 0.304244
0.6 0.283633
0.65 0.266023
0.7 0.250815
0.8 0.225702
0.9 0.205892
1.00 0.189883
1.10 0.176676
1.20 0.16547
1.30 0.155965
1.40 0.147761
1.50 0.140557
1.60 0.134254
1.70 0.128651
1.80 0.123648
2.00 0.115144
2.25 0.106539
2.50 0.0995757
2.75 0.0938827
3.00 0.0891202
3.25 0.085078
3.50 0.0816162
3.75 0.0786145
4.00 0.0759931
4.50 0.0716307
5.00 0.0681588
5.50 0.0653372
6.00 0.0630059
6.50 0.0610647
7.00 0.0594138
8.00 0.0567921
9.00 0.0548209
10.00 0.0532999
11.00 0.052099
12.00 0.0511483
13.00 0.0503877
14.00 0.0497572
15.00 0.0492468
16.00 0.0488364
17.00 0.048486
18.00 0.0481957
20.00 0.0477652
22.50 0.0474246
25.00 0.0472142
27.50 0.0471138
30.00 0.0470735
32.50 0.0470833
35.00 0.0471331
37.50 0.0472029
40.00 0.0472927
45.00 0.0475124
50.00 0.0477522
