0.0002 3.4795
0.000225 3.5862
0.00025 3.6978
0.000275 3.8128
0.0003 3.93
0.000325 4.0487
0.00035 4.1692
0.000375 4.2901
0.0004 4.412
0.00045 4.6556
0.0005 4.8974
0.00055 5.133
0.0006 5.3617
0.00065 5.5829
0.0007 5.7971
0.0008 6.2041
0.0009 6.5847
0.001 6.9439
0.0011 7.2827
0.0012 7.6055
0.0013 7.9139
0.0014 8.2106
0.0015 8.4964
0.0016 8.7731
0.0017 9.0405
0.0018 9.3005
0.002 9.7982
0.00225 10.3786
0.0025 10.9298
0.00275 11.4325
0.003 11.9062
0.00325 12.3408
0.0035 12.7361
0.00375 13.1119
0.004 13.4483
0.0045 14.042
0.005 14.5368
0.0055 14.9525
0.006 15.3089
0.0065 15.5957
0.007 15.833
0.008 16.1785
0.009 16.3948
0.01 16.5219
0.011 16.5594
0.012 16.5473
0.013 16.4855
0.014 16.384
0.015 16.2526
0.016 16.1114
0.017 15.9503
0.018 15.7693
0.02 15.4077
0.0225 14.926
0.025 14.4446
0.0275 13.9834
0.03 13.5324
0.0325 13.1116
0.035 12.7009
0.0375 12.3202
0.04 11.9597
0.045 11.4987
0.05 10.938
0.055 10.4073
0.06 9.93379
0.065 9.50533
0.07 9.11793
0.08 8.44027
0.09 7.86575
0.1 7.36933
0.11 6.93598
0.12 6.55368
0.13 6.21243
0.14 5.90521
0.15 5.62802
0.16 5.37485
0.17 5.1447
0.18 4.93257
0.2 4.55534
0.225 4.1581
0.25 3.82291
0.275 3.53776
0.3 3.29162
0.325 3.07851
0.35 2.89241
0.375 2.72933
0.4 2.58425
0.45 2.34313
0.5 2.15202
0.55 1.99894
0.6 1.87587
0.65 1.75681
0.7 1.65376
0.8 1.48367
0.9 1.3486
1.00 1.23855
1.10 1.1475
1.20 1.07046
1.30 1.00543
1.40 0.947902
1.50 0.898078
1.60 0.854156
1.70 0.815037
1.80 0.780019
2.00 0.72009
2.25 0.659361
2.50 0.610236
2.75 0.569617
3.00 0.5355
3.25 0.506486
3.50 0.481474
3.75 0.459663
4.00 0.440454
4.50 0.408338
5.00 0.382525
5.50 0.361315
6.00 0.343606
6.50 0.328598
7.00 0.315792
8.00 0.294981
9.00 0.278773
10.00 0.266066
11.00 0.25566
12.00 0.247156
13.00 0.240052
14.00 0.234048
15.00 0.228945
16.00 0.224543
17.00 0.22074
18.00 0.217438
20.00 0.212035
22.50 0.206931
25.00 0.203028
27.50 0.200126
30.00 0.197924
32.50 0.196222
35.00 0.194921
37.50 0.193919
40.00 0.193118
45.00 0.192116
50.00 0.191615
55.00 0.191414
60.00 0.191512
65.00 0.191712
70.00 0.192111
80.00 0.19301
90.00 0.194009
100.00 0.195108
