0.005 16.9365
0.0055 18.1975
0.006 19.4255
0.0065 20.6389
0.007 21.8168
0.008 24.0829
0.009 26.1893
0.01 28.1333
0.011 29.923
0.012 31.5471
0.013 33.0347
0.014 34.395
0.015 35.6277
0.016 36.7523
0.017 37.7785
0.018 38.716
0.02 40.3644
0.0225 42.0522
0.025 43.4239
0.0275 44.5187
0.03 45.4057
0.0325 46.1145
0.035 46.6747
0.0375 47.1061
0.04 47.4385
0.045 47.8456
0.05 47.995
0.055 47.9762
0.06 47.8187
0.065 47.5723
0.07 47.2667
0.08 46.4974
0.09 45.6401
0.1 44.734
0.11 43.819
0.12 43.4448
0.13 42.8912
0.14 42.068
0.15 41.2452
0.16 40.4628
0.17 39.7106
0.18 38.9886
0.2 37.6353
0.225 36.0919
0.25 34.6791
0.275 33.3867
0.3 32.1948
0.325 31.0931
0.35 30.0717
0.375 29.1104
0.4 28.2193
0.45 26.5974
0.5 25.1658
0.55 23.8846
0.6 22.7335
0.65 21.7026
0.7 20.7617
0.8 19.1304
0.9 17.7594
1.00 16.5986
1.10 15.5979
1.20 14.7173
1.30 13.9468
1.40 13.2563
1.50 12.636
1.60 12.0756
1.70 11.5553
1.80 11.0851
2.00 10.2646
2.25 9.41914
2.50 8.71577
2.75 8.12446
3.00 7.61919
3.25 7.18297
3.50 6.80178
3.75 6.46561
4.00 6.16146
4.50 5.63421
5.00 5.20601
5.50 4.84885
6.00 4.54771
6.50 4.29059
7.00 4.06748
8.00 3.70031
9.00 3.41018
10.00 3.17607
11.00 2.98298
12.00 2.82091
13.00 2.68284
14.00 2.56379
15.00 2.46074
16.00 2.3697
17.00 2.28966
18.00 2.21762
20.00 2.09657
22.50 1.97551
25.00 1.87946
27.50 1.80042
30.00 1.73639
32.50 1.68136
35.00 1.63534
37.50 1.59632
40.00 1.5623
45.00 1.50727
50.00 1.46424
55.00 1.43122
60.00 1.40421
65.00 1.38219
70.00 1.36518
80.00 1.33916
90.00 1.32114
100.00 1.30813
110.00 1.30012
120.00 1.29411
130.00 1.2901
140.00 1.28809
150.00 1.28709
160.00 1.28708
170.00 1.28808
180.00 1.28907
200.00 1.29207
225.00 1.29806
250.00 1.30405
275.00 1.31005
300.00 1.31705
325.00 1.32404
350.00 1.33104
375.00 1.33804
400.00 1.34404
450.00 1.35603
500.00 1.36803
