0.000275 5.377
0.0003 5.453
0.000325 5.527
0.00035 5.6
0.000375 5.673
0.0004 5.745
0.00045 5.8925
0.0005 6.0447
0.00055 6.2028
0.0006 6.3679
0.00065 6.5376
0.0007 6.7111
0.0008 7.0631
0.0009 7.4176
0.001 7.7665
0.0011 8.11
0.0012 8.4445
0.0013 8.7712
0.0014 9.0892
0.0015 9.399
0.0016 9.701
0.0017 9.996
0.0018 10.2847
0.002 10.8473
0.00225 11.5177
0.0025 12.1533
0.00275 12.7726
0.003 13.3749
0.00325 13.9496
0.0035 14.4962
0.00375 15.0343
0.004 15.5437
0.0045 16.5156
0.005 17.4207
0.0055 18.2482
0.006 18.9976
0.0065 19.6983
0.007 20.3303
0.008 21.4469
0.009 22.3862
0.01 23.1674
0.011 23.8301
0.012 24.3838
0.013 24.8484
0.014 25.2238
0.015 25.5396
0.016 25.796
0.017 25.9927
0.018 26.1498
0.02 26.3447
0.0225 26.4096
0.025 26.3353
0.0275 26.1618
0.03 25.9188
0.0325 25.6163
0.035 25.2941
0.0375 24.9421
0.04 24.5804
0.045 23.8275
0.05 23.0851
0.055 22.3631
0.06 21.6614
0.065 21.18
0.07 20.7387
0.08 19.6267
0.09 18.5951
0.1 17.6737
0.11 16.8526
0.12 16.1117
0.13 15.4409
0.14 14.8302
0.15 14.2696
0.16 13.7591
0.17 13.2886
0.18 12.8482
0.2 12.0675
0.225 11.2267
0.25 10.5061
0.275 9.88663
0.3 9.34421
0.325 8.86585
0.35 8.44154
0.375 8.06127
0.4 7.71903
0.45 7.12763
0.5 6.6323
0.55 6.21103
0.6 5.8458
0.65 5.52461
0.7 5.23944
0.8 4.74516
0.9 4.32395
1.00 3.98177
1.10 3.70162
1.20 3.4635
1.30 3.2494
1.40 3.0623
1.50 2.89823
1.60 2.75416
1.70 2.62509
1.80 2.50904
2.00 2.30894
2.25 2.10685
2.50 1.94177
2.75 1.80471
3.00 1.68965
3.25 1.59161
3.50 1.50657
3.75 1.43153
4.00 1.3665
4.50 1.25645
5.00 1.16741
5.50 1.09437
6.00 1.03235
6.50 0.979822
7.00 0.9347
8.00 0.860966
9.00 0.803338
10.00 0.757216
11.00 0.719498
12.00 0.688083
13.00 0.66157
14.00 0.638859
15.00 0.619349
16.00 0.60244
17.00 0.587533
18.00 0.574426
20.00 0.552514
22.50 0.531002
25.00 0.514293
27.50 0.500985
30.00 0.490378
32.50 0.481673
35.00 0.474568
37.50 0.468664
40.00 0.46376
45.00 0.456154
50.00 0.450749
55.00 0.446845
60.00 0.444041
65.00 0.442138
70.00 0.440836
80.00 0.439531
90.00 0.439428
100.00 0.439926
110.00 0.441023
120.00 0.442322
130.00 0.44372
140.00 0.445319
150.00 0.447018
160.00 0.448716
170.00 0.450316
180.00 0.452015
200.00 0.455413
225.00 0.459412
250.00 0.463211
