1e-05 1.0267
1.1e-05 1.0363
1.2e-05 1.0463
1.3e-05 1.0565
1.4e-05 1.0671
1.5e-05 1.0779
1.6e-05 1.0888
1.7e-05 1.1
1.8e-05 1.1112
2e-05 1.0979
2.25e-05 1.0958
2.5e-05 1.1049
2.75e-05 1.1212
3e-05 1.1421
3.25e-05 1.1663
3.5e-05 1.1926
3.75e-05 1.2199
4e-05 1.2484
4.5e-05 1.3047
5e-05 1.3614
5.5e-05 1.4159
6e-05 1.4679
6.5e-05 1.5171
7e-05 1.5632
8e-05 1.6479
9e-05 1.7209
0.0001 1.7857
0.00011 1.8429
0.00012 1.8942
0.00013 1.94125
0.00014 1.98504
0.00015 2.0264
0.00016 2.06625
0.00017 2.10551
0.00018 2.14412
0.0002 2.22019
0.000225 2.31304
0.00025 2.40295
0.000275 2.49165
0.0003 2.57897
0.000325 2.66378
0.00035 2.74799
0.000375 2.82952
0.0004 2.91031
0.00045 3.06655
0.0005 3.21746
0.00055 3.36386
0.0006 3.50464
0.00065 3.64073
0.0007 3.77206
0.0008 4.02028
0.0009 4.24705
0.001 4.45522
0.0011 4.6427
0.0012 4.8114
0.0013 4.96128
0.0014 5.09331
0.0015 5.20945
0.0016 5.3097
0.0017 5.39602
0.0018 5.46941
0.002 5.58336
0.00225 5.67328
0.0025 5.71941
0.00275 5.73168
0.003 5.72106
0.00325 5.69153
0.0035 5.64806
0.00375 5.59566
0.004 5.5353
0.0045 5.40069
0.005 5.2562
0.0055 5.10579
0.006 4.95644
0.0065 4.80915
0.007 4.66589
0.008 4.39446
0.009 4.14612
0.01 3.91985
0.011 3.71462
0.012 3.52743
0.013 3.35726
0.014 3.20212
0.015 3.061
0.016 2.93088
0.017 2.81079
0.018 2.6997
0.02 2.54455
0.0225 2.34339
0.025 2.16427
0.0275 2.01117
0.03 1.88008
0.0325 1.76401
0.035 1.66294
0.0375 1.57289
0.04 1.49184
0.045 1.35275
0.05 1.23768
0.055 1.14163
0.06 1.05858
0.065 0.987541
0.07 0.925606
0.08 0.823148
0.09 0.742203
0.1 0.676767
0.11 0.622937
0.12 0.578011
0.13 0.539989
0.14 0.50747
0.15 0.479254
0.16 0.45454
0.17 0.432727
0.18 0.413215
0.2 0.379696
0.225 0.345076
0.25 0.31576
0.275 0.290346
0.3 0.270235
0.325 0.252926
0.35 0.238017
0.375 0.22491
0.4 0.213404
0.45 0.193993
0.5 0.178185
0.55 0.165078
0.6 0.154072
0.65 0.144667
0.7 0.136462
0.8 0.123155
0.9 0.112549
1.00 0.104045
1.10 0.0969511
1.20 0.0910179
1.30 0.0859652
1.40 0.0816029
1.50 0.0778009
1.60 0.0744591
1.70 0.0714975
1.80 0.0688561
2.00 0.0643436
2.25 0.0598012
2.50 0.0561592
2.75 0.0531776
3.00 0.0506862
3.25 0.0485751
3.50 0.0467741
3.75 0.0452232
4.00 0.0438624
4.50 0.0416111
5.00 0.0398401
