0.0003 6.514
0.000325 6.559
0.00035 6.606
0.000375 6.656
0.0004 6.707
0.00045 6.81
0.0005 6.914
0.00055 7.022
0.0006 7.131
0.00065 7.242
0.0007 7.357
0.0008 7.593
0.0009 7.834
0.001 8.0771
0.0011 8.3176
0.0012 8.5538
0.0013 8.7862
0.0014 9.0127
0.0015 9.2344
0.0016 9.4527
0.0017 9.6671
0.0018 9.879
0.002 10.2962
0.00225 10.8116
0.0025 11.3219
0.00275 11.8283
0.003 12.3494
0.00325 12.8643
0.0035 13.3822
0.00375 13.9027
0.004 14.4352
0.0045 15.4853
0.005 16.5305
0.0055 17.5497
0.006 18.5519
0.0065 19.5165
0.007 20.4431
0.008 22.1706
0.009 23.7225
0.01 25.0977
0.011 26.3052
0.012 27.3746
0.013 28.3055
0.014 29.1175
0.015 29.8205
0.016 30.4343
0.017 30.9587
0.018 31.4137
0.02 32.115
0.0225 32.7062
0.025 33.0389
0.0275 33.1829
0.03 33.1877
0.0325 33.0733
0.035 32.8895
0.0375 32.6461
0.04 32.3531
0.045 31.698
0.05 30.9839
0.055 30.2505
0.06 29.5276
0.065 28.8151
0.07 28.1229
0.08 26.8393
0.09 26.1465
0.1 25.1642
0.11 24.2023
0.12 23.3506
0.13 22.5693
0.14 21.8681
0.15 21.217
0.16 20.6161
0.17 20.0652
0.18 19.5445
0.2 18.6132
0.225 17.5819
0.25 16.6809
0.275 15.89
0.3 15.1692
0.325 14.5186
0.35 13.9281
0.375 13.3876
0.4 12.8872
0.45 11.9964
0.5 11.2159
0.55 10.5354
0.6 9.93499
0.65 9.40164
0.7 8.92435
0.8 8.11286
0.9 7.45247
1.00 6.91016
1.10 6.4629
1.20 6.09068
1.30 5.73949
1.40 5.43133
1.50 5.16019
1.60 4.91707
1.70 4.69996
1.80 4.50386
2.00 4.15369
2.25 3.78652
2.50 3.48738
2.75 3.23827
3.00 3.02817
3.25 2.84809
3.50 2.69202
3.75 2.55495
4.00 2.4339
4.50 2.23081
5.00 2.06573
5.50 1.92967
6.00 1.81462
6.50 1.71658
7.00 1.63254
8.00 1.49448
9.00 1.38543
10.00 1.29839
11.00 1.22636
12.00 1.16633
13.00 1.11531
14.00 1.07229
15.00 1.03427
16.00 1.00125
17.00 0.972339
18.00 0.946726
20.00 0.903305
22.50 0.860384
25.00 0.826567
27.50 0.799453
30.00 0.777341
32.50 0.759031
35.00 0.743723
37.50 0.730715
40.00 0.719808
45.00 0.702297
50.00 0.689188
55.00 0.679281
60.00 0.671774
65.00 0.665869
70.00 0.661364
80.00 0.655257
90.00 0.651851
100.00 0.650046
110.00 0.649442
120.00 0.649639
130.00 0.650336
140.00 0.651534
150.00 0.652932
160.00 0.65443
170.00 0.656228
180.00 0.658027
200.00 0.661724
