0.00055 7.005
0.0006 7.074
0.00065 7.141
0.0007 7.203
0.0008 7.32
0.0009 7.428
0.001 7.537
0.0011 7.651
0.0012 7.774
0.0013 7.906
0.0014 8.049
0.0015 8.203
0.0016 8.366
0.0017 8.539
0.0018 8.72
0.002 9.109
0.00225 9.637
0.0025 10.204
0.00275 10.803
0.003 11.426
0.00325 12.074
0.0035 12.739
0.00375 13.4093
0.004 14.0951
0.0045 15.4688
0.005 16.8353
0.0055 18.2014
0.006 19.535
0.0065 20.8346
0.007 22.0892
0.008 24.4696
0.009 26.6614
0.01 28.6515
0.011 30.4479
0.012 32.0692
0.013 33.5343
0.014 34.8625
0.015 36.0533
0.016 37.1462
0.017 38.1308
0.018 39.0269
0.02 40.6029
0.0225 42.2482
0.025 43.5879
0.0275 44.7109
0.03 45.6364
0.0325 46.414
0.035 47.0631
0.0375 47.6035
0.04 48.055
0.045 48.7106
0.05 49.1388
0.055 49.369
0.06 49.4706
0.065 49.4634
0.07 49.3571
0.08 48.9768
0.09 48.4186
0.1 47.7618
0.11 47.0362
0.12 46.4315
0.13 46.2274
0.14 45.6739
0.15 44.9008
0.16 44.138
0.17 43.3956
0.18 42.6734
0.2 41.2996
0.225 39.6758
0.25 38.1726
0.275 36.77
0.3 35.4678
0.325 34.246
0.35 33.1143
0.375 32.0529
0.4 31.0517
0.45 29.2395
0.5 27.6378
0.55 26.2064
0.6 24.9352
0.65 23.7941
0.7 22.7632
0.8 20.9917
0.9 19.5106
1.00 18.2596
1.10 17.1988
1.20 16.2682
1.30 15.4376
1.40 14.7071
1.50 14.0367
1.60 13.4163
1.70 12.846
1.80 12.3157
2.00 11.4052
2.25 10.4747
2.50 9.69524
2.75 9.03989
3.00 8.4796
3.25 7.99535
3.50 7.57113
3.75 7.19794
4.00 6.86578
4.50 6.29049
5.00 5.81027
5.50 5.41108
6.00 5.07392
6.50 4.78479
7.00 4.53467
8.00 4.12248
9.00 3.79633
10.00 3.53321
11.00 3.31511
12.00 3.13302
13.00 2.97695
14.00 2.84289
15.00 2.72683
16.00 2.62379
17.00 2.53374
18.00 2.4527
20.00 2.31564
22.50 2.17857
25.00 2.06952
27.50 1.98048
30.00 1.90644
32.50 1.84441
35.00 1.79238
37.50 1.74736
40.00 1.70834
45.00 1.6453
50.00 1.59628
55.00 1.55725
60.00 1.52623
65.00 1.50122
70.00 1.4802
80.00 1.44918
90.00 1.42716
100.00 1.41214
110.00 1.40113
120.00 1.39412
130.00 1.38911
140.00 1.38611
150.00 1.3841
160.00 1.38309
170.00 1.38309
180.00 1.38408
200.00 1.38708
225.00 1.39207
250.00 1.39806
