 #  Total cross section table (last run of 'elscata').
 #
 #  Z =   2,   projectile: positron
 #
 #   Energy         ECS         TCS1         TCS2         ABSCS      error
 #    (eV)        (cm**2)      (cm**2)      (cm**2)      (cm**2)
 #--------------------------------------------------------------------------
   1.00000E+02  1.40323E-17  4.98055E-18  8.40541E-18  6.26997E-17  1.0E-04
   1.25000E+02  1.36299E-17  4.29112E-18  7.56623E-18  5.61930E-17  4.8E-05
   1.50000E+02  1.28411E-17  3.67259E-18  6.68267E-18  5.07043E-17  8.0E-06
   1.75000E+02  1.20066E-17  3.16970E-18  5.90980E-18  4.61082E-17  1.0E-05
   2.00000E+02  1.12220E-17  2.76652E-18  5.25840E-18  4.22262E-17  9.1E-05
   2.50000E+02  9.87430E-18  2.17359E-18  4.24933E-18  3.60675E-17  1.4E-05
   3.00000E+02  8.79603E-18  1.76473E-18  3.51871E-18  3.14233E-17  7.7E-05
   3.50000E+02  7.92685E-18  1.46838E-18  2.97253E-18  2.78096E-17  1.8E-05
   4.00000E+02  7.21548E-18  1.24528E-18  2.55246E-18  2.49240E-17  2.1E-05
   4.50000E+02  6.62385E-18  1.07236E-18  2.22133E-18  2.25701E-17  1.3E-05
   5.00000E+02  6.12443E-18  9.35202E-19  1.95484E-18  2.06145E-17  3.5E-05
   6.00000E+02  5.32677E-18  7.32826E-19  1.55472E-18  1.75584E-17  2.3E-05
   7.00000E+02  4.71681E-18  5.92134E-19  1.27126E-18  1.52839E-17  2.6E-05
   8.00000E+02  4.23449E-18  4.89762E-19  1.06206E-18  1.35275E-17  1.0E+00
   9.00000E+02  3.84309E-18  4.12664E-19  9.02644E-19  1.21318E-17  9.2E-05
   1.00000E+03  3.51883E-18  3.53005E-19  7.77981E-19  1.09966E-17  1.0E+00
   1.25000E+03  2.90773E-18  2.51400E-19  5.62608E-19  8.91158E-18  6.4E-04
   1.50000E+03  2.47890E-18  1.88966E-19  4.27993E-19  7.49211E-18  1.1E-03
   1.75000E+03  2.16110E-18  1.47685E-19  3.37747E-19  6.46381E-18  8.3E-04
   2.00000E+03  1.91607E-18  1.18878E-19  2.74080E-19  5.68473E-18  8.6E-04
   2.50000E+03  1.56283E-18  8.21995E-20  1.91965E-19  4.58263E-18  1.3E-03
   3.00000E+03  1.32036E-18  6.04904E-20  1.42672E-19  3.84049E-18  1.3E-03
   3.50000E+03  1.14359E-18  4.65265E-20  1.10614E-19  3.30672E-18  1.1E-03
   4.00000E+03  1.00897E-18  3.69877E-20  8.85183E-20  2.90436E-18  9.2E-04
   4.50000E+03  9.03023E-19  3.01675E-20  7.26025E-20  2.59020E-18  4.1E-03
   5.00000E+03  8.17467E-19  2.51135E-20  6.07327E-20  2.33810E-18  2.4E-03
   6.00000E+03  6.87768E-19  1.82477E-20  4.44852E-20  1.95864E-18  3.3E-03
   7.00000E+03  5.94098E-19  1.39047E-20  3.41176E-20  1.68662E-18  3.1E-03
   8.00000E+03  5.23268E-19  1.09750E-20  2.70745E-20  1.48205E-18  4.8E-03
   9.00000E+03  4.67830E-19  8.90089E-21  2.20587E-20  1.32262E-18  3.5E-03
   1.00000E+04  4.23256E-19  7.37601E-21  1.83527E-20  1.19486E-18  4.4E-03
   1.25000E+04  3.45827E-19  4.94778E-21  1.24112E-20  9.64399E-19  2.2E-05
   1.50000E+04  2.90755E-19  3.56611E-21  9.00204E-21  8.10407E-19  3.4E-05
   1.75000E+04  2.51301E-19  2.70220E-21  6.85650E-21  7.00233E-19  3.2E-05
   2.00000E+04  2.21648E-19  2.12443E-21  5.41396E-21  6.17501E-19  1.7E-06
   2.50000E+04  1.80044E-19  1.42089E-21  3.64671E-21  5.01531E-19  1.8E-06
   3.00000E+04  1.52254E-19  1.02304E-21  2.64042E-21  4.24124E-19  2.9E-06
   3.50000E+04  1.32379E-19  7.75204E-22  2.01013E-21  3.68789E-19  2.3E-06
   4.00000E+04  1.17461E-19  6.09869E-22  1.58776E-21  3.27267E-19  2.7E-06
   4.50000E+04  1.05852E-19  4.93782E-22  1.29005E-21  2.94962E-19  3.1E-06
   5.00000E+04  9.65630E-20  4.08972E-22  1.07182E-21  2.69110E-19  3.3E-06
   6.00000E+04  8.26279E-20  2.95521E-22  7.78679E-22  2.30351E-19  3.3E-06
   7.00000E+04  7.26768E-20  2.24859E-22  5.95196E-22  2.02654E-19  4.3E-06
   8.00000E+04  6.52179E-20  1.77688E-22  4.72201E-22  1.81890E-19  3.7E-06
   9.00000E+04  5.94215E-20  1.44529E-22  3.85427E-22  1.65772E-19  4.1E-06
   1.00000E+05  5.47892E-20  1.20266E-22  3.21730E-22  1.52879E-19  4.4E-06
   1.25000E+05  4.64692E-20  8.17746E-23  2.20222E-22  1.29724E-19  1.1E-07
   1.50000E+05  4.09444E-20  5.99032E-23  1.62202E-22  1.14345E-19  4.8E-07
   1.75000E+05  3.70162E-20  4.61839E-23  1.25628E-22  1.03410E-19  1.0E-07
   2.00000E+05  3.40852E-20  3.69559E-23  1.00923E-22  9.52501E-20  1.2E-07
   2.50000E+05  3.00158E-20  2.55952E-23  7.03506E-23  8.39205E-20  1.0E-07
   3.00000E+05  2.73371E-20  1.90513E-23  5.26319E-23  7.64636E-20  2.6E-05
   3.50000E+05  2.54500E-20  1.48915E-23  4.13109E-23  7.12107E-20  3.1E-05
   4.00000E+05  2.40552E-20  1.20575E-23  3.35643E-23  6.73315E-20  2.2E-05
   4.50000E+05  2.29867E-20  1.00250E-23  2.79875E-23  6.43602E-20  4.1E-05
   5.00000E+05  2.21453E-20  8.50851E-24  2.38130E-23  6.20213E-20  1.2E-04
   6.00000E+05  2.09121E-20  6.41936E-24  1.80385E-23  5.85957E-20  7.0E-04
   7.00000E+05  2.00596E-20  5.06615E-24  1.42805E-23  5.62268E-20  2.8E-03
   8.00000E+05  1.94408E-20  4.12934E-24  1.16689E-23  5.45018E-20  8.4E-03
   9.00000E+05  1.89749E-20  3.44833E-24  9.76442E-24  5.31888E-20  2.1E-02
   1.00000E+06  1.86140E-20  2.93448E-24  8.32354E-24  5.21534E-20  4.7E-02
   1.25000E+06  1.79824E-20  2.08225E-24  5.92527E-24  0.00000E+00  8.9E-04
   1.50000E+06  1.76000E-20  1.56958E-24  4.47684E-24  0.00000E+00  9.4E-04
   1.75000E+06  1.73461E-20  1.23315E-24  3.52350E-24  0.00000E+00  9.7E-04
   2.00000E+06  1.71682E-20  9.98618E-25  2.85737E-24  0.00000E+00  1.0E-03
   2.50000E+06  1.69386E-20  6.98675E-25  2.00338E-24  0.00000E+00  6.0E-04
   3.00000E+06  1.68061E-20  5.19387E-25  1.49160E-24  0.00000E+00  6.1E-04
   3.50000E+06  1.67243E-20  4.02856E-25  1.15834E-24  0.00000E+00  6.3E-04
   4.00000E+06  1.66655E-20  3.22457E-25  9.28081E-25  0.00000E+00  6.4E-04
   4.50000E+06  1.66304E-20  2.64482E-25  7.61849E-25  0.00000E+00  6.4E-04
   5.00000E+06  1.66011E-20  2.21176E-25  6.37555E-25  0.00000E+00  6.5E-04
   6.00000E+06  1.65659E-20  1.61810E-25  4.66976E-25  0.00000E+00  6.6E-04
   7.00000E+06  1.65470E-20  1.23877E-25  3.57838E-25  0.00000E+00  6.7E-04
   8.00000E+06  1.65306E-20  9.80775E-26  2.83535E-25  0.00000E+00  6.7E-04
   9.00000E+06  1.65249E-20  7.97091E-26  2.30590E-25  0.00000E+00  6.8E-04
   1.00000E+07  1.65149E-20  6.61360E-26  1.91438E-25  0.00000E+00  6.8E-04
   1.25000E+07  1.65006E-20  4.43945E-26  1.28663E-25  0.00000E+00  6.9E-04
   1.50000E+07  1.64895E-20  3.19573E-26  9.27099E-26  0.00000E+00  6.9E-04
   1.75000E+07  1.64815E-20  2.41563E-26  7.01382E-26  0.00000E+00  7.0E-04
   2.00000E+07  1.64751E-20  1.89311E-26  5.50082E-26  0.00000E+00  7.0E-04
   2.50000E+07  1.64669E-20  1.25646E-26  3.65572E-26  0.00000E+00  7.0E-04
   3.00000E+07  1.64596E-20  8.96778E-27  2.61229E-26  0.00000E+00  7.0E-04
   3.50000E+07  1.64581E-20  6.73235E-27  1.96327E-26  0.00000E+00  7.1E-04
   4.00000E+07  1.64558E-20  5.24555E-27  1.53130E-26  0.00000E+00  7.1E-04
   4.50000E+07  1.64573E-20  4.20527E-27  1.22888E-26  0.00000E+00  7.1E-04
   5.00000E+07  1.64587E-20  3.44822E-27  1.00867E-26  0.00000E+00  7.1E-04
   6.00000E+07  1.64646E-20  2.44151E-27  7.15596E-27  0.00000E+00  7.1E-04
   7.00000E+07  1.64721E-20  1.82007E-27  5.34474E-27  0.00000E+00  7.1E-04
   8.00000E+07  1.64699E-20  1.40901E-27  4.14526E-27  0.00000E+00  7.1E-04
   9.00000E+07  1.64760E-20  1.12303E-27  3.30969E-27  0.00000E+00  7.1E-04
   1.00000E+08  1.64773E-20  9.15885E-28  2.70362E-27  0.00000E+00  7.1E-04
   1.25000E+08  1.64772E-20  5.93039E-28  1.75682E-27  0.00000E+00  7.9E-04
   1.50000E+08  1.64696E-20  4.14703E-28  1.23191E-27  0.00000E+00  9.4E-04
   1.75000E+08  1.64693E-20  3.06037E-28  9.10997E-28  0.00000E+00  1.1E-03
   2.00000E+08  1.64664E-20  2.35016E-28  7.00671E-28  0.00000E+00  1.3E-03
   2.50000E+08  1.64598E-20  1.50968E-28  4.51009E-28  0.00000E+00  1.6E-03
   3.00000E+08  1.64537E-20  1.05064E-28  3.14251E-28  0.00000E+00  1.9E-03
   3.50000E+08  1.64512E-20  7.72948E-29  2.31368E-28  0.00000E+00  5.4E-03
   4.00000E+08  1.64534E-20  5.92358E-29  1.77402E-28  0.00000E+00  9.0E-03
   4.50000E+08  1.64529E-20  4.68364E-29  1.40317E-28  0.00000E+00  8.6E-03
   5.00000E+08  1.64565E-20  3.79588E-29  1.13750E-28  0.00000E+00  1.0E+00
   6.00000E+08  1.64613E-20  2.63821E-29  7.90847E-29  0.00000E+00  1.0E+00
   7.00000E+08  1.64642E-20  1.93950E-29  5.81515E-29  0.00000E+00  1.0E+00
   8.00000E+08  1.64606E-20  1.48561E-29  4.45487E-29  0.00000E+00  1.0E+00
   9.00000E+08  1.64616E-20  1.17439E-29  3.52195E-29  0.00000E+00  1.0E+00
   1.00000E+09  1.64566E-20  9.51647E-30  2.85413E-29  0.00000E+00  1.0E+00
