v7.57(or 58)
#      E0  (eV)      Thinning   machine          events
 1.0e18      ( 2e-6, 2e4 )    lhcf            503      730.3
 1.0e18      (1e-5, 5e4)      vela/earth      539      730.5	

 7.45e17     (1e-5, 5e4)     lhcf             513	  724.7     
 5.62e17     (1e-5, 5e4)     aiu              569	  717.6
 4.22e17     (7.0e-6, 3.0e4)   aiu            578	  711.1     (4.27?)


 3.16e17     (2e-6, 2e4)      aiu             523	  708.4
 3.16e17     (1e-5, 5e4)       aiu            594	  709.9

 2.37e17    (4e-6, 4.e4)     lhcf             528	702.0
 1.778e17    (4e-6, 2e4)      lhcf             491      698.1

 1.33e17    (5.e-6, 2e4)      aiu             600	688.4
 1.0e17    (5e-6, 5e4)       vela/earth       425	678.5
 1.0e17     (2e-6, 1e4)      vela/earth       243       679 
 1.0e17     (2e-6, 1e4)      lhcf             *

------------------------------
v7.52
-------------------------------
1.78e17   7.0e-6, 2.0e4      lhcf             560        694.9
3.16217   5.0e-6, 2.0e4      aiu              374	707.0          
5.62e17	  5.0e-6, 5.0e4     vela/earth       446	722.4

   
	

 

