16.13 2 1.897
16.13 4 3.532
16.13 5 4.289
16.13 6 5.258
16.13 8 6.670
16.13 10 7.846
16.13 12 9.089
16.13 14 10.36
16.13 16 11.69
16.13 18 12.96
16.13 20 14.56
16.13 22 15.72
16.13 24 16.95
16.13 26 18.06
16.13 28 19.18
16.13 30 20.31
16.13 32 21.40
16.13 36 23.56
16.13 40 25.51
16.13 44 27.54
16.13 48 29.57
16.13 52 31.41
16.13 56 33.36
16.13 60 35.25
16.13 64 37.00
16.13 68 38.75
16.13 72 40.48
16.13 76 42.16
16.13 80 43.80
16.13 90 47.72
16.13 100 51.66
16.13 110 55.39
16.13 120 59.19
16.13 130 62.73
16.13 140 66.34
16.13 150 69.62
16.13 160 72.99
16.13 170 76.28
16.13 180 79.60
16.13 190 82.74
16.13 200 85.89
16.13 210 89.04
16.33 2 1.897
16.33 4 3.536
16.33 5 4.293
16.33 6 5.257
16.33 8 6.670
16.33 10 7.851
16.33 12 9.086
16.33 14 10.34
16.33 16 11.69
16.33 18 12.93
16.33 20 14.54
16.33 22 15.70
16.33 24 16.92
16.33 26 18.03
16.33 28 19.14
16.33 30 20.27
16.33 32 21.35
16.33 36 23.49
16.33 40 25.45
16.33 44 27.44
16.33 48 29.45
16.33 52 31.28
16.33 56 33.21
16.33 60 35.08
16.33 64 36.82
16.33 68 38.56
16.33 72 40.26
16.33 76 41.93
16.33 80 43.57
16.33 90 47.48
16.33 100 51.39
16.33 110 55.08
16.33 120 58.84
16.33 130 62.36
16.33 140 65.92
16.33 150 69.19
16.33 160 72.52
16.33 170 75.77
16.33 180 79.05
16.33 190 82.15
16.33 200 85.27
16.33 210 88.37
16.53 2 1.897
16.53 4 3.540
16.53 5 4.296
16.53 6 5.255
16.53 8 6.668
16.53 10 7.853
16.53 12 9.081
16.53 14 10.33
16.53 16 11.68
16.53 18 12.90
16.53 20 14.51
16.53 22 15.68
16.53 24 16.88
16.53 26 17.99
16.53 28 19.09
16.53 30 20.22
16.53 32 21.30
16.53 36 23.41
16.53 40 25.37
16.53 44 27.35
16.53 48 29.33
16.53 52 31.15
16.53 56 33.04
16.53 60 34.90
16.53 64 36.63
16.53 68 38.35
16.53 72 40.04
16.53 76 41.70
16.53 80 43.33
16.53 90 47.22
16.53 100 51.10
16.53 110 54.77
16.53 120 58.48
16.53 130 61.97
16.53 140 65.48
16.53 150 68.74
16.53 160 72.04
16.53 170 75.25
16.53 180 78.49
16.53 190 81.55
16.53 200 84.64
16.53 210 87.69
16.74 2 1.897
16.74 4 3.543
16.74 5 4.298
16.74 6 5.253
16.74 8 6.664
16.74 10 7.853
16.74 12 9.073
16.74 14 10.31
16.74 16 11.67
16.74 18 12.87
16.74 20 14.49
16.74 22 15.66
16.74 24 16.85
16.74 26 17.95
16.74 28 19.04
16.74 30 20.17
16.74 32 21.24
16.74 36 23.33
16.74 40 25.29
16.74 44 27.24
16.74 48 29.20
16.74 52 31.01
16.74 56 32.88
16.74 60 34.71
16.74 64 36.44
16.74 68 38.15
16.74 72 39.81
16.74 76 41.46
16.74 80 43.08
16.74 90 46.96
16.74 100 50.81
16.74 110 54.45
16.74 120 58.11
16.74 130 61.57
16.74 140 65.04
16.74 150 68.28
16.74 160 71.55
16.74 170 74.72
16.74 180 77.92
16.74 190 80.94
16.74 200 84.01
16.74 210 87.01
16.95 2 1.896
16.95 4 3.546
16.95 5 4.299
16.95 6 5.250
16.95 8 6.659
16.95 10 7.851
16.95 12 9.063
16.95 14 10.30
16.95 16 11.66
16.95 18 12.84
16.95 20 14.46
16.95 22 15.63
16.95 24 16.81
16.95 26 17.91
16.95 28 18.99
16.95 30 20.11
16.95 32 21.18
16.95 36 23.24
16.95 40 25.21
16.95 44 27.13
16.95 48 29.07
16.95 52 30.87
16.95 56 32.71
16.95 60 34.52
16.95 64 36.24
16.95 68 37.93
16.95 72 39.58
16.95 76 41.21
16.95 80 42.83
16.95 90 46.68
16.95 100 50.51
16.95 110 54.12
16.95 120 57.74
16.95 130 61.17
16.95 140 64.59
16.95 150 67.81
16.95 160 71.04
16.95 170 74.19
16.95 180 77.34
16.95 190 80.33
16.95 200 83.36
16.95 210 86.32
17.17 2 1.896
17.17 4 3.548
17.17 5 4.299
17.17 6 5.246
17.17 8 6.653
17.17 10 7.847
17.17 12 9.050
17.17 14 10.28
17.17 16 11.64
17.17 18 12.80
17.17 20 14.43
17.17 22 15.60
17.17 24 16.76
17.17 26 17.86
17.17 28 18.93
17.17 30 20.05
17.17 32 21.11
17.17 36 23.15
17.17 40 25.12
17.17 44 27.02
17.17 48 28.93
17.17 52 30.72
17.17 56 32.54
17.17 60 34.33
17.17 64 36.04
17.17 68 37.72
17.17 72 39.35
17.17 76 40.97
17.17 80 42.58
17.17 90 46.41
17.17 100 50.20
17.17 110 53.79
17.17 120 57.35
17.17 130 60.75
17.17 140 64.13
17.17 150 67.33
17.17 160 70.53
17.17 170 73.64
17.17 180 76.75
17.17 190 79.70
17.17 200 82.71
17.17 210 85.62
17.39 2 1.896
17.39 4 3.549
17.39 5 4.299
17.39 6 5.242
17.39 8 6.646
17.39 10 7.842
17.39 12 9.036
17.39 14 10.25
17.39 16 11.63
17.39 18 12.76
17.39 20 14.39
17.39 22 15.56
17.39 24 16.71
17.39 26 17.81
17.39 28 18.87
17.39 30 19.99
17.39 32 21.04
17.39 36 23.06
17.39 40 25.02
17.39 44 26.90
17.39 48 28.79
17.39 52 30.57
17.39 56 32.36
17.39 60 34.14
17.39 64 35.84
17.39 68 37.50
17.39 72 39.11
17.39 76 40.71
17.39 80 42.32
17.39 90 46.12
17.39 100 49.88
17.39 110 53.44
17.39 120 56.96
17.39 130 60.33
17.39 140 63.66
17.39 150 66.85
17.39 160 70.01
17.39 170 73.09
17.39 180 76.16
17.39 190 79.07
17.39 200 82.05
17.39 210 84.91
17.62 2 1.895
17.62 4 3.551
17.62 5 4.298
17.62 6 5.237
17.62 8 6.637
17.62 10 7.834
17.62 12 9.019
17.62 14 10.23
17.62 16 11.60
17.62 18 12.73
17.62 20 14.35
17.62 22 15.52
17.62 24 16.66
17.62 26 17.76
17.62 28 18.81
17.62 30 19.92
17.62 32 20.96
17.62 36 22.96
17.62 40 24.92
17.62 44 26.78
17.62 48 28.65
17.62 52 30.41
17.62 56 32.18
17.62 60 33.94
17.62 64 35.63
17.62 68 37.27
17.62 72 38.87
17.62 76 40.46
17.62 80 42.06
17.62 90 45.83
17.62 100 49.56
17.62 110 53.09
17.62 120 56.57
17.62 130 59.90
17.62 140 63.19
17.62 150 66.35
17.62 160 69.48
17.62 170 72.53
17.62 180 75.56
17.62 190 78.44
17.62 200 81.38
17.62 210 84.21
17.85 2 1.894
17.85 4 3.551
17.85 5 4.297
17.85 6 5.231
17.85 8 6.627
17.85 10 7.824
17.85 12 9.000
17.85 14 10.20
17.85 16 11.58
17.85 18 12.68
17.85 20 14.31
17.85 22 15.48
17.85 24 16.61
17.85 26 17.70
17.85 28 18.74
17.85 30 19.85
17.85 32 20.89
17.85 36 22.86
17.85 40 24.81
17.85 44 26.66
17.85 48 28.50
17.85 52 30.25
17.85 56 32.00
17.85 60 33.74
17.85 64 35.42
17.85 68 37.05
17.85 72 38.62
17.85 76 40.20
17.85 80 41.79
17.85 90 45.54
17.85 100 49.23
17.85 110 52.73
17.85 120 56.16
17.85 130 59.47
17.85 140 62.71
17.85 150 65.85
17.85 160 68.95
17.85 170 71.96
17.85 180 74.95
17.85 190 77.80
17.85 200 80.71
17.85 210 83.49
18.09 2 1.894
18.09 4 3.551
18.09 5 4.295
18.09 6 5.225
18.09 8 6.616
18.09 10 7.813
18.09 12 8.980
18.09 14 10.17
18.09 16 11.55
18.09 18 12.64
18.09 20 14.27
18.09 22 15.44
18.09 24 16.55
18.09 26 17.64
18.09 28 18.68
18.09 30 19.77
18.09 32 20.80
18.09 36 22.76
18.09 40 24.70
18.09 44 26.53
18.09 48 28.35
18.09 52 30.09
18.09 56 31.82
18.09 60 33.54
18.09 64 35.21
18.09 68 36.82
18.09 72 38.38
18.09 76 39.94
18.09 80 41.52
18.09 90 45.24
18.09 100 48.89
18.09 110 52.37
18.09 120 55.76
18.09 130 59.03
18.09 140 62.23
18.09 150 65.35
18.09 160 68.41
18.09 170 71.39
18.09 180 74.34
18.09 190 77.16
18.09 200 80.03
18.09 210 82.78
18.33 2 1.893
18.33 4 3.551
18.33 5 4.292
18.33 6 5.219
18.33 8 6.604
18.33 10 7.800
18.33 12 8.957
18.33 14 10.14
18.33 16 11.52
18.33 18 12.60
18.33 20 14.23
18.33 22 15.39
18.33 24 16.49
18.33 26 17.57
18.33 28 18.60
18.33 30 19.69
18.33 32 20.71
18.33 36 22.65
18.33 40 24.59
18.33 44 26.39
18.33 48 28.20
18.33 52 29.93
18.33 56 31.64
18.33 60 33.33
18.33 64 35.00
18.33 68 36.58
18.33 72 38.13
18.33 76 39.68
18.33 80 41.25
18.33 90 44.93
18.33 100 48.55
18.33 110 52.00
18.33 120 55.35
18.33 130 58.58
18.33 140 61.75
18.33 150 64.83
18.33 160 67.86
18.33 170 70.81
18.33 180 73.73
18.33 190 76.51
18.33 200 79.35
18.33 210 82.06
18.58 2 1.892
18.58 4 3.551
18.58 5 4.289
18.58 6 5.212
18.58 8 6.592
18.58 10 7.785
18.58 12 8.933
18.58 14 10.11
18.58 16 11.49
18.58 18 12.55
18.58 20 14.18
18.58 22 15.34
18.58 24 16.43
18.58 26 17.51
18.58 28 18.53
18.58 30 19.61
18.58 32 20.62
18.58 36 22.54
18.58 40 24.47
18.58 44 26.26
18.58 48 28.04
18.58 52 29.76
18.58 56 31.45
18.58 60 33.12
18.58 64 34.78
18.58 68 36.35
18.58 72 37.88
18.58 76 39.42
18.58 80 40.98
18.58 90 44.63
18.58 100 48.20
18.58 110 51.62
18.58 120 54.93
18.58 130 58.13
18.58 140 61.26
18.58 150 64.32
18.58 160 67.31
18.58 170 70.23
18.58 180 73.11
18.58 190 75.86
18.58 200 78.67
18.58 210 81.35
18.83 2 1.891
18.83 4 3.550
18.83 5 4.285
18.83 6 5.204
18.83 8 6.578
18.83 10 7.769
18.83 12 8.907
18.83 14 10.07
18.83 16 11.46
18.83 18 12.51
18.83 20 14.14
18.83 22 15.28
18.83 24 16.37
18.83 26 17.44
18.83 28 18.45
18.83 30 19.52
18.83 32 20.53
18.83 36 22.43
18.83 40 24.35
18.83 44 26.12
18.83 48 27.88
18.83 52 29.59
18.83 56 31.26
18.83 60 32.92
18.83 64 34.56
18.83 68 36.11
18.83 72 37.63
18.83 76 39.15
18.83 80 40.70
18.83 90 44.31
18.83 100 47.86
18.83 110 51.24
18.83 120 54.51
18.83 130 57.67
18.83 140 60.77
18.83 150 63.80
18.83 160 66.76
18.83 170 69.65
18.83 180 72.49
18.83 190 75.21
18.83 200 77.99
18.83 210 80.63
19.09 2 1.890
19.09 4 3.548
19.09 5 4.281
19.09 6 5.196
19.09 8 6.563
19.09 10 7.751
19.09 12 8.880
19.09 14 10.04
19.09 16 11.42
19.09 18 12.46
19.09 20 14.09
19.09 22 15.23
19.09 24 16.30
19.09 26 17.36
19.09 28 18.37
19.09 30 19.44
19.09 32 20.43
19.09 36 22.32
19.09 40 24.23
19.09 44 25.98
19.09 48 27.72
19.09 52 29.42
19.09 56 31.07
19.09 60 32.71
19.09 64 34.34
19.09 68 35.87
19.09 72 37.37
19.09 76 38.88
19.09 80 40.42
19.09 90 44.00
19.09 100 47.50
19.09 110 50.86
19.09 120 54.09
19.09 130 57.22
19.09 140 60.27
19.09 150 63.27
19.09 160 66.20
19.09 170 69.06
19.09 180 71.87
19.09 190 74.55
19.09 200 77.30
19.09 210 79.91
19.36 2 1.889
19.36 4 3.546
19.36 5 4.276
19.36 6 5.188
19.36 8 6.547
19.36 10 7.732
19.36 12 8.851
19.36 14 10.00
19.36 16 11.38
19.36 18 12.41
19.36 20 14.04
19.36 22 15.17
19.36 24 16.24
19.36 26 17.29
19.36 28 18.29
19.36 30 19.35
19.36 32 20.34
19.36 36 22.21
19.36 40 24.10
19.36 44 25.83
19.36 48 27.56
19.36 52 29.24
19.36 56 30.88
19.36 60 32.50
19.36 64 34.11
19.36 68 35.64
19.36 72 37.12
19.36 76 38.61
19.36 80 40.14
19.36 90 43.68
19.36 100 47.15
19.36 110 50.47
19.36 120 53.67
19.36 130 56.76
19.36 140 59.78
19.36 150 62.75
19.36 160 65.64
19.36 170 68.48
19.36 180 71.24
19.36 190 73.90
19.36 200 76.61
19.36 210 79.19
19.63 2 1.888
19.63 4 3.544
19.63 5 4.271
19.63 6 5.179
19.63 8 6.531
19.63 10 7.712
19.63 12 8.821
19.63 14 9.964
19.63 16 11.34
19.63 18 12.36
19.63 20 13.99
19.63 22 15.11
19.63 24 16.17
19.63 26 17.21
19.63 28 18.21
19.63 30 19.25
19.63 32 20.23
19.63 36 22.09
19.63 40 23.97
19.63 44 25.68
19.63 48 27.39
19.63 52 29.07
19.63 56 30.68
19.63 60 32.28
19.63 64 33.89
19.63 68 35.39
19.63 72 36.87
19.63 76 38.35
19.63 80 39.86
19.63 90 43.36
19.63 100 46.79
19.63 110 50.08
19.63 120 53.24
19.63 130 56.29
19.63 140 59.28
19.63 150 62.22
19.63 160 65.08
19.63 170 67.89
19.63 180 70.62
19.63 190 73.25
19.63 200 75.93
19.63 210 78.47
19.90 2 1.887
19.90 4 3.542
19.90 5 4.265
19.90 6 5.170
19.90 8 6.514
19.90 10 7.691
19.90 12 8.790
19.90 14 9.924
19.90 16 11.30
19.90 18 12.31
19.90 20 13.93
19.90 22 15.05
19.90 24 16.10
19.90 26 17.14
19.90 28 18.13
19.90 30 19.16
19.90 32 20.13
19.90 36 21.97
19.90 40 23.84
19.90 44 25.54
19.90 48 27.23
19.90 52 28.89
19.90 56 30.49
19.90 60 32.07
19.90 64 33.67
19.90 68 35.15
19.90 72 36.61
19.90 76 38.08
19.90 80 39.58
19.90 90 43.04
19.90 100 46.43
19.90 110 49.69
19.90 120 52.82
19.90 130 55.83
19.90 140 58.78
19.90 150 61.69
19.90 160 64.52
19.90 170 67.30
19.90 180 69.99
19.90 190 72.59
19.90 200 75.24
19.90 210 77.76
20.18 2 1.885
20.18 4 3.539
20.18 5 4.259
20.18 6 5.161
20.18 8 6.496
20.18 10 7.668
20.18 12 8.757
20.18 14 9.884
20.18 16 11.25
20.18 18 12.26
20.18 20 13.88
20.18 22 14.99
20.18 24 16.02
20.18 26 17.06
20.18 28 18.04
20.18 30 19.06
20.18 32 20.02
20.18 36 21.86
20.18 40 23.70
20.18 44 25.39
20.18 48 27.06
20.18 52 28.71
20.18 56 30.30
20.18 60 31.86
20.18 64 33.44
20.18 68 34.91
20.18 72 36.36
20.18 76 37.81
20.18 80 39.29
20.18 90 42.71
20.18 100 46.06
20.18 110 49.30
20.18 120 52.39
20.18 130 55.36
20.18 140 58.28
20.18 150 61.15
20.18 160 63.95
20.18 170 66.70
20.18 180 69.37
20.18 190 71.94
20.18 200 74.55
20.18 210 77.04
20.47 2 1.884
20.47 4 3.536
20.47 5 4.253
20.47 6 5.151
20.47 8 6.478
20.47 10 7.644
20.47 12 8.723
20.47 14 9.842
20.47 16 11.21
20.47 18 12.21
20.47 20 13.83
20.47 22 14.92
20.47 24 15.95
20.47 26 16.97
20.47 28 17.95
20.47 30 18.96
20.47 32 19.92
20.47 36 21.74
20.47 40 23.57
20.47 44 25.23
20.47 48 26.89
20.47 52 28.53
20.47 56 30.10
20.47 60 31.65
20.47 64 33.21
20.47 68 34.67
20.47 72 36.10
20.47 76 37.54
20.47 80 39.01
20.47 90 42.39
20.47 100 45.70
20.47 110 48.90
20.47 120 51.96
20.47 130 54.89
20.47 140 57.78
20.47 150 60.62
20.47 160 63.39
20.47 170 66.11
20.47 180 68.74
20.47 190 71.29
20.47 200 73.87
20.47 210 76.33
20.76 2 1.883
20.76 4 3.533
20.76 5 4.246
20.76 6 5.141
20.76 8 6.459
20.76 10 7.619
20.76 12 8.688
20.76 14 9.800
20.76 16 11.16
20.76 18 12.16
20.76 20 13.77
20.76 22 14.86
20.76 24 15.87
20.76 26 16.89
20.76 28 17.86
20.76 30 18.87
20.76 32 19.81
20.76 36 21.61
20.76 40 23.43
20.76 44 25.08
20.76 48 26.72
20.76 52 28.35
20.76 56 29.91
20.76 60 31.43
20.76 64 32.99
20.76 68 34.42
20.76 72 35.85
20.76 76 37.27
20.76 80 38.73
20.76 90 42.06
20.76 100 45.33
20.76 110 48.50
20.76 120 51.53
20.76 130 54.43
20.76 140 57.28
20.76 150 60.08
20.76 160 62.82
20.76 170 65.52
20.76 180 68.12
20.76 190 70.64
20.76 200 73.19
20.76 210 75.63
21.05 2 1.881
21.05 4 3.529
21.05 5 4.239
21.05 6 5.130
21.05 8 6.439
21.05 10 7.594
21.05 12 8.653
21.05 14 9.756
21.05 16 11.11
21.05 18 12.11
21.05 20 13.71
21.05 22 14.79
21.05 24 15.80
21.05 26 16.81
21.05 28 17.77
21.05 30 18.76
21.05 32 19.69
21.05 36 21.49
21.05 40 23.29
21.05 44 24.93
21.05 48 26.55
21.05 52 28.17
21.05 56 29.71
21.05 60 31.22
21.05 64 32.76
21.05 68 34.18
21.05 72 35.59
21.05 76 37.00
21.05 80 38.44
21.05 90 41.73
21.05 100 44.97
21.05 110 48.11
21.05 120 51.10
21.05 130 53.96
21.05 140 56.79
21.05 150 59.55
21.05 160 62.25
21.05 170 64.93
21.05 180 67.50
21.05 190 69.99
21.05 200 72.51
21.05 210 74.92
21.35 2 1.880
21.35 4 3.525
21.35 5 4.231
21.35 6 5.120
21.35 8 6.419
21.35 10 7.567
21.35 12 8.616
21.35 14 9.712
21.35 16 11.06
21.35 18 12.05
21.35 20 13.65
21.35 22 14.72
21.35 24 15.72
21.35 26 16.72
21.35 28 17.68
21.35 30 18.66
21.35 32 19.58
21.35 36 21.37
21.35 40 23.14
21.35 44 24.77
21.35 48 26.37
21.35 52 27.99
21.35 56 29.51
21.35 60 31.01
21.35 64 32.53
21.35 68 33.94
21.35 72 35.34
21.35 76 36.73
21.35 80 38.16
21.35 90 41.41
21.35 100 44.60
21.35 110 47.71
21.35 120 50.67
21.35 130 53.49
21.35 140 56.29
21.35 150 59.02
21.35 160 61.69
21.35 170 64.34
21.35 180 66.88
21.35 190 69.35
21.35 200 71.83
21.35 210 74.22
21.66 2 1.878
21.66 4 3.521
21.66 5 4.223
21.66 6 5.109
21.66 8 6.398
21.66 10 7.540
21.66 12 8.578
21.66 14 9.666
21.66 16 11.01
21.66 18 12.00
21.66 20 13.60
21.66 22 14.65
21.66 24 15.64
21.66 26 16.63
21.66 28 17.59
21.66 30 18.56
21.66 32 19.47
21.66 36 21.25
21.66 40 23.00
21.66 44 24.61
21.66 48 26.20
21.66 52 27.81
21.66 56 29.32
21.66 60 30.80
21.66 64 32.30
21.66 68 33.70
21.66 72 35.08
21.66 76 36.46
21.66 80 37.88
21.66 90 41.08
21.66 100 44.23
21.66 110 47.31
21.66 120 50.25
21.66 130 53.02
21.66 140 55.79
21.66 150 58.48
21.66 160 61.12
21.66 170 63.76
21.66 180 66.26
21.66 190 68.71
21.66 200 71.15
21.66 210 73.52
21.97 2 1.877
21.97 4 3.517
21.97 5 4.215
21.97 6 5.098
21.97 8 6.377
21.97 10 7.511
21.97 12 8.540
21.97 14 9.621
21.97 16 10.96
21.97 18 11.94
21.97 20 13.54
21.97 22 14.58
21.97 24 15.56
21.97 26 16.54
21.97 28 17.50
21.97 30 18.45
21.97 32 19.35
21.97 36 21.12
21.97 40 22.85
21.97 44 24.45
21.97 48 26.03
21.97 52 27.63
21.97 56 29.12
21.97 60 30.59
21.97 64 32.08
21.97 68 33.45
21.97 72 34.83
21.97 76 36.19
21.97 80 37.59
21.97 90 40.75
21.97 100 43.86
21.97 110 46.91
21.97 120 49.82
21.97 130 52.55
21.97 140 55.30
21.97 150 57.95
21.97 160 60.56
21.97 170 63.17
21.97 180 65.65
21.97 190 68.07
21.97 200 70.48
21.97 210 72.83
22.29 2 1.875
22.29 4 3.513
22.29 5 4.207
22.29 6 5.086
22.29 8 6.355
22.29 10 7.482
22.29 12 8.501
22.29 14 9.574
22.29 16 10.90
22.29 18 11.89
22.29 20 13.48
22.29 22 14.51
22.29 24 15.48
22.29 26 16.45
22.29 28 17.40
22.29 30 18.35
22.29 32 19.23
22.29 36 21.00
22.29 40 22.71
22.29 44 24.30
22.29 48 25.85
22.29 52 27.44
22.29 56 28.93
22.29 60 30.37
22.29 64 31.85
22.29 68 33.21
22.29 72 34.58
22.29 76 35.93
22.29 80 37.31
22.29 90 40.42
22.29 100 43.49
22.29 110 46.51
22.29 120 49.39
22.29 130 52.09
22.29 140 54.81
22.29 150 57.42
22.29 160 60.00
22.29 170 62.59
22.29 180 65.04
22.29 190 67.44
22.29 200 69.81
22.29 210 72.14
22.61 2 1.874
22.61 4 3.508
22.61 5 4.198
22.61 6 5.075
22.61 8 6.333
22.61 10 7.453
22.61 12 8.461
22.61 14 9.527
22.61 16 10.85
22.61 18 11.83
22.61 20 13.42
22.61 22 14.44
22.61 24 15.40
22.61 26 16.36
22.61 28 17.31
22.61 30 18.24
22.61 32 19.12
22.61 36 20.87
22.61 40 22.56
22.61 44 24.14
22.61 48 25.68
22.61 52 27.26
22.61 56 28.74
22.61 60 30.16
22.61 64 31.63
22.61 68 32.97
22.61 72 34.33
22.61 76 35.66
22.61 80 37.03
22.61 90 40.10
22.61 100 43.13
22.61 110 46.11
22.61 120 48.97
22.61 130 51.62
22.61 140 54.32
22.61 150 56.89
22.61 160 59.44
22.61 170 62.01
22.61 180 64.43
22.61 190 66.80
22.61 200 69.15
22.61 210 71.46
22.94 2 1.872
22.94 4 3.503
22.94 5 4.189
22.94 6 5.063
22.94 8 6.310
22.94 10 7.422
22.94 12 8.420
22.94 14 9.479
22.94 16 10.79
22.94 18 11.78
22.94 20 13.35
22.94 22 14.36
22.94 24 15.31
22.94 26 16.27
22.94 28 17.21
22.94 30 18.13
22.94 32 19.00
22.94 36 20.75
22.94 40 22.41
22.94 44 23.98
22.94 48 25.51
22.94 52 27.08
22.94 56 28.54
22.94 60 29.95
22.94 64 31.40
22.94 68 32.73
22.94 72 34.08
22.94 76 35.40
22.94 80 36.75
22.94 90 39.77
22.94 100 42.76
22.94 110 45.71
22.94 120 48.55
22.94 130 51.16
22.94 140 53.83
22.94 150 56.36
22.94 160 58.89
22.94 170 61.43
22.94 180 63.82
22.94 190 66.18
22.94 200 68.49
22.94 210 70.78
23.27 2 1.870
23.27 4 3.498
23.27 5 4.180
23.27 6 5.051
23.27 8 6.288
23.27 10 7.391
23.27 12 8.379
23.27 14 9.431
23.27 16 10.74
23.27 18 11.72
23.27 20 13.29
23.27 22 14.29
23.27 24 15.23
23.27 26 16.18
23.27 28 17.12
23.27 30 18.02
23.27 32 18.88
23.27 36 20.62
23.27 40 22.26
23.27 44 23.82
23.27 48 25.33
23.27 52 26.90
23.27 56 28.35
23.27 60 29.75
23.27 64 31.18
23.27 68 32.49
23.27 72 33.83
23.27 76 35.14
23.27 80 36.47
23.27 90 39.44
23.27 100 42.39
23.27 110 45.32
23.27 120 48.12
23.27 130 50.70
23.27 140 53.34
23.27 150 55.84
23.27 160 58.33
23.27 170 60.86
23.27 180 63.22
23.27 190 65.56
23.27 200 67.83
23.27 210 70.11
23.61 2 1.869
23.61 4 3.493
23.61 5 4.171
23.61 6 5.039
23.61 8 6.265
23.61 10 7.360
23.61 12 8.337
23.61 14 9.382
23.61 16 10.68
23.61 18 11.67
23.61 20 13.23
23.61 22 14.21
23.61 24 15.15
23.61 26 16.09
23.61 28 17.02
23.61 30 17.92
23.61 32 18.76
23.61 36 20.49
23.61 40 22.11
23.61 44 23.66
23.61 48 25.16
23.61 52 26.72
23.61 56 28.16
23.61 60 29.54
23.61 64 30.95
23.61 68 32.25
23.61 72 33.59
23.61 76 34.87
23.61 80 36.19
23.61 90 39.12
23.61 100 42.03
23.61 110 44.92
23.61 120 47.70
23.61 130 50.24
23.61 140 52.86
23.61 150 55.32
23.61 160 57.78
23.61 170 60.29
23.61 180 62.63
23.61 190 64.94
23.61 200 67.18
23.61 210 69.45
23.95 2 1.867
23.95 4 3.487
23.95 5 4.161
23.95 6 5.027
23.95 8 6.241
23.95 10 7.328
23.95 12 8.295
23.95 14 9.333
23.95 16 10.62
23.95 18 11.61
23.95 20 13.17
23.95 22 14.14
23.95 24 15.06
23.95 26 15.99
23.95 28 16.92
23.95 30 17.81
23.95 32 18.64
23.95 36 20.37
23.95 40 21.96
23.95 44 23.50
23.95 48 24.99
23.95 52 26.53
23.95 56 27.97
23.95 60 29.33
23.95 64 30.73
23.95 68 32.02
23.95 72 33.34
23.95 76 34.61
23.95 80 35.92
23.95 90 38.79
23.95 100 41.67
23.95 110 44.53
23.95 120 47.29
23.95 130 49.78
23.95 140 52.38
23.95 150 54.80
23.95 160 57.23
23.95 170 59.72
23.95 180 62.03
23.95 190 64.33
23.95 200 66.54
23.95 210 68.79
24.30 2 1.865
24.30 4 3.482
24.30 5 4.151
24.30 6 5.015
24.30 8 6.218
24.30 10 7.295
24.30 12 8.253
24.30 14 9.284
24.30 16 10.56
24.30 18 11.56
24.30 20 13.10
24.30 22 14.06
24.30 24 14.98
24.30 26 15.90
24.30 28 16.83
24.30 30 17.70
24.30 32 18.52
24.30 36 20.24
24.30 40 21.81
24.30 44 23.34
24.30 48 24.82
24.30 52 26.35
24.30 56 27.78
24.30 60 29.13
24.30 64 30.51
24.30 68 31.78
24.30 72 33.10
24.30 76 34.36
24.30 80 35.64
24.30 90 38.47
24.30 100 41.30
24.30 110 44.14
24.30 120 46.87
24.30 130 49.33
24.30 140 51.91
24.30 150 54.28
24.30 160 56.69
24.30 170 59.16
24.30 180 61.45
24.30 190 63.72
24.30 200 65.90
24.30 210 68.13
24.65 2 1.863
24.65 4 3.476
24.65 5 4.141
24.65 6 5.003
24.65 8 6.194
24.65 10 7.263
24.65 12 8.210
24.65 14 9.235
24.65 16 10.51
24.65 18 11.50
24.65 20 13.04
24.65 22 13.98
24.65 24 14.90
24.65 26 15.81
24.65 28 16.73
24.65 30 17.59
24.65 32 18.40
24.65 36 20.12
24.65 40 21.66
24.65 44 23.18
24.65 48 24.64
24.65 52 26.17
24.65 56 27.59
24.65 60 28.92
24.65 64 30.29
24.65 68 31.55
24.65 72 32.86
24.65 76 34.10
24.65 80 35.37
24.65 90 38.15
24.65 100 40.94
24.65 110 43.75
24.65 120 46.46
24.65 130 48.87
24.65 140 51.43
24.65 150 53.77
24.65 160 56.15
24.65 170 58.60
24.65 180 60.86
24.65 190 63.11
24.65 200 65.26
24.65 210 67.49
25.01 2 1.862
25.01 4 3.470
25.01 5 4.131
25.01 6 4.990
25.01 8 6.170
25.01 10 7.229
25.01 12 8.167
25.01 14 9.185
25.01 16 10.45
25.01 18 11.45
25.01 20 12.98
25.01 22 13.90
25.01 24 14.81
25.01 26 15.71
25.01 28 16.63
25.01 30 17.48
25.01 32 18.28
25.01 36 19.99
25.01 40 21.51
25.01 44 23.02
25.01 48 24.47
25.01 52 25.99
25.01 56 27.40
25.01 60 28.72
25.01 64 30.07
25.01 68 31.31
25.01 72 32.62
25.01 76 33.85
25.01 80 35.10
25.01 90 37.83
25.01 100 40.58
25.01 110 43.36
25.01 120 46.05
25.01 130 48.42
25.01 140 50.96
25.01 150 53.26
25.01 160 55.61
25.01 170 58.04
25.01 180 60.28
25.01 190 62.52
25.01 200 64.63
25.01 210 66.84
25.38 2 1.860
25.38 4 3.464
25.38 5 4.121
25.38 6 4.978
25.38 8 6.145
25.38 10 7.196
25.38 12 8.123
25.38 14 9.135
25.38 16 10.39
25.38 18 11.39
25.38 20 12.92
25.38 22 13.83
25.38 24 14.73
25.38 26 15.62
25.38 28 16.54
25.38 30 17.37
25.38 32 18.15
25.38 36 19.87
25.38 40 21.36
25.38 44 22.86
25.38 48 24.30
25.38 52 25.82
25.38 56 27.22
25.38 60 28.52
25.38 64 29.85
25.38 68 31.08
25.38 72 32.38
25.38 76 33.60
25.38 80 34.83
25.38 90 37.51
25.38 100 40.23
25.38 110 42.97
25.38 120 45.64
25.38 130 47.98
25.38 140 50.50
25.38 150 52.75
25.38 160 55.08
25.38 170 57.49
25.38 180 59.71
25.38 190 61.93
25.38 200 64.01
25.38 210 66.21
26.18 2 1.866
26.18 4 3.458
26.18 5 4.084
26.18 6 4.957
26.18 8 6.111
26.18 10 7.145
26.18 12 8.122
26.18 14 9.103
26.18 16 10.33
26.18 18 11.28
26.18 20 12.77
26.18 22 13.71
26.18 24 14.60
26.18 26 15.48
26.18 28 16.33
26.18 30 17.16
26.18 32 17.97
26.18 36 19.58
26.18 40 21.12
26.18 44 22.56
26.18 48 24.01
26.18 52 25.38
26.18 56 26.66
26.18 60 28.03
26.18 64 29.28
26.18 68 30.53
26.18 72 31.69
26.18 76 32.91
26.18 80 34.11
26.18 90 36.80
26.18 100 39.50
26.18 110 42.09
26.18 120 44.62
26.18 130 47.05
26.18 140 49.53
26.18 150 51.80
26.18 160 54.09
26.18 170 56.26
26.18 180 58.43
26.18 190 60.49
26.18 200 62.55
26.18 210 64.67
26.68 2 1.867
26.68 4 3.447
26.68 5 4.068
26.68 6 4.940
26.68 8 6.079
26.68 10 7.110
26.68 12 8.076
26.68 14 9.048
26.68 16 10.27
26.68 18 11.20
26.68 20 12.68
26.68 22 13.62
26.68 24 14.48
26.68 26 15.36
26.68 28 16.20
26.68 30 17.02
26.68 32 17.82
26.68 36 19.41
26.68 40 20.94
26.68 44 22.36
26.68 48 23.78
26.68 52 25.13
26.68 56 26.39
26.68 60 27.75
26.68 64 28.97
26.68 68 30.21
26.68 72 31.35
26.68 76 32.54
26.68 80 33.72
26.68 90 36.38
26.68 100 39.04
26.68 110 41.59
26.68 120 44.08
26.68 130 46.48
26.68 140 48.92
26.68 150 51.16
26.68 160 53.41
26.68 170 55.55
26.68 180 57.69
26.68 190 59.71
26.68 200 61.74
26.68 210 63.82
27.18 2 1.867
27.18 4 3.436
27.18 5 4.051
27.18 6 4.923
27.18 8 6.048
27.18 10 7.074
27.18 12 8.028
27.18 14 8.992
27.18 16 10.20
27.18 18 11.13
27.18 20 12.60
27.18 22 13.52
27.18 24 14.37
27.18 26 15.24
27.18 28 16.07
27.18 30 16.88
27.18 32 17.68
27.18 36 19.24
27.18 40 20.76
27.18 44 22.16
27.18 48 23.55
27.18 52 24.88
27.18 56 26.12
27.18 60 27.47
27.18 64 28.67
27.18 68 29.88
27.18 72 31.01
27.18 76 32.18
27.18 80 33.33
27.18 90 35.96
27.18 100 38.58
27.18 110 41.10
27.18 120 43.55
27.18 130 45.92
27.18 140 48.32
27.18 150 50.52
27.18 160 52.73
27.18 170 54.84
27.18 180 56.95
27.18 190 58.93
27.18 200 60.93
27.18 210 62.98
27.69 2 1.867
27.69 4 3.425
27.69 5 4.035
27.69 6 4.906
27.69 8 6.017
27.69 10 7.038
27.69 12 7.981
27.69 14 8.936
27.69 16 10.14
27.69 18 11.05
27.69 20 12.51
27.69 22 13.42
27.69 24 14.26
27.69 26 15.12
27.69 28 15.94
27.69 30 16.74
27.69 32 17.53
27.69 36 19.07
27.69 40 20.57
27.69 44 21.96
27.69 48 23.32
27.69 52 24.63
27.69 56 25.85
27.69 60 27.19
27.69 64 28.37
27.69 68 29.56
27.69 72 30.67
27.69 76 31.81
27.69 80 32.95
27.69 90 35.54
27.69 100 38.12
27.69 110 40.61
27.69 120 43.02
27.69 130 45.36
27.69 140 47.72
27.69 150 49.88
27.69 160 52.06
27.69 170 54.13
27.69 180 56.22
27.69 190 58.16
27.69 200 60.13
27.69 210 62.14
28.21 2 1.867
28.21 4 3.413
28.21 5 4.019
28.21 6 4.889
28.21 8 5.986
28.21 10 7.002
28.21 12 7.932
28.21 14 8.879
28.21 16 10.07
28.21 18 10.97
28.21 20 12.42
28.21 22 13.32
28.21 24 14.14
28.21 26 15.00
28.21 28 15.81
28.21 30 16.60
28.21 32 17.38
28.21 36 18.90
28.21 40 20.39
28.21 44 21.75
28.21 48 23.09
28.21 52 24.38
28.21 56 25.59
28.21 60 26.91
28.21 64 28.06
28.21 68 29.24
28.21 72 30.33
28.21 76 31.46
28.21 80 32.57
28.21 90 35.13
28.21 100 37.67
28.21 110 40.13
28.21 120 42.50
28.21 130 44.81
28.21 140 47.12
28.21 150 49.25
28.21 160 51.40
28.21 170 53.44
28.21 180 55.50
28.21 190 57.40
28.21 200 59.34
28.21 210 61.32
28.74 2 1.866
28.74 4 3.402
28.74 5 4.003
28.74 6 4.871
28.74 8 5.956
28.74 10 6.965
28.74 12 7.883
28.74 14 8.821
28.74 16 10.00
28.74 18 10.89
28.74 20 12.33
28.74 22 13.22
28.74 24 14.03
28.74 26 14.88
28.74 28 15.68
28.74 30 16.46
28.74 32 17.23
28.74 36 18.74
28.74 40 20.20
28.74 44 21.55
28.74 48 22.86
28.74 52 24.13
28.74 56 25.32
28.74 60 26.63
28.74 64 27.76
28.74 68 28.92
28.74 72 30.00
28.74 76 31.10
28.74 80 32.19
28.74 90 34.72
28.74 100 37.23
28.74 110 39.65
28.74 120 41.98
28.74 130 44.26
28.74 140 46.53
28.74 150 48.63
28.74 160 50.74
28.74 170 52.75
28.74 180 54.78
28.74 190 56.65
28.74 200 58.55
28.74 210 60.50
29.28 2 1.865
29.28 4 3.391
29.28 5 3.987
29.28 6 4.854
29.28 8 5.926
29.28 10 6.929
29.28 12 7.834
29.28 14 8.763
29.28 16 9.937
29.28 18 10.81
29.28 20 12.25
29.28 22 13.12
29.28 24 13.92
29.28 26 14.76
29.28 28 15.56
29.28 30 16.32
29.28 32 17.09
29.28 36 18.57
29.28 40 20.02
29.28 44 21.35
29.28 48 22.64
29.28 52 23.88
29.28 56 25.06
29.28 60 26.35
29.28 64 27.47
29.28 68 28.60
29.28 72 29.66
29.28 76 30.75
29.28 80 31.82
29.28 90 34.32
29.28 100 36.79
29.28 110 39.17
29.28 120 41.47
29.28 130 43.72
29.28 140 45.95
29.28 150 48.02
29.28 160 50.09
29.28 170 52.07
29.28 180 54.07
29.28 190 55.91
29.28 200 57.78
29.28 210 59.69
29.82 2 1.863
29.82 4 3.380
29.82 5 3.972
29.82 6 4.836
29.82 8 5.897
29.82 10 6.892
29.82 12 7.784
29.82 14 8.705
29.82 16 9.869
29.82 18 10.73
29.82 20 12.16
29.82 22 13.02
29.82 24 13.81
29.82 26 14.64
29.82 28 15.43
29.82 30 16.18
29.82 32 16.94
29.82 36 18.40
29.82 40 19.83
29.82 44 21.14
29.82 48 22.41
29.82 52 23.64
29.82 56 24.80
29.82 60 26.07
29.82 64 27.17
29.82 68 28.29
29.82 72 29.33
29.82 76 30.40
29.82 80 31.45
29.82 90 33.92
29.82 100 36.35
29.82 110 38.70
29.82 120 40.96
29.82 130 43.18
29.82 140 45.37
29.82 150 47.41
29.82 160 49.45
29.82 170 51.39
29.82 180 53.37
29.82 190 55.17
29.82 200 57.02
29.82 210 58.90
30.38 2 1.862
30.38 4 3.369
30.38 5 3.956
30.38 6 4.819
30.38 8 5.868
30.38 10 6.856
30.38 12 7.733
30.38 14 8.646
30.38 16 9.801
30.38 18 10.65
30.38 20 12.07
30.38 22 12.93
30.38 24 13.70
30.38 26 14.52
30.38 28 15.30
30.38 30 16.04
30.38 32 16.79
30.38 36 18.23
30.38 40 19.65
30.38 44 20.94
30.38 48 22.19
30.38 52 23.39
30.38 56 24.54
30.38 60 25.80
30.38 64 26.88
30.38 68 27.98
30.38 72 29.01
30.38 76 30.05
30.38 80 31.08
30.38 90 33.53
30.38 100 35.92
30.38 110 38.23
30.38 120 40.46
30.38 130 42.65
30.38 140 44.80
30.38 150 46.81
30.38 160 48.82
30.38 170 50.73
30.38 180 52.68
30.38 190 54.44
30.38 200 56.26
30.38 210 58.11
30.94 2 1.860
30.94 4 3.358
30.94 5 3.941
30.94 6 4.802
30.94 8 5.840
30.94 10 6.819
30.94 12 7.683
30.94 14 8.588
30.94 16 9.733
30.94 18 10.57
30.94 20 11.98
30.94 22 12.83
30.94 24 13.59
30.94 26 14.40
30.94 28 15.17
30.94 30 15.90
30.94 32 16.65
30.94 36 18.07
30.94 40 19.46
30.94 44 20.74
30.94 48 21.96
30.94 52 23.15
30.94 56 24.29
30.94 60 25.52
30.94 64 26.58
30.94 68 27.67
30.94 72 28.68
30.94 76 29.71
30.94 80 30.72
30.94 90 33.13
30.94 100 35.49
30.94 110 37.77
30.94 120 39.97
30.94 130 42.12
30.94 140 44.24
30.94 150 46.21
30.94 160 48.19
30.94 170 50.07
30.94 180 51.99
30.94 190 53.73
30.94 200 55.52
30.94 210 57.33
31.52 2 1.858
31.52 4 3.347
31.52 5 3.926
31.52 6 4.784
31.52 8 5.812
31.52 10 6.782
31.52 12 7.632
31.52 14 8.529
31.52 16 9.664
31.52 18 10.49
31.52 20 11.89
31.52 22 12.73
31.52 24 13.48
31.52 26 14.29
31.52 28 15.04
31.52 30 15.77
31.52 32 16.50
31.52 36 17.90
31.52 40 19.28
31.52 44 20.54
31.52 48 21.74
31.52 52 22.91
31.52 56 24.04
31.52 60 25.25
31.52 64 26.30
31.52 68 27.36
31.52 72 28.36
31.52 76 29.37
31.52 80 30.36
31.52 90 32.75
31.52 100 35.07
31.52 110 37.32
31.52 120 39.48
31.52 130 41.61
31.52 140 43.68
31.52 150 45.63
31.52 160 47.57
31.52 170 49.42
31.52 180 51.31
31.52 190 53.02
31.52 200 54.78
31.52 210 56.57
32.10 2 1.855
32.10 4 3.336
32.10 5 3.911
32.10 6 4.767
32.10 8 5.784
32.10 10 6.746
32.10 12 7.581
32.10 14 8.470
32.10 16 9.596
32.10 18 10.41
32.10 20 11.80
32.10 22 12.63
32.10 24 13.37
32.10 26 14.17
32.10 28 14.92
32.10 30 15.63
32.10 32 16.36
32.10 36 17.74
32.10 40 19.10
32.10 44 20.34
32.10 48 21.52
32.10 52 22.68
32.10 56 23.79
32.10 60 24.98
32.10 64 26.01
32.10 68 27.06
32.10 72 28.04
32.10 76 29.03
32.10 80 30.01
32.10 90 32.37
32.10 100 34.66
32.10 110 36.87
32.10 120 39.00
32.10 130 41.09
32.10 140 43.13
32.10 150 45.05
32.10 160 46.95
32.10 170 48.78
32.10 180 50.64
32.10 190 52.32
32.10 200 54.06
32.10 210 55.81
32.69 2 1.853
32.69 4 3.325
32.69 5 3.896
32.69 6 4.750
32.69 8 5.757
32.69 10 6.709
32.69 12 7.530
32.69 14 8.411
32.69 16 9.527
32.69 18 10.33
32.69 20 11.71
32.69 22 12.53
32.69 24 13.26
32.69 26 14.06
32.69 28 14.79
32.69 30 15.50
32.69 32 16.22
32.69 36 17.58
32.69 40 18.92
32.69 44 20.14
32.69 48 21.30
32.69 52 22.44
32.69 56 23.54
32.69 60 24.71
32.69 64 25.72
32.69 68 26.75
32.69 72 27.72
32.69 76 28.70
32.69 80 29.66
32.69 90 31.99
32.69 100 34.25
32.69 110 36.42
32.69 120 38.53
32.69 130 40.59
32.69 140 42.58
32.69 150 44.47
32.69 160 46.35
32.69 170 48.14
32.69 180 49.98
32.69 190 51.63
32.69 200 53.35
32.69 210 55.06
33.29 2 1.850
33.29 4 3.314
33.29 5 3.881
33.29 6 4.732
33.29 8 5.730
33.29 10 6.673
33.29 12 7.479
33.29 14 8.352
33.29 16 9.458
33.29 18 10.25
33.29 20 11.63
33.29 22 12.43
33.29 24 13.16
33.29 26 13.94
33.29 28 14.66
33.29 30 15.36
33.29 32 16.08
33.29 36 17.41
33.29 40 18.73
33.29 44 19.94
33.29 48 21.09
33.29 52 22.21
33.29 56 23.29
33.29 60 24.44
33.29 64 25.44
33.29 68 26.46
33.29 72 27.40
33.29 76 28.38
33.29 80 29.31
33.29 90 31.62
33.29 100 33.84
33.29 110 35.98
33.29 120 38.06
33.29 130 40.09
33.29 140 42.05
33.29 150 43.91
33.29 160 45.75
33.29 170 47.52
33.29 180 49.33
33.29 190 50.95
33.29 200 52.64
33.29 210 54.33
33.90 2 1.847
33.90 4 3.303
33.90 5 3.867
33.90 6 4.715
33.90 8 5.704
33.90 10 6.637
33.90 12 7.427
33.90 14 8.293
33.90 16 9.389
33.90 18 10.17
33.90 20 11.54
33.90 22 12.33
33.90 24 13.05
33.90 26 13.83
33.90 28 14.54
33.90 30 15.23
33.90 32 15.93
33.90 36 17.25
33.90 40 18.55
33.90 44 19.74
33.90 48 20.87
33.90 52 21.98
33.90 56 23.05
33.90 60 24.17
33.90 64 25.17
33.90 68 26.16
33.90 72 27.09
33.90 76 28.05
33.90 80 28.97
33.90 90 31.25
33.90 100 33.44
33.90 110 35.55
33.90 120 37.59
33.90 130 39.59
33.90 140 41.52
33.90 150 43.35
33.90 160 45.16
33.90 170 46.90
33.90 180 48.68
33.90 190 50.28
33.90 200 51.95
33.90 210 53.60
34.52 2 1.843
34.52 4 3.292
34.52 5 3.853
34.52 6 4.698
34.52 8 5.678
34.52 10 6.600
34.52 12 7.376
34.52 14 8.234
34.52 16 9.321
34.52 18 10.09
34.52 20 11.45
34.52 22 12.23
34.52 24 12.94
34.52 26 13.71
34.52 28 14.42
34.52 30 15.10
34.52 32 15.79
34.52 36 17.09
34.52 40 18.37
34.52 44 19.55
34.52 48 20.66
34.52 52 21.75
34.52 56 22.81
34.52 60 23.91
34.52 64 24.89
34.52 68 25.87
34.52 72 26.79
34.52 76 27.73
34.52 80 28.63
34.52 90 30.89
34.52 100 33.05
34.52 110 35.12
34.52 120 37.14
34.52 130 39.10
34.52 140 40.99
34.52 150 42.80
34.52 160 44.57
34.52 170 46.29
34.52 180 48.05
34.52 190 49.62
34.52 200 51.26
34.52 210 52.89
35.15 2 1.840
35.15 4 3.281
35.15 5 3.839
35.15 6 4.681
35.15 8 5.652
35.15 10 6.565
35.15 12 7.325
35.15 14 8.175
35.15 16 9.252
35.15 18 10.01
35.15 20 11.37
35.15 22 12.13
35.15 24 12.84
35.15 26 13.60
35.15 28 14.29
35.15 30 14.97
35.15 32 15.66
35.15 36 16.94
35.15 40 18.20
35.15 44 19.35
35.15 48 20.45
35.15 52 21.53
35.15 56 22.57
35.15 60 23.65
35.15 64 24.62
35.15 68 25.58
35.15 72 26.48
35.15 76 27.42
35.15 80 28.30
35.15 90 30.53
35.15 100 32.66
35.15 110 34.70
35.15 120 36.69
35.15 130 38.62
35.15 140 40.48
35.15 150 42.26
35.15 160 44.00
35.15 170 45.69
35.15 180 47.42
35.15 190 48.97
35.15 200 50.59
35.15 210 52.18
35.78 2 1.837
35.78 4 3.270
35.78 5 3.825
35.78 6 4.664
35.78 8 5.627
35.78 10 6.529
35.78 12 7.274
35.78 14 8.117
35.78 16 9.184
35.78 18 9.932
35.78 20 11.28
35.78 22 12.03
35.78 24 12.74
35.78 26 13.49
35.78 28 14.17
35.78 30 14.84
35.78 32 15.52
35.78 36 16.78
35.78 40 18.02
35.78 44 19.16
35.78 48 20.24
35.78 52 21.31
35.78 56 22.34
35.78 60 23.39
35.78 64 24.35
35.78 68 25.29
35.78 72 26.18
35.78 76 27.11
35.78 80 27.97
35.78 90 30.18
35.78 100 32.28
35.78 110 34.28
35.78 120 36.25
35.78 130 38.15
35.78 140 39.97
35.78 150 41.72
35.78 160 43.43
35.78 170 45.10
35.78 180 46.80
35.78 190 48.32
35.78 200 49.93
35.78 210 51.49
36.07 2 1.830
36.07 4 3.277
36.07 5 3.857
36.07 6 4.680
36.07 8 5.691
36.07 10 6.535
36.07 12 7.296
36.07 14 8.111
36.07 16 9.163
36.07 18 9.892
36.07 20 11.24
36.07 22 12.03
36.07 24 12.74
36.07 26 13.45
36.07 28 14.13
36.07 30 14.82
36.07 32 15.47
36.07 36 16.70
36.07 40 17.95
36.07 44 19.07
36.07 48 20.15
36.07 52 21.23
36.07 56 22.25
36.07 60 23.25
36.07 64 24.26
36.07 68 25.19
36.07 72 26.10
36.07 76 27.01
36.07 80 27.96
36.07 90 30.10
36.07 100 32.18
36.07 110 34.18
36.07 120 36.08
36.07 130 37.91
36.07 140 39.67
36.07 150 41.45
36.07 160 43.12
36.07 170 44.80
36.07 180 46.41
36.07 190 47.98
36.07 200 49.55
36.07 210 51.04
36.59 2 1.828
36.59 4 3.272
36.59 5 3.846
36.59 6 4.666
36.59 8 5.666
36.59 10 6.505
36.59 12 7.257
36.59 14 8.065
36.59 16 9.111
36.59 18 9.834
36.59 20 11.17
36.59 22 11.95
36.59 24 12.66
36.59 26 13.36
36.59 28 14.04
36.59 30 14.72
36.59 32 15.36
36.59 36 16.58
36.59 40 17.81
36.59 44 18.92
36.59 48 19.99
36.59 52 21.06
36.59 56 22.07
36.59 60 23.05
36.59 64 24.05
36.59 68 24.98
36.59 72 25.87
36.59 76 26.77
36.59 80 27.71
36.59 90 29.83
36.59 100 31.88
36.59 110 33.85
36.59 120 35.74
36.59 130 37.53
36.59 140 39.28
36.59 150 41.04
36.59 160 42.69
36.59 170 44.34
36.59 180 45.93
36.59 190 47.48
36.59 200 49.04
36.59 210 50.51
37.13 2 1.826
37.13 4 3.266
37.13 5 3.835
37.13 6 4.651
37.13 8 5.641
37.13 10 6.474
37.13 12 7.216
37.13 14 8.016
37.13 16 9.057
37.13 18 9.775
37.13 20 11.11
37.13 22 11.87
37.13 24 12.57
37.13 26 13.27
37.13 28 13.94
37.13 30 14.61
37.13 32 15.25
37.13 36 16.46
37.13 40 17.67
37.13 44 18.76
37.13 48 19.83
37.13 52 20.88
37.13 56 21.88
37.13 60 22.85
37.13 64 23.84
37.13 68 24.75
37.13 72 25.64
37.13 76 26.53
37.13 80 27.46
37.13 90 29.54
37.13 100 31.57
37.13 110 33.52
37.13 120 35.38
37.13 130 37.15
37.13 140 38.87
37.13 150 40.61
37.13 160 42.24
37.13 170 43.88
37.13 180 45.45
37.13 190 46.98
37.13 200 48.51
37.13 210 49.97
37.70 2 1.824
37.70 4 3.260
37.70 5 3.823
37.70 6 4.635
37.70 8 5.614
37.70 10 6.441
37.70 12 7.174
37.70 14 7.967
37.70 16 9.000
37.70 18 9.714
37.70 20 11.04
37.70 22 11.79
37.70 24 12.49
37.70 26 13.18
37.70 28 13.84
37.70 30 14.50
37.70 32 15.13
37.70 36 16.33
37.70 40 17.53
37.70 44 18.61
37.70 48 19.66
37.70 52 20.70
37.70 56 21.69
37.70 60 22.65
37.70 64 23.63
37.70 68 24.53
37.70 72 25.41
37.70 76 26.28
37.70 80 27.20
37.70 90 29.26
37.70 100 31.25
37.70 110 33.18
37.70 120 35.02
37.70 130 36.76
37.70 140 38.47
37.70 150 40.17
37.70 160 41.78
37.70 170 43.41
37.70 180 44.95
37.70 190 46.47
37.70 200 47.98
37.70 210 49.42
38.29 2 1.822
38.29 4 3.253
38.29 5 3.811
38.29 6 4.619
38.29 8 5.587
38.29 10 6.407
38.29 12 7.131
38.29 14 7.916
38.29 16 8.942
38.29 18 9.652
38.29 20 10.97
38.29 22 11.71
38.29 24 12.40
38.29 26 13.08
38.29 28 13.74
38.29 30 14.39
38.29 32 15.01
38.29 36 16.21
38.29 40 17.38
38.29 44 18.45
38.29 48 19.49
38.29 52 20.52
38.29 56 21.49
38.29 60 22.44
38.29 64 23.41
38.29 68 24.30
38.29 72 25.17
38.29 76 26.03
38.29 80 26.94
38.29 90 28.96
38.29 100 30.93
38.29 110 32.84
38.29 120 34.65
38.29 130 36.36
38.29 140 38.05
38.29 150 39.73
38.29 160 41.32
38.29 170 42.93
38.29 180 44.45
38.29 190 45.95
38.29 200 47.44
38.29 210 48.87
38.90 2 1.820
38.90 4 3.246
38.90 5 3.798
38.90 6 4.602
38.90 8 5.559
38.90 10 6.372
38.90 12 7.086
38.90 14 7.864
38.90 16 8.883
38.90 18 9.588
38.90 20 10.90
38.90 22 11.63
38.90 24 12.31
38.90 26 12.98
38.90 28 13.63
38.90 30 14.28
38.90 32 14.89
38.90 36 16.08
38.90 40 17.23
38.90 44 18.29
38.90 48 19.31
38.90 52 20.34
38.90 56 21.30
38.90 60 22.23
38.90 64 23.19
38.90 68 24.06
38.90 72 24.93
38.90 76 25.78
38.90 80 26.68
38.90 90 28.67
38.90 100 30.60
38.90 110 32.49
38.90 120 34.28
38.90 130 35.96
38.90 140 37.63
38.90 150 39.28
38.90 160 40.86
38.90 170 42.44
38.90 180 43.95
38.90 190 45.43
38.90 200 46.89
38.90 210 48.30
39.54 2 1.818
39.54 4 3.239
39.54 5 3.784
39.54 6 4.585
39.54 8 5.530
39.54 10 6.336
39.54 12 7.040
39.54 14 7.811
39.54 16 8.822
39.54 18 9.524
39.54 20 10.82
39.54 22 11.54
39.54 24 12.21
39.54 26 12.88
39.54 28 13.53
39.54 30 14.16
39.54 32 14.77
39.54 36 15.94
39.54 40 17.08
39.54 44 18.12
39.54 48 19.13
39.54 52 20.15
39.54 56 21.10
39.54 60 22.02
39.54 64 22.97
39.54 68 23.83
39.54 72 24.68
39.54 76 25.53
39.54 80 26.41
39.54 90 28.37
39.54 100 30.27
39.54 110 32.14
39.54 120 33.90
39.54 130 35.56
39.54 140 37.21
39.54 150 38.83
39.54 160 40.39
39.54 170 41.96
39.54 180 43.44
39.54 190 44.90
39.54 200 46.34
39.54 210 47.74
40.20 2 1.816
40.20 4 3.231
40.20 5 3.771
40.20 6 4.567
40.20 8 5.500
40.20 10 6.299
40.20 12 6.994
40.20 14 7.757
40.20 16 8.760
40.20 18 9.459
40.20 20 10.75
40.20 22 11.46
40.20 24 12.12
40.20 26 12.78
40.20 28 13.42
40.20 30 14.05
40.20 32 14.64
40.20 36 15.81
40.20 40 16.92
40.20 44 17.96
40.20 48 18.95
40.20 52 19.96
40.20 56 20.89
40.20 60 21.81
40.20 64 22.74
40.20 68 23.59
40.20 72 24.44
40.20 76 25.27
40.20 80 26.14
40.20 90 28.07
40.20 100 29.94
40.20 110 31.78
40.20 120 33.52
40.20 130 35.15
40.20 140 36.78
40.20 150 38.38
40.20 160 39.91
40.20 170 41.46
40.20 180 42.93
40.20 190 44.37
40.20 200 45.79
40.20 210 47.17
40.89 2 1.814
40.89 4 3.223
40.89 5 3.756
40.89 6 4.549
40.89 8 5.470
40.89 10 6.262
40.89 12 6.947
40.89 14 7.702
40.89 16 8.697
40.89 18 9.393
40.89 20 10.67
40.89 22 11.37
40.89 24 12.02
40.89 26 12.67
40.89 28 13.31
40.89 30 13.93
40.89 32 14.52
40.89 36 15.68
40.89 40 16.77
40.89 44 17.79
40.89 48 18.77
40.89 52 19.77
40.89 56 20.69
40.89 60 21.60
40.89 64 22.52
40.89 68 23.35
40.89 72 24.19
40.89 76 25.01
40.89 80 25.87
40.89 90 27.76
40.89 100 29.60
40.89 110 31.42
40.89 120 33.14
40.89 130 34.74
40.89 140 36.36
40.89 150 37.92
40.89 160 39.44
40.89 170 40.97
40.89 180 42.42
40.89 190 43.83
40.89 200 45.24
40.89 210 46.60
41.60 2 1.811
41.60 4 3.215
41.60 5 3.742
41.60 6 4.531
41.60 8 5.440
41.60 10 6.224
41.60 12 6.899
41.60 14 7.647
41.60 16 8.634
41.60 18 9.327
41.60 20 10.60
41.60 22 11.28
41.60 24 11.93
41.60 26 12.57
41.60 28 13.20
41.60 30 13.81
41.60 32 14.39
41.60 36 15.54
41.60 40 16.61
41.60 44 17.62
41.60 48 18.59
41.60 52 19.58
41.60 56 20.49
41.60 60 21.38
41.60 64 22.29
41.60 68 23.12
41.60 72 23.94
41.60 76 24.76
41.60 80 25.60
41.60 90 27.46
41.60 100 29.26
41.60 110 31.06
41.60 120 32.76
41.60 130 34.33
41.60 140 35.93
41.60 150 37.46
41.60 160 38.96
41.60 170 40.47
41.60 180 41.90
41.60 190 43.30
41.60 200 44.68
41.60 210 46.03
42.33 2 1.809
42.33 4 3.207
42.33 5 3.727
42.33 6 4.513
42.33 8 5.409
42.33 10 6.185
42.33 12 6.851
42.33 14 7.591
42.33 16 8.569
42.33 18 9.260
42.33 20 10.52
42.33 22 11.19
42.33 24 11.83
42.33 26 12.46
42.33 28 13.09
42.33 30 13.69
42.33 32 14.26
42.33 36 15.41
42.33 40 16.45
42.33 44 17.45
42.33 48 18.41
42.33 52 19.39
42.33 56 20.28
42.33 60 21.17
42.33 64 22.06
42.33 68 22.88
42.33 72 23.69
42.33 76 24.50
42.33 80 25.33
42.33 90 27.15
42.33 100 28.93
42.33 110 30.70
42.33 120 32.38
42.33 130 33.92
42.33 140 35.50
42.33 150 37.00
42.33 160 38.48
42.33 170 39.98
42.33 180 41.39
42.33 190 42.76
42.33 200 44.12
42.33 210 45.46
43.09 2 1.807
43.09 4 3.198
43.09 5 3.712
43.09 6 4.494
43.09 8 5.377
43.09 10 6.146
43.09 12 6.802
43.09 14 7.535
43.09 16 8.505
43.09 18 9.193
43.09 20 10.44
43.09 22 11.10
43.09 24 11.73
43.09 26 12.35
43.09 28 12.98
43.09 30 13.57
43.09 32 14.14
43.09 36 15.27
43.09 40 16.29
43.09 44 17.28
43.09 48 18.22
43.09 52 19.20
43.09 56 20.08
43.09 60 20.95
43.09 64 21.83
43.09 68 22.64
43.09 72 23.45
43.09 76 24.24
43.09 80 25.05
43.09 90 26.85
43.09 100 28.59
43.09 110 30.34
43.09 120 31.99
43.09 130 33.51
43.09 140 35.07
43.09 150 36.54
43.09 160 38.00
43.09 170 39.48
43.09 180 40.87
43.09 190 42.23
43.09 200 43.57
43.09 210 44.89
43.87 2 1.805
43.87 4 3.190
43.87 5 3.697
43.87 6 4.475
43.87 8 5.346
43.87 10 6.106
43.87 12 6.753
43.87 14 7.479
43.87 16 8.439
43.87 18 9.126
43.87 20 10.36
43.87 22 11.01
43.87 24 11.63
43.87 26 12.24
43.87 28 12.87
43.87 30 13.45
43.87 32 14.01
43.87 36 15.13
43.87 40 16.13
43.87 44 17.11
43.87 48 18.04
43.87 52 19.00
43.87 56 19.88
43.87 60 20.74
43.87 64 21.61
43.87 68 22.40
43.87 72 23.20
43.87 76 23.98
43.87 80 24.78
43.87 90 26.55
43.87 100 28.25
43.87 110 29.98
43.87 120 31.61
43.87 130 33.10
43.87 140 34.64
43.87 150 36.08
43.87 160 37.52
43.87 170 38.99
43.87 180 40.36
43.87 190 41.69
43.87 200 43.01
43.87 210 44.32
44.68 2 1.802
44.68 4 3.181
44.68 5 3.681
44.68 6 4.457
44.68 8 5.314
44.68 10 6.067
44.68 12 6.703
44.68 14 7.423
44.68 16 8.374
44.68 18 9.059
44.68 20 10.28
44.68 22 10.91
44.68 24 11.54
44.68 26 12.14
44.68 28 12.76
44.68 30 13.33
44.68 32 13.88
44.68 36 15.00
44.68 40 15.97
44.68 44 16.93
44.68 48 17.86
44.68 52 18.81
44.68 56 19.67
44.68 60 20.53
44.68 64 21.38
44.68 68 22.16
44.68 72 22.95
44.68 76 23.73
44.68 80 24.51
44.68 90 26.24
44.68 100 27.92
44.68 110 29.62
44.68 120 31.23
44.68 130 32.69
44.68 140 34.22
44.68 150 35.62
44.68 160 37.05
44.68 170 38.50
44.68 180 39.85
44.68 190 41.16
44.68 200 42.46
44.68 210 43.76
45.50 2 1.800
45.50 4 3.172
45.50 5 3.666
45.50 6 4.438
45.50 8 5.282
45.50 10 6.027
45.50 12 6.654
45.50 14 7.367
45.50 16 8.308
45.50 18 8.992
45.50 20 10.21
45.50 22 10.82
45.50 24 11.44
45.50 26 12.03
45.50 28 12.64
45.50 30 13.21
45.50 32 13.75
45.50 36 14.86
45.50 40 15.81
45.50 44 16.76
45.50 48 17.67
45.50 52 18.62
45.50 56 19.47
45.50 60 20.31
45.50 64 21.16
45.50 68 21.92
45.50 72 22.71
45.50 76 23.47
45.50 80 24.24
45.50 90 25.94
45.50 100 27.58
45.50 110 29.26
45.50 120 30.85
45.50 130 32.28
45.50 140 33.79
45.50 150 35.17
45.50 160 36.58
45.50 170 38.01
45.50 180 39.34
45.50 190 40.63
45.50 200 41.91
45.50 210 43.20
46.36 2 1.798
46.36 4 3.163
46.36 5 3.650
46.36 6 4.419
46.36 8 5.250
46.36 10 5.987
46.36 12 6.605
46.36 14 7.311
46.36 16 8.242
46.36 18 8.925
46.36 20 10.13
46.36 22 10.73
46.36 24 11.34
46.36 26 11.92
46.36 28 12.53
46.36 30 13.09
46.36 32 13.62
46.36 36 14.73
46.36 40 15.65
46.36 44 16.59
46.36 48 17.49
46.36 52 18.43
46.36 56 19.27
46.36 60 20.10
46.36 64 20.93
46.36 68 21.69
46.36 72 22.47
46.36 76 23.22
46.36 80 23.98
46.36 90 25.64
46.36 100 27.25
46.36 110 28.90
46.36 120 30.47
46.36 130 31.87
46.36 140 33.37
46.36 150 34.72
46.36 160 36.11
46.36 170 37.52
46.36 180 38.84
46.36 190 40.11
46.36 200 41.37
46.36 210 42.64
48.15 2 1.800
48.15 4 3.138
48.15 5 3.600
48.15 6 4.372
48.15 8 5.188
48.15 10 5.888
48.15 12 6.533
48.15 14 7.204
48.15 16 8.104
48.15 18 8.739
48.15 20 9.912
48.15 22 10.54
48.15 24 11.13
48.15 26 11.70
48.15 28 12.25
48.15 30 12.78
48.15 32 13.31
48.15 36 14.33
48.15 40 15.29
48.15 44 16.20
48.15 48 17.08
48.15 52 17.93
48.15 56 18.72
48.15 60 19.55
48.15 64 20.33
48.15 68 21.09
48.15 72 21.80
48.15 76 22.54
48.15 80 23.26
48.15 90 24.88
48.15 100 26.49
48.15 110 28.03
48.15 120 29.53
48.15 130 30.96
48.15 140 32.44
48.15 150 33.76
48.15 160 35.11
48.15 170 36.40
48.15 180 37.67
48.15 190 38.86
48.15 200 40.07
48.15 210 41.29
49.17 2 1.799
49.17 4 3.123
49.17 5 3.579
49.17 6 4.348
49.17 8 5.150
49.17 10 5.843
49.17 12 6.477
49.17 14 7.140
49.17 16 8.030
49.17 18 8.653
49.17 20 9.814
49.17 22 10.43
49.17 24 11.00
49.17 26 11.57
49.17 28 12.11
49.17 30 12.64
49.17 32 13.16
49.17 36 14.16
49.17 40 15.10
49.17 44 15.99
49.17 48 16.86
49.17 52 17.70
49.17 56 18.47
49.17 60 19.30
49.17 64 20.06
49.17 68 20.80
49.17 72 21.50
49.17 76 22.22
49.17 80 22.92
49.17 90 24.52
49.17 100 26.10
49.17 110 27.62
49.17 120 29.09
49.17 130 30.50
49.17 140 31.94
49.17 150 33.25
49.17 160 34.58
49.17 170 35.83
49.17 180 37.08
49.17 190 38.25
49.17 200 39.44
49.17 210 40.64
50.21 2 1.798
50.21 4 3.108
50.21 5 3.558
50.21 6 4.323
50.21 8 5.113
50.21 10 5.798
50.21 12 6.422
50.21 14 7.076
50.21 16 7.956
50.21 18 8.569
50.21 20 9.717
50.21 22 10.32
50.21 24 10.88
50.21 26 11.44
50.21 28 11.98
50.21 30 12.49
50.21 32 13.01
50.21 36 13.99
50.21 40 14.92
50.21 44 15.80
50.21 48 16.65
50.21 52 17.47
50.21 56 18.23
50.21 60 19.05
50.21 64 19.79
50.21 68 20.52
50.21 72 21.21
50.21 76 21.91
50.21 80 22.60
50.21 90 24.17
50.21 100 25.72
50.21 110 27.22
50.21 120 28.66
50.21 130 30.05
50.21 140 31.47
50.21 150 32.75
50.21 160 34.06
50.21 170 35.29
50.21 180 36.52
50.21 190 37.66
50.21 200 38.83
50.21 210 40.01
51.25 2 1.797
51.25 4 3.094
51.25 5 3.537
51.25 6 4.299
51.25 8 5.076
51.25 10 5.755
51.25 12 6.368
51.25 14 7.014
51.25 16 7.885
51.25 18 8.486
51.25 20 9.622
51.25 22 10.22
51.25 24 10.77
51.25 26 11.32
51.25 28 11.85
51.25 30 12.35
51.25 32 12.86
51.25 36 13.83
51.25 40 14.74
51.25 44 15.61
51.25 48 16.44
51.25 52 17.25
51.25 56 18.00
51.25 60 18.80
51.25 64 19.53
51.25 68 20.25
51.25 72 20.92
51.25 76 21.61
51.25 80 22.28
51.25 90 23.83
51.25 100 25.36
51.25 110 26.82
51.25 120 28.24
51.25 130 29.62
51.25 140 31.00
51.25 150 32.26
51.25 160 33.55
51.25 170 34.76
51.25 180 35.97
51.25 190 37.09
51.25 200 38.24
51.25 210 39.39
52.30 2 1.795
52.30 4 3.079
52.30 5 3.517
52.30 6 4.276
52.30 8 5.041
52.30 10 5.712
52.30 12 6.314
52.30 14 6.952
52.30 16 7.814
52.30 18 8.405
52.30 20 9.530
52.30 22 10.12
52.30 24 10.65
52.30 26 11.20
52.30 28 11.72
52.30 30 12.22
52.30 32 12.72
52.30 36 13.67
52.30 40 14.57
52.30 44 15.42
52.30 48 16.23
52.30 52 17.03
52.30 56 17.77
52.30 60 18.56
52.30 64 19.27
52.30 68 19.98
52.30 72 20.64
52.30 76 21.31
52.30 80 21.97
52.30 90 23.50
52.30 100 25.00
52.30 110 26.44
52.30 120 27.84
52.30 130 29.19
52.30 140 30.55
52.30 150 31.79
52.30 160 33.05
52.30 170 34.24
52.30 180 35.43
52.30 190 36.53
52.30 200 37.66
52.30 210 38.79
53.35 2 1.793
53.35 4 3.065
53.35 5 3.497
53.35 6 4.253
53.35 8 5.006
53.35 10 5.670
53.35 12 6.261
53.35 14 6.892
53.35 16 7.744
53.35 18 8.325
53.35 20 9.438
53.35 22 10.01
53.35 24 10.54
53.35 26 11.08
53.35 28 11.59
53.35 30 12.09
53.35 32 12.58
53.35 36 13.51
53.35 40 14.40
53.35 44 15.24
53.35 48 16.04
53.35 52 16.82
53.35 56 17.55
53.35 60 18.33
53.35 64 19.02
53.35 68 19.72
53.35 72 20.37
53.35 76 21.03
53.35 80 21.67
53.35 90 23.18
53.35 100 24.65
53.35 110 26.07
53.35 120 27.44
53.35 130 28.78
53.35 140 30.11
53.35 150 31.33
53.35 160 32.57
53.35 170 33.74
53.35 180 34.91
53.35 190 35.99
53.35 200 37.10
53.35 210 38.21
54.42 2 1.790
54.42 4 3.050
54.42 5 3.478
54.42 6 4.230
54.42 8 4.971
54.42 10 5.629
54.42 12 6.209
54.42 14 6.832
54.42 16 7.675
54.42 18 8.246
54.42 20 9.349
54.42 22 9.916
54.42 24 10.43
54.42 26 10.97
54.42 28 11.47
54.42 30 11.96
54.42 32 12.44
54.42 36 13.36
54.42 40 14.24
54.42 44 15.06
54.42 48 15.84
54.42 52 16.61
54.42 56 17.33
54.42 60 18.10
54.42 64 18.78
54.42 68 19.47
54.42 72 20.11
54.42 76 20.75
54.42 80 21.38
54.42 90 22.86
54.42 100 24.32
54.42 110 25.72
54.42 120 27.06
54.42 130 28.37
54.42 140 29.69
54.42 150 30.88
54.42 160 32.10
54.42 170 33.25
54.42 180 34.40
54.42 190 35.46
54.42 200 36.55
54.42 210 37.64
55.49 2 1.788
55.49 4 3.036
55.49 5 3.459
55.49 6 4.207
55.49 8 4.938
55.49 10 5.588
55.49 12 6.158
55.49 14 6.773
55.49 16 7.608
55.49 18 8.169
55.49 20 9.261
55.49 22 9.820
55.49 24 10.33
55.49 26 10.86
55.49 28 11.35
55.49 30 11.83
55.49 32 12.31
55.49 36 13.21
55.49 40 14.07
55.49 44 14.88
55.49 48 15.65
55.49 52 16.41
55.49 56 17.12
55.49 60 17.88
55.49 64 18.54
55.49 68 19.22
55.49 72 19.85
55.49 76 20.48
55.49 80 21.10
55.49 90 22.56
55.49 100 23.99
55.49 110 25.36
55.49 120 26.69
55.49 130 27.98
55.49 140 29.27
55.49 150 30.45
55.49 160 31.65
55.49 170 32.78
55.49 180 33.91
55.49 190 34.94
55.49 200 36.02
55.49 210 37.09
56.57 2 1.785
56.57 4 3.023
56.57 5 3.441
56.57 6 4.185
56.57 8 4.905
56.57 10 5.548
56.57 12 6.107
56.57 14 6.716
56.57 16 7.541
56.57 18 8.093
56.57 20 9.174
56.57 22 9.724
56.57 24 10.22
56.57 26 10.75
56.57 28 11.23
56.57 30 11.70
56.57 32 12.18
56.57 36 13.06
56.57 40 13.92
56.57 44 14.71
56.57 48 15.47
56.57 52 16.21
56.57 56 16.91
56.57 60 17.66
56.57 64 18.31
56.57 68 18.97
56.57 72 19.59
56.57 76 20.21
56.57 80 20.82
56.57 90 22.26
56.57 100 23.67
56.57 110 25.02
56.57 120 26.32
56.57 130 27.60
56.57 140 28.86
56.57 150 30.02
56.57 160 31.20
56.57 170 32.31
56.57 180 33.43
56.57 190 34.44
56.57 200 35.50
56.57 210 36.55
57.66 2 1.782
57.66 4 3.009
57.66 5 3.423
57.66 6 4.163
57.66 8 4.873
57.66 10 5.508
57.66 12 6.057
57.66 14 6.659
57.66 16 7.475
57.66 18 8.018
57.66 20 9.089
57.66 22 9.631
57.66 24 10.12
57.66 26 10.64
57.66 28 11.12
57.66 30 11.58
57.66 32 12.05
57.66 36 12.92
57.66 40 13.76
57.66 44 14.54
57.66 48 15.29
57.66 52 16.02
57.66 56 16.71
57.66 60 17.45
57.66 64 18.09
57.66 68 18.74
57.66 72 19.35
57.66 76 19.95
57.66 80 20.55
57.66 90 21.97
57.66 100 23.36
57.66 110 24.69
57.66 120 25.97
57.66 130 27.23
57.66 140 28.47
57.66 150 29.61
57.66 160 30.77
57.66 170 31.86
57.66 180 32.96
57.66 190 33.96
57.66 200 34.99
57.66 210 36.03
58.76 2 1.779
58.76 4 2.995
58.76 5 3.405
58.76 6 4.142
58.76 8 4.842
58.76 10 5.470
58.76 12 6.007
58.76 14 6.603
58.76 16 7.410
58.76 18 7.944
58.76 20 9.006
58.76 22 9.539
58.76 24 10.02
58.76 26 10.53
58.76 28 11.01
58.76 30 11.46
58.76 32 11.92
58.76 36 12.78
58.76 40 13.61
58.76 44 14.38
58.76 48 15.11
58.76 52 15.83
58.76 56 16.51
58.76 60 17.24
58.76 64 17.87
58.76 68 18.51
58.76 72 19.10
58.76 76 19.70
58.76 80 20.28
58.76 90 21.69
58.76 100 23.05
58.76 110 24.37
58.76 120 25.63
58.76 130 26.87
58.76 140 28.08
58.76 150 29.21
58.76 160 30.34
58.76 170 31.42
58.76 180 32.50
58.76 190 33.48
58.76 200 34.50
58.76 210 35.52
59.87 2 1.775
59.87 4 2.982
59.87 5 3.387
59.87 6 4.120
59.87 8 4.811
59.87 10 5.432
59.87 12 5.958
59.87 14 6.547
59.87 16 7.346
59.87 18 7.871
59.87 20 8.924
59.87 22 9.448
59.87 24 9.923
59.87 26 10.43
59.87 28 10.90
59.87 30 11.34
59.87 32 11.80
59.87 36 12.65
59.87 40 13.46
59.87 44 14.22
59.87 48 14.94
59.87 52 15.65
59.87 56 16.32
59.87 60 17.03
59.87 64 17.65
59.87 68 18.28
59.87 72 18.87
59.87 76 19.45
59.87 80 20.03
59.87 90 21.41
59.87 100 22.76
59.87 110 24.05
59.87 120 25.29
59.87 130 26.51
59.87 140 27.71
59.87 150 28.81
59.87 160 29.93
59.87 170 30.99
59.87 180 32.05
59.87 190 33.02
59.87 200 34.02
59.87 210 35.02
60.98 2 1.772
60.98 4 2.969
60.98 5 3.370
60.98 6 4.099
60.98 8 4.781
60.98 10 5.394
60.98 12 5.910
60.98 14 6.493
60.98 16 7.283
60.98 18 7.799
60.98 20 8.843
60.98 22 9.359
60.98 24 9.827
60.98 26 10.33
60.98 28 10.79
60.98 30 11.23
60.98 32 11.68
60.98 36 12.51
60.98 40 13.31
60.98 44 14.06
60.98 48 14.77
60.98 52 15.47
60.98 56 16.13
60.98 60 16.83
60.98 64 17.44
60.98 68 18.06
60.98 72 18.64
60.98 76 19.21
60.98 80 19.78
60.98 90 21.15
60.98 100 22.47
60.98 110 23.74
60.98 120 24.97
60.98 130 26.17
60.98 140 27.34
60.98 150 28.43
60.98 160 29.53
60.98 170 30.57
60.98 180 31.61
60.98 190 32.56
60.98 200 33.56
60.98 210 34.54
62.10 2 1.768
62.10 4 2.955
62.10 5 3.354
62.10 6 4.079
62.10 8 4.751
62.10 10 5.357
62.10 12 5.863
62.10 14 6.439
62.10 16 7.221
62.10 18 7.729
62.10 20 8.763
62.10 22 9.271
62.10 24 9.734
62.10 26 10.23
62.10 28 10.68
62.10 30 11.12
62.10 32 11.56
62.10 36 12.38
62.10 40 13.17
62.10 44 13.91
62.10 48 14.60
62.10 52 15.29
62.10 56 15.95
62.10 60 16.63
62.10 64 17.23
62.10 68 17.84
62.10 72 18.41
62.10 76 18.98
62.10 80 19.53
62.10 90 20.88
62.10 100 22.19
62.10 110 23.44
62.10 120 24.65
62.10 130 25.83
62.10 140 26.98
62.10 150 28.06
62.10 160 29.13
62.10 170 30.16
62.10 180 31.19
62.10 190 32.12
62.10 200 33.10
62.10 210 34.06
63.23 2 1.764
63.23 4 2.942
63.23 5 3.337
63.23 6 4.058
63.23 8 4.722
63.23 10 5.320
63.23 12 5.816
63.23 14 6.386
63.23 16 7.160
63.23 18 7.659
63.23 20 8.685
63.23 22 9.185
63.23 24 9.641
63.23 26 10.13
63.23 28 10.58
63.23 30 11.01
63.23 32 11.44
63.23 36 12.25
63.23 40 13.03
63.23 44 13.76
63.23 48 14.44
63.23 52 15.12
63.23 56 15.77
63.23 60 16.44
63.23 64 17.03
63.23 68 17.63
63.23 72 18.19
63.23 76 18.75
63.23 80 19.29
63.23 90 20.63
63.23 100 21.92
63.23 110 23.15
63.23 120 24.34
63.23 130 25.50
63.23 140 26.63
63.23 150 27.69
63.23 160 28.75
63.23 170 29.76
63.23 180 30.77
63.23 190 31.69
63.23 200 32.65
63.23 210 33.60
64.37 2 1.760
64.37 4 2.930
64.37 5 3.321
64.37 6 4.038
64.37 8 4.693
64.37 10 5.285
64.37 12 5.769
64.37 14 6.334
64.37 16 7.099
64.37 18 7.591
64.37 20 8.608
64.37 22 9.100
64.37 24 9.551
64.37 26 10.03
64.37 28 10.47
64.37 30 10.90
64.37 32 11.33
64.37 36 12.12
64.37 40 12.89
64.37 44 13.61
64.37 48 14.28
64.37 52 14.95
64.37 56 15.59
64.37 60 16.25
64.37 64 16.83
64.37 68 17.42
64.37 72 17.97
64.37 76 18.52
64.37 80 19.05
64.37 90 20.38
64.37 100 21.65
64.37 110 22.86
64.37 120 24.03
64.37 130 25.18
64.37 140 26.29
64.37 150 27.33
64.37 160 28.37
64.37 170 29.36
64.37 180 30.36
64.37 190 31.27
64.37 200 32.22
64.37 210 33.15
65.52 2 1.755
65.52 4 2.917
65.52 5 3.305
65.52 6 4.018
65.52 8 4.665
65.52 10 5.249
65.52 12 5.723
65.52 14 6.283
65.52 16 7.040
65.52 18 7.523
65.52 20 8.532
65.52 22 9.016
65.52 24 9.462
65.52 26 9.941
65.52 28 10.37
65.52 30 10.79
65.52 32 11.22
65.52 36 12.00
65.52 40 12.75
65.52 44 13.46
65.52 48 14.13
65.52 52 14.79
65.52 56 15.42
65.52 60 16.06
65.52 64 16.64
65.52 68 17.22
65.52 72 17.75
65.52 76 18.30
65.52 80 18.82
65.52 90 20.13
65.52 100 21.39
65.52 110 22.58
65.52 120 23.74
65.52 130 24.87
65.52 140 25.95
65.52 150 26.98
65.52 160 28.00
65.52 170 28.98
65.52 180 29.96
65.52 190 30.86
65.52 200 31.80
65.52 210 32.71
66.67 2 1.751
66.67 4 2.904
66.67 5 3.290
66.67 6 3.999
66.67 8 4.638
66.67 10 5.214
66.67 12 5.678
66.67 14 6.232
66.67 16 6.981
66.67 18 7.457
66.67 20 8.457
66.67 22 8.934
66.67 24 9.375
66.67 26 9.849
66.67 28 10.27
66.67 30 10.69
66.67 32 11.11
66.67 36 11.88
66.67 40 12.62
66.67 44 13.32
66.67 48 13.98
66.67 52 14.63
66.67 56 15.25
66.67 60 15.88
66.67 64 16.45
66.67 68 17.02
66.67 72 17.55
66.67 76 18.09
66.67 80 18.60
66.67 90 19.89
66.67 100 21.13
66.67 110 22.30
66.67 120 23.45
66.67 130 24.56
66.67 140 25.63
66.67 150 26.64
66.67 160 27.64
66.67 170 28.61
66.67 180 29.57
66.67 190 30.46
66.67 200 31.38
66.67 210 32.27
67.83 2 1.746
67.83 4 2.892
67.83 5 3.274
67.83 6 3.979
67.83 8 4.611
67.83 10 5.180
67.83 12 5.633
67.83 14 6.182
67.83 16 6.923
67.83 18 7.391
67.83 20 8.384
67.83 22 8.853
67.83 24 9.290
67.83 26 9.758
67.83 28 10.17
67.83 30 10.58
67.83 32 11.00
67.83 36 11.76
67.83 40 12.49
67.83 44 13.18
67.83 48 13.83
67.83 52 14.47
67.83 56 15.08
67.83 60 15.70
67.83 64 16.26
67.83 68 16.82
67.83 72 17.34
67.83 76 17.88
67.83 80 18.38
67.83 90 19.66
67.83 100 20.88
67.83 110 22.04
67.83 120 23.17
67.83 130 24.26
67.83 140 25.31
67.83 150 26.31
67.83 160 27.29
67.83 170 28.24
67.83 180 29.19
67.83 190 30.06
67.83 200 30.98
67.83 210 31.85
69.00 2 1.742
69.00 4 2.879
69.00 5 3.259
69.00 6 3.960
69.00 8 4.584
69.00 10 5.146
69.00 12 5.588
69.00 14 6.132
69.00 16 6.865
69.00 18 7.326
69.00 20 8.311
69.00 22 8.773
69.00 24 9.206
69.00 26 9.669
69.00 28 10.08
69.00 30 10.48
69.00 32 10.89
69.00 36 11.64
69.00 40 12.36
69.00 44 13.04
69.00 48 13.68
69.00 52 14.31
69.00 56 14.92
69.00 60 15.52
69.00 64 16.08
69.00 68 16.63
69.00 72 17.14
69.00 76 17.67
69.00 80 18.17
69.00 90 19.43
69.00 100 20.64
69.00 110 21.77
69.00 120 22.89
69.00 130 23.97
69.00 140 24.99
69.00 150 25.98
69.00 160 26.94
69.00 170 27.88
69.00 180 28.82
69.00 190 29.68
69.00 200 30.58
69.00 210 31.44
70.18 2 1.737
70.18 4 2.867
70.18 5 3.245
70.18 6 3.942
70.18 8 4.558
70.18 10 5.112
70.18 12 5.545
70.18 14 6.083
70.18 16 6.809
70.18 18 7.262
70.18 20 8.240
70.18 22 8.694
70.18 24 9.124
70.18 26 9.582
70.18 28 9.984
70.18 30 10.38
70.18 32 10.79
70.18 36 11.52
70.18 40 12.24
70.18 44 12.91
70.18 48 13.54
70.18 52 14.16
70.18 56 14.76
70.18 60 15.35
70.18 64 15.90
70.18 68 16.44
70.18 72 16.94
70.18 76 17.47
70.18 80 17.96
70.18 90 19.21
70.18 100 20.40
70.18 110 21.52
70.18 120 22.62
70.18 130 23.68
70.18 140 24.69
70.18 150 25.66
70.18 160 26.60
70.18 170 27.53
70.18 180 28.46
70.18 190 29.30
70.18 200 30.20
70.18 210 31.04
71.36 2 1.732
71.36 4 2.855
71.36 5 3.230
71.36 6 3.923
71.36 8 4.533
71.36 10 5.079
71.36 12 5.501
71.36 14 6.035
71.36 16 6.753
71.36 18 7.199
71.36 20 8.169
71.36 22 8.616
71.36 24 9.043
71.36 26 9.496
71.36 28 9.891
71.36 30 10.29
71.36 32 10.69
71.36 36 11.41
71.36 40 12.11
71.36 44 12.77
71.36 48 13.40
71.36 52 14.01
71.36 56 14.61
71.36 60 15.18
71.36 64 15.72
71.36 68 16.26
71.36 72 16.75
71.36 76 17.27
71.36 80 17.75
71.36 90 18.99
71.36 100 20.17
71.36 110 21.27
71.36 120 22.36
71.36 130 23.40
71.36 140 24.39
71.36 150 25.35
71.36 160 26.27
71.36 170 27.19
71.36 180 28.10
71.36 190 28.94
71.36 200 29.82
71.36 210 30.64
72.56 2 1.727
72.56 4 2.843
72.56 5 3.216
72.56 6 3.905
72.56 8 4.507
72.56 10 5.047
72.56 12 5.458
72.56 14 5.987
72.56 16 6.697
72.56 18 7.137
72.56 20 8.100
72.56 22 8.539
72.56 24 8.963
72.56 26 9.412
72.56 28 9.800
72.56 30 10.19
72.56 32 10.59
72.56 36 11.30
72.56 40 11.99
72.56 44 12.64
72.56 48 13.26
72.56 52 13.87
72.56 56 14.45
72.56 60 15.01
72.56 64 15.55
72.56 68 16.08
72.56 72 16.56
72.56 76 17.08
72.56 80 17.55
72.56 90 18.77
72.56 100 19.94
72.56 110 21.02
72.56 120 22.10
72.56 130 23.13
72.56 140 24.09
72.56 150 25.04
72.56 160 25.95
72.56 170 26.85
72.56 180 27.75
72.56 190 28.58
72.56 200 29.45
72.56 210 30.26
73.76 2 1.722
73.76 4 2.831
73.76 5 3.202
73.76 6 3.886
73.76 8 4.482
73.76 10 5.015
73.76 12 5.416
73.76 14 5.940
73.76 16 6.643
73.76 18 7.076
73.76 20 8.031
73.76 22 8.464
73.76 24 8.885
73.76 26 9.329
73.76 28 9.710
73.76 30 10.10
73.76 32 10.49
73.76 36 11.19
73.76 40 11.87
73.76 44 12.52
73.76 48 13.13
73.76 52 13.72
73.76 56 14.30
73.76 60 14.84
73.76 64 15.38
73.76 68 15.90
73.76 72 16.37
73.76 76 16.89
73.76 80 17.35
73.76 90 18.57
73.76 100 19.72
73.76 110 20.78
73.76 120 21.85
73.76 130 22.86
73.76 140 23.81
73.76 150 24.74
73.76 160 25.63
73.76 170 26.52
73.76 180 27.41
73.76 190 28.23
73.76 200 29.09
73.76 210 29.88
74.97 2 1.717
74.97 4 2.820
74.97 5 3.188
74.97 6 3.868
74.97 8 4.458
74.97 10 4.983
74.97 12 5.374
74.97 14 5.894
74.97 16 6.589
74.97 18 7.015
74.97 20 7.964
74.97 22 8.389
74.97 24 8.809
74.97 26 9.247
74.97 28 9.621
74.97 30 10.00
74.97 32 10.39
74.97 36 11.08
74.97 40 11.75
74.97 44 12.39
74.97 48 12.99
74.97 52 13.58
74.97 56 14.16
74.97 60 14.68
74.97 64 15.22
74.97 68 15.72
74.97 72 16.19
74.97 76 16.70
74.97 80 17.16
74.97 90 18.36
74.97 100 19.50
74.97 110 20.54
74.97 120 21.61
74.97 130 22.59
74.97 140 23.53
74.97 150 24.45
74.97 160 25.32
74.97 170 26.20
74.97 180 27.07
74.97 190 27.88
74.97 200 28.73
74.97 210 29.51
76.19 2 1.712
76.19 4 2.808
76.19 5 3.174
76.19 6 3.851
76.19 8 4.434
76.19 10 4.952
76.19 12 5.333
76.19 14 5.848
76.19 16 6.535
76.19 18 6.955
76.19 20 7.897
76.19 22 8.316
76.19 24 8.733
76.19 26 9.167
76.19 28 9.534
76.19 30 9.914
76.19 32 10.29
76.19 36 10.98
76.19 40 11.64
76.19 44 12.27
76.19 48 12.86
76.19 52 13.44
76.19 56 14.01
76.19 60 14.52
76.19 64 15.05
76.19 68 15.55
76.19 72 16.01
76.19 76 16.52
76.19 80 16.97
76.19 90 18.16
76.19 100 19.29
76.19 110 20.31
76.19 120 21.37
76.19 130 22.34
76.19 140 23.25
76.19 150 24.16
76.19 160 25.01
76.19 170 25.88
76.19 180 26.75
76.19 190 27.54
76.19 200 28.39
76.19 210 29.15
77.41 2 1.706
77.41 4 2.797
77.41 5 3.161
77.41 6 3.833
77.41 8 4.410
77.41 10 4.921
77.41 12 5.292
77.41 14 5.803
77.41 16 6.483
77.41 18 6.896
77.41 20 7.832
77.41 22 8.243
77.41 24 8.659
77.41 26 9.088
77.41 28 9.449
77.41 30 9.825
77.41 32 10.20
77.41 36 10.87
77.41 40 11.52
77.41 44 12.15
77.41 48 12.74
77.41 52 13.31
77.41 56 13.87
77.41 60 14.36
77.41 64 14.89
77.41 68 15.38
77.41 72 15.83
77.41 76 16.34
77.41 80 16.78
77.41 90 17.96
77.41 100 19.08
77.41 110 20.09
77.41 120 21.13
77.41 130 22.08
77.41 140 22.98
77.41 150 23.88
77.41 160 24.71
77.41 170 25.57
77.41 180 26.42
77.41 190 27.21
77.41 200 28.05
77.41 210 28.79
78.65 2 1.701
78.65 4 2.785
78.65 5 3.148
78.65 6 3.816
78.65 8 4.387
78.65 10 4.890
78.65 12 5.251
78.65 14 5.758
78.65 16 6.431
78.65 18 6.838
78.65 20 7.767
78.65 22 8.171
78.65 24 8.586
78.65 26 9.011
78.65 28 9.364
78.65 30 9.737
78.65 32 10.11
78.65 36 10.77
78.65 40 11.41
78.65 44 12.03
78.65 48 12.61
78.65 52 13.18
78.65 56 13.73
78.65 60 14.21
78.65 64 14.74
78.65 68 15.22
78.65 72 15.66
78.65 76 16.16
78.65 80 16.60
78.65 90 17.77
78.65 100 18.87
78.65 110 19.86
78.65 120 20.90
78.65 130 21.84
78.65 140 22.72
78.65 150 23.60
78.65 160 24.42
78.65 170 25.26
78.65 180 26.11
78.65 190 26.89
78.65 200 27.71
78.65 210 28.45
79.89 2 1.695
79.89 4 2.774
79.89 5 3.135
79.89 6 3.799
79.89 8 4.364
79.89 10 4.860
79.89 12 5.211
79.89 14 5.714
79.89 16 6.379
79.89 18 6.781
79.89 20 7.703
79.89 22 8.101
79.89 24 8.514
79.89 26 8.935
79.89 28 9.281
79.89 30 9.650
79.89 32 10.02
79.89 36 10.67
79.89 40 11.30
79.89 44 11.91
79.89 48 12.49
79.89 52 13.04
79.89 56 13.60
79.89 60 14.06
79.89 64 14.58
79.89 68 15.06
79.89 72 15.49
79.89 76 15.99
79.89 80 16.42
79.89 90 17.58
79.89 100 18.67
79.89 110 19.65
79.89 120 20.67
79.89 130 21.59
79.89 140 22.46
79.89 150 23.33
79.89 160 24.13
79.89 170 24.97
79.89 180 25.80
79.89 190 26.57
79.89 200 27.39
79.89 210 28.11
81.14 2 1.690
81.14 4 2.763
81.14 5 3.122
81.14 6 3.782
81.14 8 4.342
81.14 10 4.830
81.14 12 5.171
81.14 14 5.670
81.14 16 6.328
81.14 18 6.724
81.14 20 7.640
81.14 22 8.031
81.14 24 8.443
81.14 26 8.859
81.14 28 9.199
81.14 30 9.565
81.14 32 9.926
81.14 36 10.57
81.14 40 11.19
81.14 44 11.79
81.14 48 12.37
81.14 52 12.92
81.14 56 13.46
81.14 60 13.91
81.14 64 14.43
81.14 68 14.90
81.14 72 15.32
81.14 76 15.82
81.14 80 16.24
81.14 90 17.39
81.14 100 18.48
81.14 110 19.43
81.14 120 20.45
81.14 130 21.36
81.14 140 22.20
81.14 150 23.07
81.14 160 23.85
81.14 170 24.67
81.14 180 25.49
81.14 190 26.26
81.14 200 27.07
81.14 210 27.77
81.58 2 1.700
81.58 4 2.765
81.58 5 3.122
81.58 6 3.773
81.58 8 4.327
81.58 10 4.798
81.58 12 5.177
81.58 14 5.667
81.58 16 6.312
81.58 18 6.734
81.58 20 7.620
81.58 22 8.037
81.58 24 8.434
81.58 26 8.822
81.58 28 9.185
81.58 30 9.552
81.58 32 9.895
81.58 36 10.54
81.58 40 11.19
81.58 44 11.77
81.58 48 12.34
81.58 52 12.87
81.58 56 13.39
81.58 60 13.90
81.58 64 14.37
81.58 68 14.86
81.58 72 15.32
81.58 76 15.79
81.58 80 16.24
81.58 90 17.37
81.58 100 18.43
81.58 110 19.40
81.58 120 20.32
81.58 130 21.25
81.58 140 22.13
81.58 150 22.99
81.58 160 23.83
81.58 170 24.64
81.58 180 25.41
81.58 190 26.18
81.58 200 26.95
81.58 210 27.72
82.62 2 1.699
82.62 4 2.757
82.62 5 3.111
82.62 6 3.758
82.62 8 4.307
82.62 10 4.771
82.62 12 5.150
82.62 14 5.637
82.62 16 6.276
82.62 18 6.693
82.62 20 7.570
82.62 22 7.986
82.62 24 8.380
82.62 26 8.763
82.62 28 9.121
82.62 30 9.485
82.62 32 9.824
82.62 36 10.47
82.62 40 11.11
82.62 44 11.68
82.62 48 12.25
82.62 52 12.78
82.62 56 13.27
82.62 60 13.78
82.62 64 14.25
82.62 68 14.74
82.62 72 15.20
82.62 76 15.67
82.62 80 16.10
82.62 90 17.23
82.62 100 18.27
82.62 110 19.23
82.62 120 20.15
82.62 130 21.06
82.62 140 21.92
82.62 150 22.78
82.62 160 23.62
82.62 170 24.41
82.62 180 25.18
82.62 190 25.94
82.62 200 26.69
82.62 210 27.45
83.66 2 1.697
83.66 4 2.750
83.66 5 3.101
83.66 6 3.745
83.66 8 4.287
83.66 10 4.744
83.66 12 5.123
83.66 14 5.607
83.66 16 6.241
83.66 18 6.653
83.66 20 7.521
83.66 22 7.937
83.66 24 8.327
83.66 26 8.705
83.66 28 9.059
83.66 30 9.419
83.66 32 9.754
83.66 36 10.39
83.66 40 11.03
83.66 44 11.60
83.66 48 12.16
83.66 52 12.68
83.66 56 13.17
83.66 60 13.67
83.66 64 14.14
83.66 68 14.62
83.66 72 15.09
83.66 76 15.55
83.66 80 15.97
83.66 90 17.09
83.66 100 18.12
83.66 110 19.06
83.66 120 19.98
83.66 130 20.88
83.66 140 21.73
83.66 150 22.58
83.66 160 23.41
83.66 170 24.19
83.66 180 24.95
83.66 190 25.70
83.66 200 26.45
83.66 210 27.20
84.71 2 1.696
84.71 4 2.742
84.71 5 3.091
84.71 6 3.731
84.71 8 4.267
84.71 10 4.719
84.71 12 5.097
84.71 14 5.577
84.71 16 6.207
84.71 18 6.614
84.71 20 7.474
84.71 22 7.888
84.71 24 8.275
84.71 26 8.648
84.71 28 8.999
84.71 30 9.355
84.71 32 9.686
84.71 36 10.31
84.71 40 10.95
84.71 44 11.52
84.71 48 12.07
84.71 52 12.58
84.71 56 13.06
84.71 60 13.56
84.71 64 14.02
84.71 68 14.51
84.71 72 14.97
84.71 76 15.43
84.71 80 15.85
84.71 90 16.95
84.71 100 17.96
84.71 110 18.90
84.71 120 19.81
84.71 130 20.70
84.71 140 21.54
84.71 150 22.39
84.71 160 23.21
84.71 170 23.98
84.71 180 24.73
84.71 190 25.47
84.71 200 26.21
84.71 210 26.94
85.75 2 1.695
85.75 4 2.735
85.75 5 3.081
85.75 6 3.717
85.75 8 4.248
85.75 10 4.695
85.75 12 5.072
85.75 14 5.548
85.75 16 6.173
85.75 18 6.576
85.75 20 7.428
85.75 22 7.841
85.75 24 8.224
85.75 26 8.593
85.75 28 8.940
85.75 30 9.292
85.75 32 9.619
85.75 36 10.24
85.75 40 10.88
85.75 44 11.44
85.75 48 11.98
85.75 52 12.49
85.75 56 12.96
85.75 60 13.46
85.75 64 13.92
85.75 68 14.40
85.75 72 14.86
85.75 76 15.31
85.75 80 15.73
85.75 90 16.82
85.75 100 17.82
85.75 110 18.74
85.75 120 19.64
85.75 130 20.52
85.75 140 21.35
85.75 150 22.20
85.75 160 23.01
85.75 170 23.77
85.75 180 24.52
85.75 190 25.25
85.75 200 25.97
85.75 210 26.70
86.78 2 1.694
86.78 4 2.728
86.78 5 3.071
86.78 6 3.704
86.78 8 4.229
86.78 10 4.671
86.78 12 5.048
86.78 14 5.520
86.78 16 6.140
86.78 18 6.539
86.78 20 7.383
86.78 22 7.794
86.78 24 8.174
86.78 26 8.538
86.78 28 8.883
86.78 30 9.231
86.78 32 9.555
86.78 36 10.17
86.78 40 10.80
86.78 44 11.36
86.78 48 11.89
86.78 52 12.40
86.78 56 12.86
86.78 60 13.35
86.78 64 13.81
86.78 68 14.29
86.78 72 14.75
86.78 76 15.20
86.78 80 15.61
86.78 90 16.69
86.78 100 17.67
86.78 110 18.59
86.78 120 19.48
86.78 130 20.35
86.78 140 21.17
86.78 150 22.01
86.78 160 22.82
86.78 170 23.57
86.78 180 24.31
86.78 190 25.03
86.78 200 25.74
86.78 210 26.46
87.82 2 1.692
87.82 4 2.722
87.82 5 3.061
87.82 6 3.691
87.82 8 4.211
87.82 10 4.648
87.82 12 5.024
87.82 14 5.492
87.82 16 6.108
87.82 18 6.503
87.82 20 7.339
87.82 22 7.748
87.82 24 8.125
87.82 26 8.485
87.82 28 8.827
87.82 30 9.171
87.82 32 9.491
87.82 36 10.10
87.82 40 10.73
87.82 44 11.28
87.82 48 11.81
87.82 52 12.31
87.82 56 12.76
87.82 60 13.25
87.82 64 13.71
87.82 68 14.19
87.82 72 14.64
87.82 76 15.08
87.82 80 15.49
87.82 90 16.56
87.82 100 17.53
87.82 110 18.44
87.82 120 19.33
87.82 130 20.18
87.82 140 20.99
87.82 150 21.83
87.82 160 22.63
87.82 170 23.37
87.82 180 24.10
87.82 190 24.82
87.82 200 25.52
87.82 210 26.23
88.86 2 1.691
88.86 4 2.715
88.86 5 3.051
88.86 6 3.678
88.86 8 4.192
88.86 10 4.626
88.86 12 5.001
88.86 14 5.465
88.86 16 6.076
88.86 18 6.468
88.86 20 7.297
88.86 22 7.704
88.86 24 8.077
88.86 26 8.433
88.86 28 8.772
88.86 30 9.112
88.86 32 9.429
88.86 36 10.04
88.86 40 10.66
88.86 44 11.20
88.86 48 11.72
88.86 52 12.22
88.86 56 12.67
88.86 60 13.15
88.86 64 13.61
88.86 68 14.08
88.86 72 14.54
88.86 76 14.97
88.86 80 15.38
88.86 90 16.43
88.86 100 17.39
88.86 110 18.29
88.86 120 19.18
88.86 130 20.02
88.86 140 20.82
88.86 150 21.65
88.86 160 22.44
88.86 170 23.18
88.86 180 23.90
88.86 190 24.62
88.86 200 25.30
88.86 210 26.01
89.89 2 1.690
89.89 4 2.709
89.89 5 3.042
89.89 6 3.665
89.89 8 4.175
89.89 10 4.604
89.89 12 4.979
89.89 14 5.439
89.89 16 6.045
89.89 18 6.433
89.89 20 7.256
89.89 22 7.660
89.89 24 8.030
89.89 26 8.382
89.89 28 8.719
89.89 30 9.055
89.89 32 9.369
89.89 36 9.970
89.89 40 10.59
89.89 44 11.13
89.89 48 11.64
89.89 52 12.14
89.89 56 12.58
89.89 60 13.06
89.89 64 13.51
89.89 68 13.98
89.89 72 14.43
89.89 76 14.87
89.89 80 15.26
89.89 90 16.31
89.89 100 17.26
89.89 110 18.15
89.89 120 19.03
89.89 130 19.86
89.89 140 20.65
89.89 150 21.48
89.89 160 22.26
89.89 170 22.99
89.89 180 23.70
89.89 190 24.41
89.89 200 25.09
89.89 210 25.78
90.92 2 1.688
90.92 4 2.703
90.92 5 3.033
90.92 6 3.652
90.92 8 4.157
90.92 10 4.583
90.92 12 4.957
90.92 14 5.413
90.92 16 6.014
90.92 18 6.399
90.92 20 7.215
90.92 22 7.617
90.92 24 7.983
90.92 26 8.332
90.92 28 8.666
90.92 30 8.999
90.92 32 9.310
90.92 36 9.906
90.92 40 10.52
90.92 44 11.06
90.92 48 11.56
90.92 52 12.05
90.92 56 12.49
90.92 60 12.97
90.92 64 13.42
90.92 68 13.89
90.92 72 14.33
90.92 76 14.76
90.92 80 15.16
90.92 90 16.19
90.92 100 17.13
90.92 110 18.01
90.92 120 18.88
90.92 130 19.71
90.92 140 20.49
90.92 150 21.31
90.92 160 22.08
90.92 170 22.80
90.92 180 23.51
90.92 190 24.22
90.92 200 24.89
90.92 210 25.57
91.95 2 1.687
91.95 4 2.697
91.95 5 3.023
91.95 6 3.640
91.95 8 4.140
91.95 10 4.563
91.95 12 4.936
91.95 14 5.387
91.95 16 5.985
91.95 18 6.366
91.95 20 7.176
91.95 22 7.575
91.95 24 7.938
91.95 26 8.283
91.95 28 8.615
91.95 30 8.944
91.95 32 9.252
91.95 36 9.844
91.95 40 10.45
91.95 44 10.98
91.95 48 11.49
91.95 52 11.97
91.95 56 12.40
91.95 60 12.87
91.95 64 13.32
91.95 68 13.79
91.95 72 14.23
91.95 76 14.66
91.95 80 15.05
91.95 90 16.07
91.95 100 17.00
91.95 110 17.87
91.95 120 18.74
91.95 130 19.56
91.95 140 20.33
91.95 150 21.14
91.95 160 21.91
91.95 170 22.62
91.95 180 23.32
91.95 190 24.02
91.95 200 24.69
91.95 210 25.36
92.98 2 1.686
92.98 4 2.691
92.98 5 3.014
92.98 6 3.628
92.98 8 4.123
92.98 10 4.543
92.98 12 4.916
92.98 14 5.362
92.98 16 5.955
92.98 18 6.334
92.98 20 7.138
92.98 22 7.533
92.98 24 7.893
92.98 26 8.235
92.98 28 8.566
92.98 30 8.891
92.98 32 9.195
92.98 36 9.784
92.98 40 10.38
92.98 44 10.91
92.98 48 11.41
92.98 52 11.89
92.98 56 12.32
92.98 60 12.79
92.98 64 13.23
92.98 68 13.70
92.98 72 14.14
92.98 76 14.56
92.98 80 14.95
92.98 90 15.96
92.98 100 16.87
92.98 110 17.73
92.98 120 18.59
92.98 130 19.41
92.98 140 20.18
92.98 150 20.98
92.98 160 21.74
92.98 170 22.44
92.98 180 23.14
92.98 190 23.84
92.98 200 24.49
92.98 210 25.16
94.01 2 1.684
94.01 4 2.686
94.01 5 3.005
94.01 6 3.615
94.01 8 4.106
94.01 10 4.524
94.01 12 4.896
94.01 14 5.337
94.01 16 5.926
94.01 18 6.302
94.01 20 7.100
94.01 22 7.493
94.01 24 7.848
94.01 26 8.188
94.01 28 8.517
94.01 30 8.838
94.01 32 9.140
94.01 36 9.724
94.01 40 10.31
94.01 44 10.84
94.01 48 11.33
94.01 52 11.81
94.01 56 12.24
94.01 60 12.70
94.01 64 13.15
94.01 68 13.60
94.01 72 14.04
94.01 76 14.46
94.01 80 14.85
94.01 90 15.85
94.01 100 16.75
94.01 110 17.60
94.01 120 18.46
94.01 130 19.26
94.01 140 20.03
94.01 150 20.82
94.01 160 21.57
94.01 170 22.27
94.01 180 22.96
94.01 190 23.65
94.01 200 24.30
94.01 210 24.96
95.03 2 1.683
95.03 4 2.680
95.03 5 2.996
95.03 6 3.603
95.03 8 4.090
95.03 10 4.506
95.03 12 4.876
95.03 14 5.313
95.03 16 5.898
95.03 18 6.271
95.03 20 7.064
95.03 22 7.453
95.03 24 7.805
95.03 26 8.141
95.03 28 8.469
95.03 30 8.787
95.03 32 9.086
95.03 36 9.667
95.03 40 10.25
95.03 44 10.77
95.03 48 11.26
95.03 52 11.73
95.03 56 12.16
95.03 60 12.62
95.03 64 13.06
95.03 68 13.52
95.03 72 13.95
95.03 76 14.36
95.03 80 14.75
95.03 90 15.73
95.03 100 16.63
95.03 110 17.47
95.03 120 18.32
95.03 130 19.12
95.03 140 19.88
95.03 150 20.66
95.03 160 21.41
95.03 170 22.10
95.03 180 22.79
95.03 190 23.47
95.03 200 24.11
95.03 210 24.76
96.06 2 1.682
96.06 4 2.675
96.06 5 2.988
96.06 6 3.591
96.06 8 4.073
96.06 10 4.488
96.06 12 4.857
96.06 14 5.289
96.06 16 5.870
96.06 18 6.241
96.06 20 7.028
96.06 22 7.414
96.06 24 7.762
96.06 26 8.096
96.06 28 8.423
96.06 30 8.737
96.06 32 9.033
96.06 36 9.610
96.06 40 10.18
96.06 44 10.70
96.06 48 11.19
96.06 52 11.66
96.06 56 12.08
96.06 60 12.53
96.06 64 12.98
96.06 68 13.43
96.06 72 13.86
96.06 76 14.26
96.06 80 14.65
96.06 90 15.63
96.06 100 16.51
96.06 110 17.35
96.06 120 18.19
96.06 130 18.98
96.06 140 19.74
96.06 150 20.51
96.06 160 21.24
96.06 170 21.93
96.06 180 22.61
96.06 190 23.30
96.06 200 23.93
96.06 210 24.57
97.08 2 1.681
97.08 4 2.670
97.08 5 2.979
97.08 6 3.579
97.08 8 4.057
97.08 10 4.471
97.08 12 4.839
97.08 14 5.266
97.08 16 5.843
97.08 18 6.211
97.08 20 6.994
97.08 22 7.375
97.08 24 7.719
97.08 26 8.051
97.08 28 8.377
97.08 30 8.688
97.08 32 8.981
97.08 36 9.555
97.08 40 10.12
97.08 44 10.64
97.08 48 11.12
97.08 52 11.58
97.08 56 12.01
97.08 60 12.45
97.08 64 12.90
97.08 68 13.34
97.08 72 13.77
97.08 76 14.17
97.08 80 14.56
97.08 90 15.52
97.08 100 16.40
97.08 110 17.22
97.08 120 18.06
97.08 130 18.85
97.08 140 19.60
97.08 150 20.36
97.08 160 21.09
97.08 170 21.77
97.08 180 22.45
97.08 190 23.12
97.08 200 23.75
97.08 210 24.38
98.10 2 1.679
98.10 4 2.665
98.10 5 2.971
98.10 6 3.568
98.10 8 4.042
98.10 10 4.454
98.10 12 4.821
98.10 14 5.243
98.10 16 5.816
98.10 18 6.181
98.10 20 6.960
98.10 22 7.338
98.10 24 7.678
98.10 26 8.007
98.10 28 8.332
98.10 30 8.639
98.10 32 8.930
98.10 36 9.501
98.10 40 10.06
98.10 44 10.57
98.10 48 11.05
98.10 52 11.51
98.10 56 11.93
98.10 60 12.37
98.10 64 12.82
98.10 68 13.26
98.10 72 13.68
98.10 76 14.08
98.10 80 14.46
98.10 90 15.41
98.10 100 16.29
98.10 110 17.10
98.10 120 17.93
98.10 130 18.72
98.10 140 19.46
98.10 150 20.22
98.10 160 20.93
98.10 170 21.61
98.10 180 22.28
98.10 190 22.95
98.10 200 23.57
98.10 210 24.20
99.12 2 1.678
99.12 4 2.660
99.12 5 2.962
99.12 6 3.556
99.12 8 4.026
99.12 10 4.438
99.12 12 4.803
99.12 14 5.221
99.12 16 5.790
99.12 18 6.153
99.12 20 6.927
99.12 22 7.301
99.12 24 7.637
99.12 26 7.964
99.12 28 8.289
99.12 30 8.592
99.12 32 8.880
99.12 36 9.449
99.12 40 9.998
99.12 44 10.50
99.12 48 10.98
99.12 52 11.43
99.12 56 11.86
99.12 60 12.30
99.12 64 12.74
99.12 68 13.18
99.12 72 13.59
99.12 76 13.99
99.12 80 14.37
99.12 90 15.31
99.12 100 16.18
99.12 110 16.98
99.12 120 17.81
99.12 130 18.59
99.12 140 19.33
99.12 150 20.07
99.12 160 20.78
99.12 170 21.45
99.12 180 22.12
99.12 190 22.79
99.12 200 23.40
99.12 210 24.02
100.1 2 1.677
100.1 4 2.655
100.1 5 2.954
100.1 6 3.545
100.1 8 4.011
100.1 10 4.422
100.1 12 4.786
100.1 14 5.198
100.1 16 5.764
100.1 18 6.125
100.1 20 6.894
100.1 22 7.264
100.1 24 7.596
100.1 26 7.922
100.1 28 8.246
100.1 30 8.546
100.1 32 8.831
100.1 36 9.397
100.1 40 9.938
100.1 44 10.44
100.1 48 10.91
100.1 52 11.36
100.1 56 11.79
100.1 60 12.22
100.1 64 12.67
100.1 68 13.10
100.1 72 13.50
100.1 76 13.90
100.1 80 14.28
100.1 90 15.21
100.1 100 16.07
100.1 110 16.87
100.1 120 17.68
100.1 130 18.46
100.1 140 19.20
100.1 150 19.93
100.1 160 20.63
100.1 170 21.29
100.1 180 21.96
100.1 190 22.63
100.1 200 23.24
100.1 210 23.85
101.2 2 1.675
101.2 4 2.651
101.2 5 2.945
101.2 6 3.533
101.2 8 3.996
101.2 10 4.407
101.2 12 4.770
101.2 14 5.176
101.2 16 5.739
101.2 18 6.097
101.2 20 6.863
101.2 22 7.228
101.2 24 7.556
101.2 26 7.880
101.2 28 8.204
101.2 30 8.500
101.2 32 8.783
101.2 36 9.347
101.2 40 9.878
101.2 44 10.38
101.2 48 10.85
101.2 52 11.29
101.2 56 11.72
101.2 60 12.15
101.2 64 12.59
101.2 68 13.02
101.2 72 13.42
101.2 76 13.81
101.2 80 14.20
101.2 90 15.11
101.2 100 15.96
101.2 110 16.75
101.2 120 17.56
101.2 130 18.33
101.2 140 19.07
101.2 150 19.80
101.2 160 20.48
101.2 170 21.14
101.2 180 21.81
101.2 190 22.47
101.2 200 23.07
101.2 210 23.68
102.2 2 1.674
102.2 4 2.646
102.2 5 2.937
102.2 6 3.522
102.2 8 3.981
102.2 10 4.392
102.2 12 4.754
102.2 14 5.155
102.2 16 5.714
102.2 18 6.070
102.2 20 6.832
102.2 22 7.193
102.2 24 7.517
102.2 26 7.839
102.2 28 8.163
102.2 30 8.455
102.2 32 8.736
102.2 36 9.298
102.2 40 9.819
102.2 44 10.31
102.2 48 10.78
102.2 52 11.22
102.2 56 11.65
102.2 60 12.08
102.2 64 12.52
102.2 68 12.94
102.2 72 13.34
102.2 76 13.72
102.2 80 14.11
102.2 90 15.01
102.2 100 15.86
102.2 110 16.64
102.2 120 17.44
102.2 130 18.21
102.2 140 18.95
102.2 150 19.66
102.2 160 20.33
102.2 170 20.99
102.2 180 21.66
102.2 190 22.31
102.2 200 22.92
102.2 210 23.51
103.2 2 1.673
103.2 4 2.642
103.2 5 2.929
103.2 6 3.511
103.2 8 3.966
103.2 10 4.377
103.2 12 4.738
103.2 14 5.134
103.2 16 5.689
103.2 18 6.043
103.2 20 6.802
103.2 22 7.158
103.2 24 7.478
103.2 26 7.798
103.2 28 8.122
103.2 30 8.412
103.2 32 8.690
103.2 36 9.250
103.2 40 9.761
103.2 44 10.25
103.2 48 10.72
103.2 52 11.16
103.2 56 11.59
103.2 60 12.01
103.2 64 12.45
103.2 68 12.87
103.2 72 13.25
103.2 76 13.64
103.2 80 14.03
103.2 90 14.91
103.2 100 15.76
103.2 110 16.53
103.2 120 17.33
103.2 130 18.09
103.2 140 18.83
103.2 150 19.53
103.2 160 20.19
103.2 170 20.85
103.2 180 21.51
103.2 190 22.16
103.2 200 22.76
103.2 210 23.35
104.2 2 1.672
104.2 4 2.637
104.2 5 2.921
104.2 6 3.500
104.2 8 3.952
104.2 10 4.363
104.2 12 4.722
104.2 14 5.113
104.2 16 5.665
104.2 18 6.017
104.2 20 6.772
104.2 22 7.124
104.2 24 7.439
104.2 26 7.759
104.2 28 8.083
104.2 30 8.369
104.2 32 8.645
104.2 36 9.203
104.2 40 9.704
104.2 44 10.19
104.2 48 10.65
104.2 52 11.09
104.2 56 11.53
104.2 60 11.94
104.2 64 12.38
104.2 68 12.79
104.2 72 13.17
104.2 76 13.56
104.2 80 13.95
104.2 90 14.82
104.2 100 15.66
104.2 110 16.43
104.2 120 17.21
104.2 130 17.97
104.2 140 18.71
104.2 150 19.40
104.2 160 20.05
104.2 170 20.70
104.2 180 21.36
104.2 190 22.01
104.2 200 22.61
104.2 210 23.19
105.2 2 1.670
105.2 4 2.633
105.2 5 2.913
105.2 6 3.489
105.2 8 3.938
105.2 10 4.350
105.2 12 4.708
105.2 14 5.092
105.2 16 5.641
105.2 18 5.992
105.2 20 6.744
105.2 22 7.090
105.2 24 7.401
105.2 26 7.720
105.2 28 8.044
105.2 30 8.327
105.2 32 8.601
105.2 36 9.157
105.2 40 9.647
105.2 44 10.13
105.2 48 10.59
105.2 52 11.02
105.2 56 11.46
105.2 60 11.87
105.2 64 12.32
105.2 68 12.72
105.2 72 13.09
105.2 76 13.47
105.2 80 13.87
105.2 90 14.73
105.2 100 15.56
105.2 110 16.32
105.2 120 17.10
105.2 130 17.86
105.2 140 18.60
105.2 150 19.27
105.2 160 19.91
105.2 170 20.56
105.2 180 21.22
105.2 190 21.87
105.2 200 22.46
105.2 210 23.04
106.2 2 1.669
106.2 4 2.629
106.2 5 2.905
106.2 6 3.478
106.2 8 3.923
106.2 10 4.337
106.2 12 4.693
106.2 14 5.072
106.2 16 5.617
106.2 18 5.966
106.2 20 6.716
106.2 22 7.057
106.2 24 7.364
106.2 26 7.681
106.2 28 8.006
106.2 30 8.285
106.2 32 8.557
106.2 36 9.112
106.2 40 9.591
106.2 44 10.07
106.2 48 10.53
106.2 52 10.96
106.2 56 11.40
106.2 60 11.80
106.2 64 12.25
106.2 68 12.65
106.2 72 13.02
106.2 76 13.39
106.2 80 13.79
106.2 90 14.63
106.2 100 15.47
106.2 110 16.22
106.2 120 16.99
106.2 130 17.75
106.2 140 18.49
106.2 150 19.15
106.2 160 19.78
106.2 170 20.43
106.2 180 21.08
106.2 190 21.72
106.2 200 22.31
106.2 210 22.88
107.2 2 1.668
107.2 4 2.625
107.2 5 2.897
107.2 6 3.467
107.2 8 3.910
107.2 10 4.324
107.2 12 4.679
107.2 14 5.052
107.2 16 5.594
107.2 18 5.942
107.2 20 6.688
107.2 22 7.024
107.2 24 7.327
107.2 26 7.643
107.2 28 7.969
107.2 30 8.244
107.2 32 8.514
107.2 36 9.068
107.2 40 9.536
107.2 44 10.01
107.2 48 10.47
107.2 52 10.90
107.2 56 11.34
107.2 60 11.74
107.2 64 12.19
107.2 68 12.58
107.2 72 12.94
107.2 76 13.31
107.2 80 13.71
107.2 90 14.54
107.2 100 15.38
107.2 110 16.12
107.2 120 16.88
107.2 130 17.64
107.2 140 18.38
107.2 150 19.02
107.2 160 19.64
107.2 170 20.29
107.2 180 20.94
107.2 190 21.58
107.2 200 22.17
107.2 210 22.73
108.2 2 1.666
108.2 4 2.622
108.2 5 2.890
108.2 6 3.456
108.2 8 3.896
108.2 10 4.312
108.2 12 4.665
108.2 14 5.033
108.2 16 5.571
108.2 18 5.917
108.2 20 6.661
108.2 22 6.992
108.2 24 7.290
108.2 26 7.606
108.2 28 7.933
108.2 30 8.204
108.2 32 8.472
108.2 36 9.025
108.2 40 9.482
108.2 44 9.951
108.2 48 10.41
108.2 52 10.83
108.2 56 11.29
108.2 60 11.68
108.2 64 12.13
108.2 68 12.51
108.2 72 12.86
108.2 76 13.23
108.2 80 13.64
108.2 90 14.45
108.2 100 15.28
108.2 110 16.02
108.2 120 16.77
108.2 130 17.53
108.2 140 18.27
108.2 150 18.90
108.2 160 19.51
108.2 170 20.16
108.2 180 20.80
108.2 190 21.44
108.2 200 22.03
108.2 210 22.59
109.2 2 1.665
109.2 4 2.618
109.2 5 2.882
109.2 6 3.445
109.2 8 3.882
109.2 10 4.300
109.2 12 4.651
109.2 14 5.013
109.2 16 5.549
109.2 18 5.893
109.2 20 6.635
109.2 22 6.960
109.2 24 7.254
109.2 26 7.569
109.2 28 7.897
109.2 30 8.165
109.2 32 8.431
109.2 36 8.983
109.2 40 9.428
109.2 44 9.893
109.2 48 10.35
109.2 52 10.77
109.2 56 11.23
109.2 60 11.62
109.2 64 12.07
109.2 68 12.44
109.2 72 12.79
109.2 76 13.16
109.2 80 13.56
109.2 90 14.37
109.2 100 15.19
109.2 110 15.92
109.2 120 16.67
109.2 130 17.42
109.2 140 18.16
109.2 150 18.78
109.2 160 19.38
109.2 170 20.02
109.2 180 20.67
109.2 190 21.31
109.2 200 21.89
109.2 210 22.44
110.2 2 1.664
110.2 4 2.614
110.2 5 2.874
110.2 6 3.435
110.2 8 3.869
110.2 10 4.288
110.2 12 4.638
110.2 14 4.994
110.2 16 5.526
110.2 18 5.870
110.2 20 6.609
110.2 22 6.929
110.2 24 7.218
110.2 26 7.533
110.2 28 7.861
110.2 30 8.127
110.2 32 8.391
110.2 36 8.941
110.2 40 9.375
110.2 44 9.835
110.2 48 10.30
110.2 52 10.71
110.2 56 11.17
110.2 60 11.55
110.2 64 12.01
110.2 68 12.38
110.2 72 12.72
110.2 76 13.08
110.2 80 13.49
110.2 90 14.28
110.2 100 15.11
110.2 110 15.82
110.2 120 16.57
110.2 130 17.32
110.2 140 18.06
110.2 150 18.67
110.2 160 19.25
110.2 170 19.90
110.2 180 20.54
110.2 190 21.17
110.2 200 21.76
110.2 210 22.30
111.2 2 1.663
111.2 4 2.611
111.2 5 2.867
111.2 6 3.424
111.2 8 3.855
111.2 10 4.277
111.2 12 4.625
111.2 14 4.975
111.2 16 5.504
111.2 18 5.846
111.2 20 6.583
111.2 22 6.898
111.2 24 7.182
111.2 26 7.496
111.2 28 7.827
111.2 30 8.088
111.2 32 8.350
111.2 36 8.901
111.2 40 9.321
111.2 44 9.778
111.2 48 10.24
111.2 52 10.65
111.2 56 11.12
111.2 60 11.50
111.2 64 11.95
111.2 68 12.31
111.2 72 12.64
111.2 76 13.01
111.2 80 13.42
111.2 90 14.19
111.2 100 15.02
111.2 110 15.73
111.2 120 16.46
111.2 130 17.21
111.2 140 17.96
111.2 150 18.55
111.2 160 19.13
111.2 170 19.77
111.2 180 20.41
111.2 190 21.04
111.2 200 21.63
111.2 210 22.16
