 #  Total cross section table (last run of 'elscata').
 #
 #  Z =  92,   projectile: positron
 #
 #   Energy         ECS         TCS1         TCS2         ABSCS      error
 #    (eV)        (cm**2)      (cm**2)      (cm**2)      (cm**2)
 #--------------------------------------------------------------------------
   1.00000E+02  5.93198E-16  6.94180E-17  1.10409E-16  1.36788E-15  8.9E-06
   1.25000E+02  5.00027E-16  6.30977E-17  1.01005E-16  1.15995E-15  3.0E-06
   1.50000E+02  4.63322E-16  5.83940E-17  9.58180E-17  1.01014E-15  7.0E-06
   1.75000E+02  4.46015E-16  5.53646E-17  9.26709E-17  8.96757E-16  5.0E-06
   2.00000E+02  4.34761E-16  5.25784E-17  8.93727E-17  8.07661E-16  3.4E-05
   2.50000E+02  4.20199E-16  4.77797E-17  8.30399E-17  6.75937E-16  2.6E-06
   3.00000E+02  4.10031E-16  4.38447E-17  7.73758E-17  5.82688E-16  3.4E-05
   3.50000E+02  4.01510E-16  4.05718E-17  7.24074E-17  5.12897E-16  5.4E-06
   4.00000E+02  3.93722E-16  3.77945E-17  6.80375E-17  4.58567E-16  7.5E-06
   4.50000E+02  3.86353E-16  3.54020E-17  6.41763E-17  4.14998E-16  4.8E-06
   5.00000E+02  3.79273E-16  3.33084E-17  6.07349E-17  3.79247E-16  3.0E-05
   6.00000E+02  3.65833E-16  2.97932E-17  5.48513E-17  3.24001E-16  1.6E-05
   7.00000E+02  3.53408E-16  2.69786E-17  5.00576E-17  2.83172E-16  2.8E-05
   8.00000E+02  3.41891E-16  2.46454E-17  4.60444E-17  2.51743E-16  1.6E-05
   9.00000E+02  3.31241E-16  2.26777E-17  4.26351E-17  2.26772E-16  3.7E-06
   1.00000E+03  3.21412E-16  2.10003E-17  3.97105E-17  2.06422E-16  5.6E-06
   1.25000E+03  2.99926E-16  1.77165E-17  3.39291E-17  1.68856E-16  6.5E-03
   1.50000E+03  2.82024E-16  1.53210E-17  2.96493E-17  1.43035E-16  1.1E-02
   1.75000E+03  2.66874E-16  1.35065E-17  2.63572E-17  1.24136E-16  8.6E-03
   2.00000E+03  2.53825E-16  1.20762E-17  2.37270E-17  1.09696E-16  9.0E-03
   2.50000E+03  2.32354E-16  9.96421E-18  1.97755E-17  8.90652E-17  6.3E-03
   3.00000E+03  2.15250E-16  8.46666E-18  1.69267E-17  7.50406E-17  6.3E-03
   3.50000E+03  2.01189E-16  7.34668E-18  1.47740E-17  6.48846E-17  5.4E-03
   4.00000E+03  1.89351E-16  6.47591E-18  1.30902E-17  5.71891E-17  4.8E-03
   4.50000E+03  1.79205E-16  5.77915E-18  1.17384E-17  5.11541E-17  1.5E-02
   5.00000E+03  1.70381E-16  5.20839E-18  1.06289E-17  4.62935E-17  2.0E-02
   6.00000E+03  1.55716E-16  4.32881E-18  8.91555E-18  3.89443E-17  2.1E-02
   7.00000E+03  1.43951E-16  3.68334E-18  7.65378E-18  3.36469E-17  2.1E-02
   8.00000E+03  1.34254E-16  3.19070E-18  6.68600E-18  2.96437E-17  1.7E-02
   9.00000E+03  1.26094E-16  2.80383E-18  5.92124E-18  2.65087E-17  2.1E-02
   1.00000E+04  1.19109E-16  2.49286E-18  5.30213E-18  2.39859E-17  1.2E-02
   1.25000E+04  1.06256E-16  1.93174E-18  4.17135E-18  1.94101E-17  5.9E-07
   1.50000E+04  9.57156E-17  1.55786E-18  3.40534E-18  1.63369E-17  1.0E-07
   1.75000E+04  8.75130E-17  1.29240E-18  2.85396E-18  1.41316E-17  1.0E-07
   2.00000E+04  8.09098E-17  1.09533E-18  2.43998E-18  1.24722E-17  1.0E-07
   2.50000E+04  7.08604E-17  8.24610E-19  1.86398E-18  1.01406E-17  2.8E-07
   3.00000E+04  6.35103E-17  6.49534E-19  1.48608E-18  8.57962E-18  1.0E-06
   3.50000E+04  5.78605E-17  5.28481E-19  1.22166E-18  7.46595E-18  1.0E-07
   4.00000E+04  5.33608E-17  4.40651E-19  1.02779E-18  6.62720E-18  1.0E-07
   4.50000E+04  4.96799E-17  3.74537E-19  8.80482E-19  5.97396E-18  3.1E-06
   5.00000E+04  4.66054E-17  3.23294E-19  7.65342E-19  5.45092E-18  1.5E-06
   6.00000E+04  4.17451E-17  2.49715E-19  5.98261E-19  4.66577E-18  1.8E-06
   7.00000E+04  3.80623E-17  2.00065E-19  4.84104E-19  4.10477E-18  4.0E-06
   8.00000E+04  3.51665E-17  1.64746E-19  4.02049E-19  3.68408E-18  1.5E-05
   9.00000E+04  3.28250E-17  1.38596E-19  3.40757E-19  3.35699E-18  4.3E-05
   1.00000E+05  3.08901E-17  1.18617E-19  2.93566E-19  3.09541E-18  1.1E-04
   1.25000E+05  2.72539E-17  8.50726E-20  2.13485E-19  2.62443E-18  6.1E-04
   1.50000E+05  2.47089E-17  6.47106E-20  1.64219E-19  2.30880E-18  2.2E-03
   1.75000E+05  2.28269E-17  5.13056E-20  1.31428E-19  2.07947E-18  6.1E-03
   2.00000E+05  2.13791E-17  4.19503E-20  1.08330E-19  1.90122E-18  1.3E-02
   2.50000E+05  1.93009E-17  2.99741E-20  7.84282E-20  1.69694E-18  5.9E-06
   3.00000E+05  1.78857E-17  2.27961E-20  6.02707E-20  1.54560E-18  6.5E-06
   3.50000E+05  1.68642E-17  1.81046E-20  4.82741E-20  1.43899E-18  1.0E-07
   4.00000E+05  1.60955E-17  1.48423E-20  3.98551E-20  1.36017E-18  1.0E-07
   4.50000E+05  1.54985E-17  1.24655E-20  3.36726E-20  1.29976E-18  2.7E-07
   5.00000E+05  1.50233E-17  1.06700E-20  2.89695E-20  1.25206E-18  7.5E-07
   6.00000E+05  1.43188E-17  8.16164E-21  2.23422E-20  1.18276E-18  1.0E-07
   7.00000E+05  1.38262E-17  6.51236E-21  1.79410E-20  1.13470E-18  1.0E-07
   8.00000E+05  1.34660E-17  5.35733E-21  1.48337E-20  1.09985E-18  1.0E-07
   9.00000E+05  1.31936E-17  4.50974E-21  1.25382E-20  1.07364E-18  1.0E-07
   1.00000E+06  1.29820E-17  3.86504E-21  1.07822E-20  1.05336E-18  1.0E-07
   1.25000E+06  1.26488E-17  2.81176E-21  7.89217E-21  0.00000E+00  1.0E-07
   1.50000E+06  1.24236E-17  2.14523E-21  6.04832E-21  0.00000E+00  1.0E-07
   1.75000E+06  1.22741E-17  1.70270E-21  4.81659E-21  0.00000E+00  1.0E-07
   2.00000E+06  1.22040E-17  1.39373E-21  3.95276E-21  0.00000E+00  1.2E-05
   2.50000E+06  1.20491E-17  9.88280E-22  2.81341E-21  0.00000E+00  1.2E-05
   3.00000E+06  1.19585E-17  7.42884E-22  2.12047E-21  0.00000E+00  1.2E-05
   3.50000E+06  1.19003E-17  5.81612E-22  1.66351E-21  0.00000E+00  1.2E-05
   4.00000E+06  1.18632E-17  4.69289E-22  1.34441E-21  0.00000E+00  1.2E-05
   4.50000E+06  1.18313E-17  3.87583E-22  1.11182E-21  0.00000E+00  1.2E-05
   5.00000E+06  1.18302E-17  3.26202E-22  9.36802E-22  0.00000E+00  1.2E-05
   6.00000E+06  1.17895E-17  2.41075E-22  6.93584E-22  0.00000E+00  1.2E-05
   7.00000E+06  1.17714E-17  1.86113E-22  5.36224E-22  0.00000E+00  1.2E-05
   8.00000E+06  1.17607E-17  1.48406E-22  4.28090E-22  0.00000E+00  1.2E-05
   9.00000E+06  1.17529E-17  1.21338E-22  3.50360E-22  0.00000E+00  1.2E-05
   1.00000E+07  1.17464E-17  1.01207E-22  2.92487E-22  0.00000E+00  1.2E-05
   1.25000E+07  1.17387E-17  6.86711E-23  1.98811E-22  0.00000E+00  1.2E-05
   1.50000E+07  1.17343E-17  4.98477E-23  1.44520E-22  0.00000E+00  1.2E-05
   1.75000E+07  1.17315E-17  3.79335E-23  1.10110E-22  0.00000E+00  1.2E-05
   2.00000E+07  1.17297E-17  2.98942E-23  8.68660E-23  0.00000E+00  1.2E-05
   2.50000E+07  1.17277E-17  2.00161E-23  5.82704E-23  0.00000E+00  1.2E-05
   3.00000E+07  1.17280E-17  1.43819E-23  4.19382E-23  0.00000E+00  1.2E-05
   3.50000E+07  1.17257E-17  1.08523E-23  3.16960E-23  0.00000E+00  1.2E-05
   4.00000E+07  1.17248E-17  8.48979E-24  2.48342E-23  0.00000E+00  1.2E-05
   4.50000E+07  1.17275E-17  6.82741E-24  2.00020E-23  0.00000E+00  1.2E-05
   5.00000E+07  1.17225E-17  5.61185E-24  1.64658E-23  0.00000E+00  1.2E-05
   6.00000E+07  1.17236E-17  3.98612E-24  1.17309E-23  0.00000E+00  1.2E-05
   7.00000E+07  1.17272E-17  2.97603E-24  8.78342E-24  0.00000E+00  1.2E-05
   8.00000E+07  1.17263E-17  2.30504E-24  6.82082E-24  0.00000E+00  1.2E-05
   9.00000E+07  1.17257E-17  1.83684E-24  5.44762E-24  0.00000E+00  1.2E-05
   1.00000E+08  1.17264E-17  1.49745E-24  4.44939E-24  0.00000E+00  1.2E-05
   1.25000E+08  1.17258E-17  9.68658E-25  2.88748E-24  0.00000E+00  1.2E-05
   1.50000E+08  1.17257E-17  6.77102E-25  2.02219E-24  0.00000E+00  1.2E-05
   1.75000E+08  1.17255E-17  4.99666E-25  1.49402E-24  0.00000E+00  1.2E-05
   2.00000E+08  1.17257E-17  3.83769E-25  1.14837E-24  0.00000E+00  1.2E-05
   2.50000E+08  1.17254E-17  2.46656E-25  7.38757E-25  0.00000E+00  2.3E-05
   3.00000E+08  1.17243E-17  1.71754E-25  5.14675E-25  0.00000E+00  8.2E-05
   3.50000E+08  1.17219E-17  1.26413E-25  3.78923E-25  0.00000E+00  8.9E-05
   4.00000E+08  1.17188E-17  9.69078E-26  2.90538E-25  0.00000E+00  1.0E-04
   4.50000E+08  1.17177E-17  7.66371E-26  2.29796E-25  0.00000E+00  1.2E-04
   5.00000E+08  1.17087E-17  6.21166E-26  1.86274E-25  0.00000E+00  1.0E+00
   6.00000E+08  1.16963E-17  4.31716E-26  1.29478E-25  0.00000E+00  1.0E+00
   7.00000E+08  1.16795E-17  3.17306E-26  9.51722E-26  0.00000E+00  1.0E+00
   8.00000E+08  1.16493E-17  2.42964E-26  7.28776E-26  0.00000E+00  1.0E+00
   9.00000E+08  1.16104E-17  1.91965E-26  5.75822E-26  0.00000E+00  1.0E+00
   1.00000E+09  1.15627E-17  1.55475E-26  4.66379E-26  0.00000E+00  1.0E+00
