0.0004 2.34985
0.00045 2.39031
0.0005 2.41286
0.00055 2.42249
0.0006 2.42017
0.00065 2.4109
0.0007 2.39366
0.0008 2.34727
0.0009 2.28896
0.001 2.22571
0.0011 2.1605
0.0012 2.09632
0.0013 2.03316
0.0014 1.97303
0.0015 1.91491
0.0016 1.86081
0.0017 1.80772
0.0018 1.75863
0.002 1.66649
0.00225 1.56335
0.0025 1.47223
0.00275 1.39013
0.003 1.31805
0.00325 1.25298
0.0035 1.19392
0.00375 1.13986
0.004 1.09081
0.0045 1.00573
0.005 0.932869
0.0055 0.870515
0.006 0.81627
0.0065 0.768831
0.007 0.726797
0.008 0.655841
0.009 0.608198
0.01 0.561562
0.011 0.521132
0.012 0.486708
0.013 0.456886
0.014 0.430968
0.015 0.408052
0.016 0.387638
0.017 0.369425
0.018 0.353014
0.02 0.324495
0.0225 0.295275
0.025 0.271259
0.0275 0.251146
0.03 0.234035
0.0325 0.219326
0.035 0.206518
0.0375 0.19521
0.04 0.185204
0.045 0.168194
0.05 0.154285
0.055 0.142778
0.06 0.132872
0.065 0.124467
0.07 0.117063
0.08 0.104955
0.09 0.0952699
0.1 0.0873853
0.11 0.0808315
0.12 0.0752783
0.13 0.0705256
0.14 0.0663933
0.15 0.0627812
0.16 0.0595794
0.17 0.0567379
0.18 0.0541764
0.2 0.049794
0.225 0.0453315
0.25 0.0417095
0.275 0.0387079
0.3 0.0361665
0.325 0.0340054
0.35 0.0321343
0.375 0.0304935
0.4 0.0290527
0.45 0.0266214
0.5 0.0246503
0.55 0.0230295
0.6 0.0216587
0.65 0.0204981
0.7 0.0194876
0.8 0.0178467
0.9 0.016556
1.00 0.0155154
1.10 0.014665
1.20 0.0139546
1.30 0.0133543
1.40 0.012834
1.50 0.0123837
1.60 0.0119935
1.70 0.0116533
1.80 0.0113431
2.00 0.0108329
2.25 0.0103226
2.50 0.00991932
2.75 0.00959712
3.00 0.00933395
3.25 0.00911681
3.50 0.00893569
3.75 0.00878259
4.00 0.00865349
4.50 0.00844634
5.00 0.00829221
5.50 0.00817611
6.00 0.00808702
6.50 0.00801895
7.00 0.00796689
8.00 0.00789678
9.00 0.0078577
10.00 0.00783963
11.00 0.00783458
12.00 0.00783853
13.00 0.0078495
14.00 0.00786446
15.00 0.00788243
16.00 0.00790341
17.00 0.00792539
18.00 0.00794836
20.00 0.00799533
