#
# The next is an example of a complex composition at low energy
#  This is a plausble example.  The unit of flux is
#   /(m2 sec sr Gev)
#-----------------------------------------------------------
  'p'   'GeV'     'KE/n'  'd'     0   /
	1.0	650
       	1.5	500
 	2.0	350
	3.0	190
	4.0	120
	5.0	80
	10	20
	20	4.0
	50	.41
	100	.08
	200	.013
	500.	1.2e-3
	1000.	2.e-4
        10.e3   3.17e-7
        100.e3  5.e-10
	200.e3  6.9e-11
        500.e3  5.07e-12
       1000.e3  6.34e-13
       10000e3  6.3e-16
       1.e9     4.0e-22
       1.e10    3.5e-25
	0.	0.
  'He'  'GeV'    'KE/n'  'd'      0  /
	1.0	50
	1.5	40
	2.	26
	3.	12
	5.	4.8
	10.	1.
	20.	.2
	50.	.02
	100.	3.7e-3
	200.	5.e-4
        400.    7.7e-5   
        2.e3    9.98e-7
        20.e3   1.99e-9
       200.e3  3.97e-12
       400.e3   6.1e-13
       800.e3  8.46e-14
      8000.e3   8.46e-17
      8.e8      5.3e-23
         0        0
  'CNO' 'GeV'    'KE/n'  'd'      0  /
	1.	3.8
	1.5	2.5
	2.	1.75
	3.	.8
	5.	.33
	10.	7.e-2
	20.	1.2e-2
	50.	1.2e-3
	100.	2.2e-4
        400.    5.85e-6
        2.e3    7.58e-8
        20.e3	1.51e-10
	200.e3  3.02e-13
        1400.e3  1.58e-15
        3000.e3  1.8e-16
       30000.e3  1.8e-19
       3.e9      1.13e-25	
         0        0









