0.00045 7.448
0.0005 7.479
0.00055 7.51
0.0006 7.542
0.00065 7.581
0.0007 7.624
0.0008 7.733
0.0009 7.872
0.001 8.039
0.0011 8.229
0.0012 8.436
0.0013 8.658
0.0014 8.89
0.0015 9.131
0.0016 9.377
0.0017 9.629
0.0018 9.884
0.002 10.3992
0.00225 11.0464
0.0025 11.7047
0.00275 12.3522
0.003 12.9969
0.00325 13.6274
0.0035 14.2526
0.00375 14.8716
0.004 15.4839
0.0045 16.6763
0.005 17.8168
0.0055 18.9235
0.006 19.9749
0.0065 20.9901
0.007 21.9483
0.008 23.742
0.009 25.3526
0.01 26.7985
0.011 28.0982
0.012 29.2709
0.013 30.3259
0.014 31.2828
0.015 32.1513
0.016 32.9411
0.017 33.6619
0.018 34.3236
0.02 35.4693
0.0225 36.6347
0.025 37.5626
0.0275 38.2926
0.03 38.854
0.0325 39.2867
0.035 39.6003
0.0375 39.8147
0.04 39.9497
0.045 40.0412
0.05 39.9443
0.055 39.7186
0.06 39.3937
0.065 39.0095
0.07 38.5759
0.08 37.6298
0.09 36.6351
0.1 35.9312
0.11 35.3579
0.12 34.4652
0.13 33.5628
0.14 32.7108
0.15 31.909
0.16 31.1374
0.17 30.406
0.18 29.7148
0.2 28.4226
0.225 26.9704
0.25 25.6586
0.275 24.4871
0.3 23.4158
0.325 22.4447
0.35 21.5538
0.375 20.733
0.4 19.9823
0.45 18.6411
0.5 17.4801
0.55 16.4693
0.6 15.5886
0.65 14.798
0.7 14.1075
0.8 12.9166
0.9 11.936
1.00 11.1054
1.10 10.405
1.20 9.78762
1.30 9.2383
1.40 8.74202
1.50 8.30078
1.60 7.91357
1.70 7.56438
1.80 7.24821
2.00 6.69992
2.25 6.13462
2.50 5.67039
2.75 5.27919
3.00 4.93502
3.25 4.63888
3.50 4.38176
3.75 4.15665
4.00 3.95756
4.50 3.6204
5.00 3.34727
5.50 3.12117
6.00 2.93008
6.50 2.767
7.00 2.62594
8.00 2.39383
9.00 2.21274
10.00 2.06568
11.00 1.94462
12.00 1.84357
13.00 1.75753
14.00 1.6835
15.00 1.61947
16.00 1.56244
17.00 1.51342
18.00 1.46939
20.00 1.39436
22.50 1.32032
25.00 1.26129
27.50 1.21427
30.00 1.17525
32.50 1.14223
35.00 1.11521
37.50 1.0912
40.00 1.07119
45.00 1.03917
50.00 1.01415
55.00 0.99514
60.00 0.98013
65.00 0.96822
70.00 0.958712
80.00 0.944799
90.00 0.935889
100.00 0.930181
110.00 0.926774
120.00 0.924868
130.00 0.924063
140.00 0.924159
150.00 0.924855
160.00 0.925952
170.00 0.927349
180.00 0.929047
200.00 0.932942
225.00 0.938438
250.00 0.944134
