14.65 2 1.92
14.65 4 3.60
14.65 5 4.37
14.65 6 5.11
14.65 8 6.52
14.65 10 7.88
14.65 12 9.18
14.65 14 10.24
14.65 16 11.67
14.65 18 12.86
14.65 20 14.03
14.65 22 15.18
14.65 24 16.30
14.65 26 17.41
14.65 28 18.50
14.65 30 19.57
14.65 32 20.62
14.65 36 22.69
14.65 40 24.86
14.65 44 26.68
14.65 48 28.61
14.65 52 30.51
14.65 56 32.37
14.65 60 34.21
14.65 64 36.01
14.65 68 37.79
14.65 72 39.54
14.65 76 41.27
14.65 80 42.98
14.65 90 47.16
14.65 100 51.23
14.65 110 55.21
14.65 120 59.09
14.65 130 62.89
14.65 140 66.62
14.65 150 70.28
14.65 160 73.88
14.65 170 77.42
14.65 180 80.90
14.65 190 84.34
14.65 200 87.73
14.65 210 91.07
14.94 2 1.92
14.94 4 3.60
14.94 5 4.36
14.94 6 5.09
14.94 8 6.50
14.94 10 7.85
14.94 12 9.14
14.94 14 10.19
14.94 16 11.61
14.94 18 12.80
14.94 20 13.96
14.94 22 15.09
14.94 24 16.21
14.94 26 17.30
14.94 28 18.38
14.94 30 19.44
14.94 32 20.49
14.94 36 22.53
14.94 40 24.68
14.94 44 26.48
14.94 48 28.40
14.94 52 30.27
14.94 56 32.12
14.94 60 33.93
14.94 64 35.71
14.94 68 37.47
14.94 72 39.20
14.94 76 40.91
14.94 80 42.60
14.94 90 46.73
14.94 100 50.75
14.94 110 54.67
14.94 120 58.51
14.94 130 62.26
14.94 140 65.93
14.94 150 69.54
14.94 160 73.09
14.94 170 76.58
14.94 180 80.02
14.94 190 83.41
14.94 200 86.75
14.94 210 90.04
15.24 2 1.92
15.24 4 3.59
15.24 5 4.35
15.24 6 5.08
15.24 8 6.48
15.24 10 7.82
15.24 12 9.10
15.24 14 10.14
15.24 16 11.55
15.24 18 12.73
15.24 20 13.88
15.24 22 15.01
15.24 24 16.11
15.24 26 17.20
15.24 28 18.27
15.24 30 19.32
15.24 32 20.35
15.24 36 22.38
15.24 40 24.51
15.24 44 26.29
15.24 48 28.18
15.24 52 30.04
15.24 56 31.86
15.24 60 33.65
15.24 64 35.42
15.24 68 37.15
15.24 72 38.87
15.24 76 40.56
15.24 80 42.22
15.24 90 46.31
15.24 100 50.28
15.24 110 54.15
15.24 120 57.93
15.24 130 61.63
15.24 140 65.26
15.24 150 68.82
15.24 160 72.32
15.24 170 75.76
15.24 180 79.15
15.24 190 82.49
15.24 200 85.78
15.24 210 89.03
15.55 2 1.92
15.55 4 3.59
15.55 5 4.34
15.55 6 5.07
15.55 8 6.46
15.55 10 7.79
15.55 12 9.06
15.55 14 10.09
15.55 16 11.50
15.55 18 12.67
15.55 20 13.81
15.55 22 14.92
15.55 24 16.02
15.55 26 17.09
15.55 28 18.15
15.55 30 19.19
15.55 32 20.22
15.55 36 22.23
15.55 40 24.34
15.55 44 26.10
15.55 48 27.97
15.55 52 29.81
15.55 56 31.61
15.55 60 33.38
15.55 64 35.13
15.55 68 36.84
15.55 72 38.54
15.55 76 40.21
15.55 80 41.85
15.55 90 45.89
15.55 100 49.81
15.55 110 53.63
15.55 120 57.36
15.55 130 61.02
15.55 140 64.60
15.55 150 68.11
15.55 160 71.56
15.55 170 74.95
15.55 180 78.30
15.55 190 81.59
15.55 200 84.83
15.55 210 88.03
15.85 2 1.92
15.85 4 3.58
15.85 5 4.33
15.85 6 5.05
15.85 8 6.44
15.85 10 7.76
15.85 12 9.03
15.85 14 10.04
15.85 16 11.44
15.85 18 12.60
15.85 20 13.73
15.85 22 14.84
15.85 24 15.93
15.85 26 16.99
15.85 28 18.04
15.85 30 19.07
15.85 32 20.09
15.85 36 22.08
15.85 40 24.17
15.85 44 25.91
15.85 48 27.76
15.85 52 29.58
15.85 56 31.36
15.85 60 33.11
15.85 64 34.84
15.85 68 36.54
15.85 72 38.21
15.85 76 39.86
15.85 80 41.49
15.85 90 45.47
15.85 100 49.35
15.85 110 53.12
15.85 120 56.80
15.85 130 60.41
15.85 140 63.94
15.85 150 67.41
15.85 160 70.81
15.85 170 74.16
15.85 180 77.45
15.85 190 80.69
15.85 200 83.89
15.85 210 87.05
16.16 2 1.92
16.16 4 3.57
16.16 5 4.32
16.16 6 5.04
16.16 8 6.42
16.16 10 7.73
16.16 12 8.99
16.16 14 9.99
16.16 16 11.38
16.16 18 12.53
16.16 20 13.66
16.16 22 14.76
16.16 24 15.83
16.16 26 16.89
16.16 28 17.93
16.16 30 18.95
16.16 32 19.96
16.16 36 21.93
16.16 40 24.00
16.16 44 25.72
16.16 48 27.55
16.16 52 29.35
16.16 56 31.11
16.16 60 32.85
16.16 64 34.55
16.16 68 36.23
16.16 72 37.89
16.16 76 39.52
16.16 80 41.13
16.16 90 45.06
16.16 100 48.89
16.16 110 52.61
16.16 120 56.25
16.16 130 59.81
16.16 140 63.30
16.16 150 66.71
16.16 160 70.07
16.16 170 73.37
16.16 180 76.62
16.16 190 79.82
16.16 200 82.97
16.16 210 86.08
16.47 2 1.92
16.47 4 3.57
16.47 5 4.31
16.47 6 5.03
16.47 8 6.39
16.47 10 7.70
16.47 12 8.95
16.47 14 9.95
16.47 16 11.33
16.47 18 12.47
16.47 20 13.58
16.47 22 14.67
16.47 24 15.74
16.47 26 16.79
16.47 28 17.82
16.47 30 18.83
16.47 32 19.82
16.47 36 21.78
16.47 40 23.83
16.47 44 25.53
16.47 48 27.35
16.47 52 29.13
16.47 56 30.87
16.47 60 32.58
16.47 64 34.27
16.47 68 35.93
16.47 72 37.57
16.47 76 39.18
16.47 80 40.77
16.47 90 44.66
16.47 100 48.44
16.47 110 52.11
16.47 120 55.71
16.47 130 59.22
16.47 140 62.66
16.47 150 66.03
16.47 160 69.34
16.47 170 72.60
16.47 180 75.80
16.47 190 78.95
16.47 200 82.06
16.47 210 85.12
16.79 2 1.91
16.79 4 3.56
16.79 5 4.30
16.79 6 5.01
16.79 8 6.37
16.79 10 7.67
16.79 12 8.91
16.79 14 9.90
16.79 16 11.27
16.79 18 12.41
16.79 20 13.51
16.79 22 14.59
16.79 24 15.65
16.79 26 16.69
16.79 28 17.71
16.79 30 18.71
16.79 32 19.70
16.79 36 21.63
16.79 40 23.67
16.79 44 25.35
16.79 48 27.14
16.79 52 28.90
16.79 56 30.63
16.79 60 32.32
16.79 64 33.99
16.79 68 35.63
16.79 72 37.25
16.79 76 38.84
16.79 80 40.41
16.79 90 44.26
16.79 100 47.99
16.79 110 51.62
16.79 120 55.17
16.79 130 58.63
16.79 140 62.03
16.79 150 65.36
16.79 160 68.62
16.79 170 71.83
16.79 180 74.99
16.79 190 78.10
16.79 200 81.16
16.79 210 84.18
17.10 2 1.91
17.10 4 3.55
17.10 5 4.29
17.10 6 5.00
17.10 8 6.35
17.10 10 7.64
17.10 12 8.87
17.10 14 9.85
17.10 16 11.22
17.10 18 12.34
17.10 20 13.44
17.10 22 14.51
17.10 24 15.56
17.10 26 16.59
17.10 28 17.60
17.10 30 18.59
17.10 32 19.57
17.10 36 21.49
17.10 40 23.51
17.10 44 25.17
17.10 48 26.95
17.10 52 28.69
17.10 56 30.40
17.10 60 32.07
17.10 64 33.72
17.10 68 35.35
17.10 72 36.94
17.10 76 38.52
17.10 80 40.07
17.10 90 43.87
17.10 100 47.56
17.10 110 51.15
17.10 120 54.65
17.10 130 58.07
17.10 140 61.42
17.10 150 64.71
17.10 160 67.93
17.10 170 71.10
17.10 180 74.22
17.10 190 77.28
17.10 200 80.30
17.10 210 83.28
17.41 2 1.91
17.41 4 3.55
17.41 5 4.28
17.41 6 4.99
17.41 8 6.33
17.41 10 7.61
17.41 12 8.84
17.41 14 9.81
17.41 16 11.17
17.41 18 12.28
17.41 20 13.37
17.41 22 14.43
17.41 24 15.47
17.41 26 16.49
17.41 28 17.49
17.41 30 18.48
17.41 32 19.45
17.41 36 21.34
17.41 40 23.35
17.41 44 24.99
17.41 48 26.75
17.41 52 28.47
17.41 56 30.16
17.41 60 31.82
17.41 64 33.46
17.41 68 35.06
17.41 72 36.64
17.41 76 38.20
17.41 80 39.73
17.41 90 43.49
17.41 100 47.13
17.41 110 50.68
17.41 120 54.14
17.41 130 57.52
17.41 140 60.82
17.41 150 64.06
17.41 160 67.25
17.41 170 70.37
17.41 180 73.45
17.41 190 76.47
17.41 200 79.45
17.41 210 82.39
17.73 2 1.91
17.73 4 3.54
17.73 5 4.27
17.73 6 4.97
17.73 8 6.31
17.73 10 7.58
17.73 12 8.80
17.73 14 9.76
17.73 16 11.11
17.73 18 12.22
17.73 20 13.30
17.73 22 14.35
17.73 24 15.38
17.73 26 16.39
17.73 28 17.39
17.73 30 18.36
17.73 32 19.32
17.73 36 21.20
17.73 40 23.19
17.73 44 24.81
17.73 48 26.56
17.73 52 28.26
17.73 56 29.93
17.73 60 31.58
17.73 64 33.19
17.73 68 34.78
17.73 72 36.34
17.73 76 37.88
17.73 80 39.40
17.73 90 43.11
17.73 100 46.71
17.73 110 50.21
17.73 120 53.62
17.73 130 56.96
17.73 140 60.23
17.73 150 63.43
17.73 160 66.57
17.73 170 69.65
17.73 180 72.68
17.73 190 75.67
17.73 200 78.60
17.73 210 81.50
18.05 2 1.91
18.05 4 3.53
18.05 5 4.26
18.05 6 4.96
18.05 8 6.29
18.05 10 7.55
18.05 12 8.76
18.05 14 9.71
18.05 16 11.06
18.05 18 12.16
18.05 20 13.23
18.05 22 14.27
18.05 24 15.29
18.05 26 16.30
18.05 28 17.28
18.05 30 18.25
18.05 32 19.20
18.05 36 21.06
18.05 40 23.03
18.05 44 24.64
18.05 48 26.36
18.05 52 28.05
18.05 56 29.70
18.05 60 31.33
18.05 64 32.92
18.05 68 34.49
18.05 72 36.04
18.05 76 37.56
18.05 80 39.06
18.05 90 42.73
18.05 100 46.29
18.05 110 49.75
18.05 120 53.12
18.05 130 56.41
18.05 140 59.64
18.05 150 62.79
18.05 160 65.89
18.05 170 68.93
18.05 180 71.93
18.05 190 74.87
18.05 200 77.77
18.05 210 80.62
18.37 2 1.91
18.37 4 3.53
18.37 5 4.25
18.37 6 4.95
18.37 8 6.27
18.37 10 7.52
18.37 12 8.73
18.37 14 9.67
18.37 16 11.00
18.37 18 12.09
18.37 20 13.15
18.37 22 14.19
18.37 24 15.21
18.37 26 16.20
18.37 28 17.17
18.37 30 18.13
18.37 32 19.08
18.37 36 20.92
18.37 40 22.87
18.37 44 24.46
18.37 48 26.17
18.37 52 27.84
18.37 56 29.47
18.37 60 31.08
18.37 64 32.66
18.37 68 34.21
18.37 72 35.74
18.37 76 37.24
18.37 80 38.73
18.37 90 42.35
18.37 100 45.87
18.37 110 49.28
18.37 120 52.61
18.37 130 55.87
18.37 140 59.05
18.37 150 62.17
18.37 160 65.22
18.37 170 68.22
18.37 180 71.17
18.37 190 74.08
18.37 200 76.93
18.37 210 79.75
18.70 2 1.91
18.70 4 3.52
18.70 5 4.24
18.70 6 4.93
18.70 8 6.25
18.70 10 7.50
18.70 12 8.69
18.70 14 9.62
18.70 16 10.95
18.70 18 12.03
18.70 20 13.08
18.70 22 14.11
18.70 24 15.12
18.70 26 16.10
18.70 28 17.07
18.70 30 18.02
18.70 32 18.95
18.70 36 20.78
18.70 40 22.71
18.70 44 24.28
18.70 48 25.97
18.70 52 27.63
18.70 56 29.25
18.70 60 30.84
18.70 64 32.40
18.70 68 33.93
18.70 72 35.44
18.70 76 36.93
18.70 80 38.40
18.70 90 41.98
18.70 100 45.45
18.70 110 48.83
18.70 120 52.11
18.70 130 55.33
18.70 140 58.47
18.70 150 61.54
18.70 160 64.56
18.70 170 67.52
18.70 180 70.43
18.70 190 73.29
18.70 200 76.11
18.70 210 78.89
19.04 2 1.90
19.04 4 3.52
19.04 5 4.23
19.04 6 4.92
19.04 8 6.23
19.04 10 7.47
19.04 12 8.65
19.04 14 9.57
19.04 16 10.90
19.04 18 11.97
19.04 20 13.01
19.04 22 14.03
19.04 24 15.03
19.04 26 16.00
19.04 28 16.96
19.04 30 17.90
19.04 32 18.83
19.04 36 20.64
19.04 40 22.56
19.04 44 24.11
19.04 48 25.78
19.04 52 27.42
19.04 56 29.02
19.04 60 30.59
19.04 64 32.13
19.04 68 33.65
19.04 72 35.15
19.04 76 36.62
19.04 80 38.07
19.04 90 41.61
19.04 100 45.04
19.04 110 48.37
19.04 120 51.62
19.04 130 54.79
19.04 140 57.89
19.04 150 60.92
19.04 160 63.90
19.04 170 66.82
19.04 180 69.69
19.04 190 72.52
19.04 200 75.30
19.04 210 78.03
19.38 2 1.90
19.38 4 3.51
19.38 5 4.22
19.38 6 4.91
19.38 8 6.21
19.38 10 7.44
19.38 12 8.61
19.38 14 9.53
19.38 16 10.84
19.38 18 11.91
19.38 20 12.94
19.38 22 13.95
19.38 24 14.94
19.38 26 15.91
19.38 28 16.86
19.38 30 17.79
19.38 32 18.71
19.38 36 20.50
19.38 40 22.40
19.38 44 23.93
19.38 48 25.59
19.38 52 27.21
19.38 56 28.79
19.38 60 30.35
19.38 64 31.87
19.38 68 33.37
19.38 72 34.85
19.38 76 36.31
19.38 80 37.74
19.38 90 41.24
19.38 100 44.62
19.38 110 47.92
19.38 120 51.12
19.38 130 54.25
19.38 140 57.31
19.38 150 60.31
19.38 160 63.25
19.38 170 66.13
19.38 180 68.96
19.38 190 71.75
19.38 200 74.49
19.38 210 77.19
19.73 2 1.90
19.73 4 3.50
19.73 5 4.21
19.73 6 4.89
19.73 8 6.19
19.73 10 7.41
19.73 12 8.58
19.73 14 9.48
19.73 16 10.79
19.73 18 11.84
19.73 20 12.87
19.73 22 13.87
19.73 24 14.85
19.73 26 15.81
19.73 28 16.75
19.73 30 17.68
19.73 32 18.58
19.73 36 20.36
19.73 40 22.24
19.73 44 23.76
19.73 48 25.40
19.73 52 27.00
19.73 56 28.57
19.73 60 30.10
19.73 64 31.61
19.73 68 33.10
19.73 72 34.56
19.73 76 36.00
19.73 80 37.41
19.73 90 40.87
19.73 100 44.22
19.73 110 47.47
19.73 120 50.63
19.73 130 53.73
19.73 140 56.75
19.73 150 59.70
19.73 160 62.60
19.73 170 65.45
19.73 180 68.24
19.73 190 70.99
19.73 200 73.69
19.73 210 76.35
20.08 2 1.90
20.08 4 3.50
20.08 5 4.20
20.08 6 4.88
20.08 8 6.16
20.08 10 7.38
20.08 12 8.54
20.08 14 9.43
20.08 16 10.73
20.08 18 11.78
20.08 20 12.80
20.08 22 13.79
20.08 24 14.76
20.08 26 15.71
20.08 28 16.65
20.08 30 17.56
20.08 32 18.46
20.08 36 20.22
20.08 40 22.09
20.08 44 23.58
20.08 48 25.21
20.08 52 26.79
20.08 56 28.34
20.08 60 29.86
20.08 64 31.36
20.08 68 32.82
20.08 72 34.27
20.08 76 35.69
20.08 80 37.09
20.08 90 40.50
20.08 100 43.81
20.08 110 47.02
20.08 120 50.15
20.08 130 53.20
20.08 140 56.18
20.08 150 59.10
20.08 160 61.96
20.08 170 64.76
20.08 180 67.52
20.08 190 70.23
20.08 200 72.90
20.08 210 75.52
20.41 2 1.90
20.41 4 3.49
20.41 5 4.19
20.41 6 4.87
20.41 8 6.14
20.41 10 7.35
20.41 12 8.50
20.41 14 9.39
20.41 16 10.68
20.41 18 11.72
20.41 20 12.73
20.41 22 13.72
20.41 24 14.68
20.41 26 15.62
20.41 28 16.55
20.41 30 17.46
20.41 32 18.35
20.41 36 20.09
20.41 40 21.94
20.41 44 23.42
20.41 48 25.03
20.41 52 26.60
20.41 56 28.13
20.41 60 29.64
20.41 64 31.11
20.41 68 32.57
20.41 72 33.99
20.41 76 35.40
20.41 80 36.78
20.41 90 40.16
20.41 100 43.43
20.41 110 46.60
20.41 120 49.69
20.41 130 52.71
20.41 140 55.65
20.41 150 58.53
20.41 160 61.36
20.41 170 64.13
20.41 180 66.85
20.41 190 69.52
20.41 200 72.15
20.41 210 74.74
20.75 2 1.90
20.75 4 3.48
20.75 5 4.18
20.75 6 4.85
20.75 8 6.12
20.75 10 7.32
20.75 12 8.47
20.75 14 9.35
20.75 16 10.63
20.75 18 11.66
20.75 20 12.67
20.75 22 13.64
20.75 24 14.60
20.75 26 15.53
20.75 28 16.45
20.75 30 17.35
20.75 32 18.23
20.75 36 19.96
20.75 40 21.79
20.75 44 23.26
20.75 48 24.85
20.75 52 26.40
20.75 56 27.92
20.75 60 29.41
20.75 64 30.87
20.75 68 32.31
20.75 72 33.72
20.75 76 35.11
20.75 80 36.48
20.75 90 39.82
20.75 100 43.05
20.75 110 46.18
20.75 120 49.24
20.75 130 52.21
20.75 140 55.12
20.75 150 57.97
20.75 160 60.75
20.75 170 63.49
20.75 180 66.17
20.75 190 68.81
20.75 200 71.41
20.75 210 73.96
21.11 2 1.90
21.11 4 3.48
21.11 5 4.17
21.11 6 4.84
21.11 8 6.10
21.11 10 7.30
21.11 12 8.43
21.11 14 9.30
21.11 16 10.58
21.11 18 11.60
21.11 20 12.60
21.11 22 13.57
21.11 24 14.51
21.11 26 15.44
21.11 28 16.35
21.11 30 17.24
21.11 32 18.11
21.11 36 19.82
21.11 40 21.64
21.11 44 23.09
21.11 48 24.66
21.11 52 26.20
21.11 56 27.70
21.11 60 29.18
21.11 64 30.62
21.11 68 32.04
21.11 72 33.44
21.11 76 34.82
21.11 80 36.17
21.11 90 39.47
21.11 100 42.66
21.11 110 45.76
21.11 120 48.78
21.11 130 51.72
21.11 140 54.59
21.11 150 57.40
21.11 160 60.15
21.11 170 62.85
21.11 180 65.50
21.11 190 68.10
21.11 200 70.66
21.11 210 73.18
21.47 2 1.89
21.47 4 3.47
21.47 5 4.16
21.47 6 4.83
21.47 8 6.08
21.47 10 7.27
21.47 12 8.40
21.47 14 9.26
21.47 16 10.53
21.47 18 11.54
21.47 20 12.53
21.47 22 13.49
21.47 24 14.43
21.47 26 15.34
21.47 28 16.24
21.47 30 17.13
21.47 32 17.99
21.47 36 19.69
21.47 40 21.49
21.47 44 22.92
21.47 48 24.48
21.47 52 26.00
21.47 56 27.49
21.47 60 28.95
21.47 64 30.38
21.47 68 31.78
21.47 72 33.16
21.47 76 34.52
21.47 80 35.86
21.47 90 39.12
21.47 100 42.27
21.47 110 45.33
21.47 120 48.31
21.47 130 51.21
21.47 140 54.05
21.47 150 56.82
21.47 160 59.54
21.47 170 62.20
21.47 180 64.81
21.47 190 67.38
21.47 200 69.91
21.47 210 72.39
21.84 2 1.89
21.84 4 3.46
21.84 5 4.15
21.84 6 4.81
21.84 8 6.06
21.84 10 7.24
21.84 12 8.36
21.84 14 9.21
21.84 16 10.47
21.84 18 11.48
21.84 20 12.46
21.84 22 13.41
21.84 24 14.34
21.84 26 15.25
21.84 28 16.14
21.84 30 17.01
21.84 32 17.87
21.84 36 19.55
21.84 40 21.34
21.84 44 22.75
21.84 48 24.29
21.84 52 25.80
21.84 56 27.27
21.84 60 28.71
21.84 64 30.12
21.84 68 31.51
21.84 72 32.88
21.84 76 34.22
21.84 80 35.54
21.84 90 38.77
21.84 100 41.88
21.84 110 44.90
21.84 120 47.85
21.84 130 50.71
21.84 140 53.51
21.84 150 56.25
21.84 160 58.93
21.84 170 61.55
21.84 180 64.13
21.84 190 66.66
21.84 200 69.16
21.84 210 71.61
22.22 2 1.89
22.22 4 3.46
22.22 5 4.14
22.22 6 4.80
22.22 8 6.04
22.22 10 7.21
22.22 12 8.32
22.22 14 9.16
22.22 16 10.42
22.22 18 11.42
22.22 20 12.38
22.22 22 13.33
22.22 24 14.25
22.22 26 15.15
22.22 28 16.03
22.22 30 16.90
22.22 32 17.75
22.22 36 19.41
22.22 40 21.18
22.22 44 22.58
22.22 48 24.10
22.22 52 25.59
22.22 56 27.05
22.22 60 28.47
22.22 64 29.87
22.22 68 31.24
22.22 72 32.59
22.22 76 33.92
22.22 80 35.23
22.22 90 38.41
22.22 100 41.49
22.22 110 44.47
22.22 120 47.38
22.22 130 50.20
22.22 140 52.97
22.22 150 55.67
22.22 160 58.31
22.22 170 60.90
22.22 180 63.44
22.22 190 65.94
22.22 200 68.40
22.22 210 70.82
22.61 2 1.89
22.61 4 3.45
22.61 5 4.13
22.61 6 4.78
22.61 8 6.02
22.61 10 7.18
22.61 12 8.28
22.61 14 9.11
22.61 16 10.36
22.61 18 11.35
22.61 20 12.31
22.61 22 13.25
22.61 24 14.16
22.61 26 15.05
22.61 28 15.93
22.61 30 16.79
22.61 32 17.63
22.61 36 19.27
22.61 40 21.03
22.61 44 22.41
22.61 48 23.91
22.61 52 25.39
22.61 56 26.82
22.61 60 28.23
22.61 64 29.62
22.61 68 30.97
22.61 72 32.31
22.61 76 33.62
22.61 80 34.91
22.61 90 38.05
22.61 100 41.09
22.61 110 44.04
22.61 120 46.90
22.61 130 49.70
22.61 140 52.42
22.61 150 55.08
22.61 160 57.69
22.61 170 60.25
22.61 180 62.76
22.61 190 65.22
22.61 200 67.64
22.61 210 70.02
23.01 2 1.89
23.01 4 3.44
23.01 5 4.12
23.01 6 4.77
23.01 8 5.99
23.01 10 7.14
23.01 12 8.24
23.01 14 9.06
23.01 16 10.31
23.01 18 11.29
23.01 20 12.24
23.01 22 13.16
23.01 24 14.07
23.01 26 14.95
23.01 28 15.82
23.01 30 16.67
23.01 32 17.50
23.01 36 19.13
23.01 40 20.87
23.01 44 22.23
23.01 48 23.72
23.01 52 25.18
23.01 56 26.60
23.01 60 27.99
23.01 64 29.36
23.01 68 30.70
23.01 72 32.02
23.01 76 33.31
23.01 80 34.59
23.01 90 37.69
23.01 100 40.69
23.01 110 43.60
23.01 120 46.43
23.01 130 49.19
23.01 140 51.87
23.01 150 54.50
23.01 160 57.07
23.01 170 59.59
23.01 180 62.07
23.01 190 64.49
23.01 200 66.88
23.01 210 69.23
23.43 2 1.89
23.43 4 3.43
23.43 5 4.11
23.43 6 4.75
23.43 8 5.97
23.43 10 7.11
23.43 12 8.20
23.43 14 9.01
23.43 16 10.25
23.43 18 11.22
23.43 20 12.16
23.43 22 13.08
23.43 24 13.98
23.43 26 14.85
23.43 28 15.71
23.43 30 16.55
23.43 32 17.38
23.43 36 18.98
23.43 40 20.71
23.43 44 22.05
23.43 48 23.53
23.43 52 24.97
23.43 56 26.37
23.43 60 27.75
23.43 64 29.10
23.43 68 30.42
23.43 72 31.73
23.43 76 33.00
23.43 80 34.26
23.43 90 37.33
23.43 100 40.29
23.43 110 43.16
23.43 120 45.95
23.43 130 48.67
23.43 140 51.32
23.43 150 53.91
23.43 160 56.45
23.43 170 58.94
23.43 180 61.37
23.43 190 63.77
23.43 200 66.12
23.43 210 68.43
23.85 2 1.88
23.85 4 3.43
23.85 5 4.10
23.85 6 4.74
23.85 8 5.95
23.85 10 7.08
23.85 12 8.16
23.85 14 8.96
23.85 16 10.19
23.85 18 11.15
23.85 20 12.09
23.85 22 13.00
23.85 24 13.88
23.85 26 14.75
23.85 28 15.60
23.85 30 16.43
23.85 32 17.25
23.85 36 18.84
23.85 40 20.55
23.85 44 21.88
23.85 48 23.33
23.85 52 24.76
23.85 56 26.14
23.85 60 27.51
23.85 64 28.84
23.85 68 30.15
23.85 72 31.43
23.85 76 32.70
23.85 80 33.94
23.85 90 36.97
23.85 100 39.89
23.85 110 42.72
23.85 120 45.48
23.85 130 48.16
23.85 140 50.77
23.85 150 53.33
23.85 160 55.83
23.85 170 58.28
23.85 180 60.68
23.85 190 63.04
23.85 200 65.36
23.85 210 67.64
24.28 2 1.88
24.28 4 3.42
24.28 5 4.09
24.28 6 4.72
24.28 8 5.92
24.28 10 7.05
24.28 12 8.12
24.28 14 8.91
24.28 16 10.13
24.28 18 11.09
24.28 20 12.01
24.28 22 12.91
24.28 24 13.79
24.28 26 14.65
24.28 28 15.49
24.28 30 16.31
24.28 32 17.12
24.28 36 18.70
24.28 40 20.39
24.28 44 21.70
24.28 48 23.14
24.28 52 24.55
24.28 56 25.92
24.28 60 27.26
24.28 64 28.58
24.28 68 29.87
24.28 72 31.14
24.28 76 32.39
24.28 80 33.62
24.28 90 36.61
24.28 100 39.49
24.28 110 42.29
24.28 120 45.00
24.28 130 47.65
24.28 140 50.23
24.28 150 52.75
24.28 160 55.21
24.28 170 57.62
24.28 180 59.99
24.28 190 62.32
24.28 200 64.60
24.28 210 66.85
24.72 2 1.88
24.72 4 3.41
24.72 5 4.07
24.72 6 4.71
24.72 8 5.90
24.72 10 7.02
24.72 12 8.08
24.72 14 8.86
24.72 16 10.07
24.72 18 11.02
24.72 20 11.94
24.72 22 12.83
24.72 24 13.70
24.72 26 14.55
24.72 28 15.38
24.72 30 16.19
24.72 32 16.99
24.72 36 18.55
24.72 40 20.22
24.72 44 21.52
24.72 48 22.94
24.72 52 24.33
24.72 56 25.69
24.72 60 27.02
24.72 64 28.32
24.72 68 29.60
24.72 72 30.85
24.72 76 32.08
24.72 80 33.29
24.72 90 36.24
24.72 100 39.09
24.72 110 41.85
24.72 120 44.53
24.72 130 47.13
24.72 140 49.68
24.72 150 52.16
24.72 160 54.59
24.72 170 56.97
24.72 180 59.30
24.72 190 61.59
24.72 200 63.84
24.72 210 66.06
25.18 2 1.88
25.18 4 3.40
25.18 5 4.06
25.18 6 4.69
25.18 8 5.87
25.18 10 6.98
25.18 12 8.04
25.18 14 8.81
25.18 16 10.01
25.18 18 10.95
25.18 20 11.86
25.18 22 12.74
25.18 24 13.60
25.18 26 14.44
25.18 28 15.27
25.18 30 16.07
25.18 32 16.86
25.18 36 18.40
25.18 40 20.06
25.18 44 21.34
25.18 48 22.75
25.18 52 24.12
25.18 56 25.46
25.18 60 26.77
25.18 64 28.06
25.18 68 29.32
25.18 72 30.55
25.18 76 31.77
25.18 80 32.97
25.18 90 35.88
25.18 100 38.69
25.18 110 41.41
25.18 120 44.05
25.18 130 46.62
25.18 140 49.12
25.18 150 51.57
25.18 160 53.97
25.18 170 56.31
25.18 180 58.61
25.18 190 60.87
25.18 200 63.08
25.18 210 65.26
25.65 2 1.88
25.65 4 3.40
25.65 5 4.05
25.65 6 4.67
25.65 8 5.85
25.65 10 6.95
25.65 12 7.99
25.65 14 8.76
25.65 16 9.95
25.65 18 10.88
25.65 20 11.78
25.65 22 12.65
25.65 24 13.51
25.65 26 14.34
25.65 28 15.15
25.65 30 15.95
25.65 32 16.73
25.65 36 18.25
25.65 40 19.90
25.65 44 21.16
25.65 48 22.55
25.65 52 23.90
25.65 56 25.23
25.65 60 26.52
25.65 64 27.79
25.65 68 29.03
25.65 72 30.25
25.65 76 31.45
25.65 80 32.64
25.65 90 35.51
25.65 100 38.28
25.65 110 40.96
25.65 120 43.57
25.65 130 46.10
25.65 140 48.57
25.65 150 50.98
25.65 160 53.34
25.65 170 55.65
25.65 180 57.91
25.65 190 60.14
25.65 200 62.32
25.65 210 64.47
26.13 2 1.87
26.13 4 3.39
26.13 5 4.04
26.13 6 4.66
26.13 8 5.82
26.13 10 6.92
26.13 12 7.95
26.13 14 8.71
26.13 16 9.89
26.13 18 10.81
26.13 20 11.70
26.13 22 12.57
26.13 24 13.41
26.13 26 14.23
26.13 28 15.04
26.13 30 15.83
26.13 32 16.60
26.13 36 18.10
26.13 40 19.73
26.13 44 20.97
26.13 48 22.34
26.13 52 23.68
26.13 56 24.99
26.13 60 26.27
26.13 64 27.52
26.13 68 28.75
26.13 72 29.95
26.13 76 31.14
26.13 80 32.30
26.13 90 35.14
26.13 100 37.87
26.13 110 40.51
26.13 120 43.08
26.13 130 45.58
26.13 140 48.01
26.13 150 50.39
26.13 160 52.71
26.13 170 54.99
26.13 180 57.22
26.13 190 59.41
26.13 200 61.55
26.13 210 63.67
26.63 2 1.87
26.63 4 3.38
26.63 5 4.03
26.63 6 4.64
26.63 8 5.80
26.63 10 6.88
26.63 12 7.91
26.63 14 8.65
26.63 16 9.83
26.63 18 10.74
26.63 20 11.62
26.63 22 12.48
26.63 24 13.31
26.63 26 14.12
26.63 28 14.92
26.63 30 15.70
26.63 32 16.46
26.63 36 17.95
26.63 40 19.56
26.63 44 20.78
26.63 48 22.14
26.63 52 23.46
26.63 56 24.75
26.63 60 26.01
26.63 64 27.25
26.63 68 28.46
26.63 72 29.65
26.63 76 30.82
26.63 80 31.97
26.63 90 34.76
26.63 100 37.46
26.63 110 40.06
26.63 120 42.59
26.63 130 45.05
26.63 140 47.45
26.63 150 49.79
26.63 160 52.08
26.63 170 54.32
26.63 180 56.52
26.63 190 58.67
26.63 200 60.79
26.63 210 62.87
27.14 2 1.87
27.14 4 3.37
27.14 5 4.01
27.14 6 4.62
27.14 8 5.77
27.14 10 6.84
27.14 12 7.86
27.14 14 8.60
27.14 16 9.76
27.14 18 10.66
27.14 20 11.54
27.14 22 12.38
27.14 24 13.21
27.14 26 14.01
27.14 28 14.80
27.14 30 15.57
27.14 32 16.33
27.14 36 17.80
27.14 40 19.39
27.14 44 20.59
27.14 48 21.93
27.14 52 23.24
27.14 56 24.51
27.14 60 25.76
27.14 64 26.98
27.14 68 28.17
27.14 72 29.35
27.14 76 30.50
27.14 80 31.63
27.14 90 34.39
27.14 100 37.04
27.14 110 39.61
27.14 120 42.10
27.14 130 44.53
27.14 140 46.89
27.14 150 49.20
27.14 160 51.45
27.14 170 53.66
27.14 180 55.82
27.14 190 57.94
27.14 200 60.02
27.14 210 62.07
27.67 2 1.87
27.67 4 3.36
27.67 5 4.00
27.67 6 4.60
27.67 8 5.74
27.67 10 6.81
27.67 12 7.81
27.67 14 8.54
27.67 16 9.70
27.67 18 10.59
27.67 20 11.45
27.67 22 12.29
27.67 24 13.11
27.67 26 13.90
27.67 28 14.68
27.67 30 15.44
27.67 32 16.19
27.67 36 17.64
27.67 40 19.21
27.67 44 20.40
27.67 48 21.73
27.67 52 23.01
27.67 56 24.27
27.67 60 25.50
27.67 64 26.70
27.67 68 27.88
27.67 72 29.04
27.67 76 30.18
27.67 80 31.29
27.67 90 34.01
27.67 100 36.63
27.67 110 39.16
27.67 120 41.61
27.67 130 44.00
27.67 140 46.33
27.67 150 48.60
27.67 160 50.82
27.67 170 52.99
27.67 180 55.11
27.67 190 57.20
27.67 200 59.25
27.67 210 61.26
28.22 2 1.87
28.22 4 3.35
28.22 5 3.99
28.22 6 4.59
28.22 8 5.72
28.22 10 6.77
28.22 12 7.77
28.22 14 8.49
28.22 16 9.63
28.22 18 10.52
28.22 20 11.37
28.22 22 12.20
28.22 24 13.00
28.22 26 13.79
28.22 28 14.56
28.22 30 15.31
28.22 32 16.05
28.22 36 17.48
28.22 40 19.04
28.22 44 20.21
28.22 48 21.52
28.22 52 22.79
28.22 56 24.03
28.22 60 25.24
28.22 64 26.43
28.22 68 27.59
28.22 72 28.73
28.22 76 29.85
28.22 80 30.95
28.22 90 33.63
28.22 100 36.21
28.22 110 38.70
28.22 120 41.12
28.22 130 43.47
28.22 140 45.76
28.22 150 48.00
28.22 160 50.18
28.22 170 52.32
28.22 180 54.41
28.22 190 56.46
28.22 200 58.48
28.22 210 60.46
28.78 2 1.86
28.78 4 3.34
28.78 5 3.97
28.78 6 4.57
28.78 8 5.69
28.78 10 6.73
28.78 12 7.72
28.78 14 8.43
28.78 16 9.57
28.78 18 10.44
28.78 20 11.28
28.78 22 12.10
28.78 24 12.90
28.78 26 13.68
28.78 28 14.44
28.78 30 15.18
28.78 32 15.91
28.78 36 17.33
28.78 40 18.86
28.78 44 20.02
28.78 48 21.31
28.78 52 22.56
28.78 56 23.78
28.78 60 24.98
28.78 64 26.15
28.78 68 27.30
28.78 72 28.42
28.78 76 29.52
28.78 80 30.61
28.78 90 33.25
28.78 100 35.79
28.78 110 38.24
28.78 120 40.63
28.78 130 42.94
28.78 140 45.19
28.78 150 47.39
28.78 160 49.54
28.78 170 51.65
28.78 180 53.71
28.78 190 55.73
28.78 200 57.71
28.78 210 59.66
29.37 2 1.86
29.37 4 3.33
29.37 5 3.96
29.37 6 4.55
29.37 8 5.66
29.37 10 6.69
29.37 12 7.67
29.37 14 8.37
29.37 16 9.50
29.37 18 10.36
29.37 20 11.20
29.37 22 12.01
29.37 24 12.79
29.37 26 13.56
29.37 28 14.31
29.37 30 15.05
29.37 32 15.76
29.37 36 17.16
29.37 40 18.68
29.37 44 19.82
29.37 48 21.09
29.37 52 22.32
29.37 56 23.53
29.37 60 24.71
29.37 64 25.86
29.37 68 26.99
29.37 72 28.10
29.37 76 29.19
29.37 80 30.26
29.37 90 32.85
29.37 100 35.35
29.37 110 37.77
29.37 120 40.12
29.37 130 42.39
29.37 140 44.61
29.37 150 46.78
29.37 160 48.89
29.37 170 50.96
29.37 180 52.98
29.37 190 54.97
29.37 200 56.92
29.37 210 58.83
29.98 2 1.86
29.98 4 3.32
29.98 5 3.94
29.98 6 4.53
29.98 8 5.63
29.98 10 6.65
29.98 12 7.62
29.98 14 8.31
29.98 16 9.43
29.98 18 10.28
29.98 20 11.11
29.98 22 11.91
29.98 24 12.68
29.98 26 13.44
29.98 28 14.18
29.98 30 14.91
29.98 32 15.62
29.98 36 17.00
29.98 40 18.50
29.98 44 19.62
29.98 48 20.87
29.98 52 22.09
29.98 56 23.28
29.98 60 24.44
29.98 64 25.58
29.98 68 26.69
29.98 72 27.78
29.98 76 28.85
29.98 80 29.90
29.98 90 32.46
29.98 100 34.92
29.98 110 37.30
29.98 120 39.61
29.98 130 41.85
29.98 140 44.03
29.98 150 46.16
29.98 160 48.24
29.98 170 50.27
29.98 180 52.26
29.98 190 54.22
29.98 200 56.13
29.98 210 58.01
30.60 2 1.86
30.60 4 3.31
30.60 5 3.93
30.60 6 4.51
30.60 8 5.60
30.60 10 6.62
30.60 12 7.57
30.60 14 8.25
30.60 16 9.36
30.60 18 10.20
30.60 20 11.02
30.60 22 11.81
30.60 24 12.58
30.60 26 13.33
30.60 28 14.06
30.60 30 14.77
30.60 32 15.47
30.60 36 16.83
30.60 40 18.32
30.60 44 19.42
30.60 48 20.65
30.60 52 21.85
30.60 56 23.03
30.60 60 24.17
30.60 64 25.29
30.60 68 26.39
30.60 72 27.46
30.60 76 28.52
30.60 80 29.55
30.60 90 32.07
30.60 100 34.49
30.60 110 36.84
30.60 120 39.11
30.60 130 41.31
30.60 140 43.46
30.60 150 45.55
30.60 160 47.59
30.60 170 49.59
30.60 180 51.55
30.60 190 53.47
30.60 200 55.35
30.60 210 57.20
31.24 2 1.85
31.24 4 3.30
31.24 5 3.91
31.24 6 4.49
31.24 8 5.57
31.24 10 6.57
31.24 12 7.52
31.24 14 8.19
31.24 16 9.29
31.24 18 10.12
31.24 20 10.93
31.24 22 11.71
31.24 24 12.47
31.24 26 13.21
31.24 28 13.93
31.24 30 14.63
31.24 32 15.33
31.24 36 16.67
31.24 40 18.14
31.24 44 19.22
31.24 48 20.43
31.24 52 21.62
31.24 56 22.77
31.24 60 23.90
31.24 64 25.00
31.24 68 26.08
31.24 72 27.14
31.24 76 28.18
31.24 80 29.20
31.24 90 31.68
31.24 100 34.07
31.24 110 36.37
31.24 120 38.60
31.24 130 40.77
31.24 140 42.88
31.24 150 44.94
31.24 160 46.95
31.24 170 48.92
31.24 180 50.84
31.24 190 52.73
31.24 200 54.58
31.24 210 56.39
31.89 2 1.85
31.89 4 3.29
31.89 5 3.90
31.89 6 4.47
31.89 8 5.54
31.89 10 6.53
31.89 12 7.47
31.89 14 8.13
31.89 16 9.22
31.89 18 10.04
31.89 20 10.84
31.89 22 11.61
31.89 24 12.36
31.89 26 13.09
31.89 28 13.80
31.89 30 14.50
31.89 32 15.18
31.89 36 16.50
31.89 40 17.95
31.89 44 19.02
31.89 48 20.22
31.89 52 21.38
31.89 56 22.52
31.89 60 23.63
31.89 64 24.72
31.89 68 25.78
31.89 72 26.82
31.89 76 27.85
31.89 80 28.85
31.89 90 31.29
31.89 100 33.64
31.89 110 35.91
31.89 120 38.10
31.89 130 40.24
31.89 140 42.31
31.89 150 44.33
31.89 160 46.31
31.89 170 48.24
31.89 180 50.13
31.89 190 51.99
31.89 200 53.81
31.89 210 55.59
32.56 2 1.85
32.56 4 3.28
32.56 5 3.88
32.56 6 4.45
32.56 8 5.51
32.56 10 6.49
32.56 12 7.42
32.56 14 8.07
32.56 16 9.15
32.56 18 9.96
32.56 20 10.75
32.56 22 11.51
32.56 24 12.25
32.56 26 12.97
32.56 28 13.67
32.56 30 14.36
32.56 32 15.03
32.56 36 16.34
32.56 40 17.77
32.56 44 18.82
32.56 48 20.00
32.56 52 21.15
32.56 56 22.27
32.56 60 23.36
32.56 64 24.43
32.56 68 25.48
32.56 72 26.51
32.56 76 27.51
32.56 80 28.50
32.56 90 30.90
32.56 100 33.21
32.56 110 35.45
32.56 120 37.61
32.56 130 39.70
32.56 140 41.74
32.56 150 43.73
32.56 160 45.67
32.56 170 47.57
32.56 180 49.43
32.56 190 51.25
32.56 200 53.04
32.56 210 54.79
33.25 2 1.85
33.25 4 3.27
33.25 5 3.87
33.25 6 4.43
33.25 8 5.48
33.25 10 6.45
33.25 12 7.37
33.25 14 8.00
33.25 16 9.08
33.25 18 9.88
33.25 20 10.66
33.25 22 11.41
33.25 24 12.14
33.25 26 12.85
33.25 28 13.54
33.25 30 14.22
33.25 32 14.88
33.25 36 16.17
33.25 40 17.59
33.25 44 18.61
33.25 48 19.78
33.25 52 20.91
33.25 56 22.02
33.25 60 23.09
33.25 64 24.15
33.25 68 25.18
33.25 72 26.19
33.25 76 27.18
33.25 80 28.16
33.25 90 30.52
33.25 100 32.79
33.25 110 34.99
33.25 120 37.11
33.25 130 39.17
33.25 140 41.18
33.25 150 43.13
33.25 160 45.04
33.25 170 46.91
33.25 180 48.73
33.25 190 50.52
33.25 200 52.28
33.25 210 54.00
33.96 2 1.84
33.96 4 3.26
33.96 5 3.85
33.96 6 4.41
33.96 8 5.45
33.96 10 6.41
33.96 12 7.32
33.96 14 7.94
33.96 16 9.01
33.96 18 9.80
33.96 20 10.57
33.96 22 11.31
33.96 24 12.03
33.96 26 12.73
33.96 28 13.41
33.96 30 14.08
33.96 32 14.74
33.96 36 16.01
33.96 40 17.41
33.96 44 18.41
33.96 48 19.56
33.96 52 20.68
33.96 56 21.77
33.96 60 22.83
33.96 64 23.86
33.96 68 24.88
33.96 72 25.87
33.96 76 26.85
33.96 80 27.81
33.96 90 30.13
33.96 100 32.37
33.96 110 34.53
33.96 120 36.62
33.96 130 38.64
33.96 140 40.62
33.96 150 42.54
33.96 160 44.41
33.96 170 46.25
33.96 180 48.04
33.96 190 49.80
33.96 200 51.53
33.96 210 53.22
34.68 2 1.84
34.68 4 3.25
34.68 5 3.83
34.68 6 4.39
34.68 8 5.42
34.68 10 6.37
34.68 12 7.27
34.68 14 7.88
34.68 16 8.93
34.68 18 9.72
34.68 20 10.47
34.68 22 11.21
34.68 24 11.92
34.68 26 12.61
34.68 28 13.28
34.68 30 13.94
34.68 32 14.59
34.68 36 15.84
34.68 40 17.22
34.68 44 18.21
34.68 48 19.34
34.68 52 20.44
34.68 56 21.51
34.68 60 22.56
34.68 64 23.58
34.68 68 24.58
34.68 72 25.56
34.68 76 26.52
34.68 80 27.46
34.68 90 29.75
34.68 100 31.95
34.68 110 34.07
34.68 120 36.13
34.68 130 38.12
34.68 140 40.06
34.68 150 41.95
34.68 160 43.79
34.68 170 45.59
34.68 180 47.36
34.68 190 49.08
34.68 200 50.78
34.68 210 52.44
35.43 2 1.84
35.43 4 3.24
35.43 5 3.82
35.43 6 4.36
35.43 8 5.38
35.43 10 6.33
35.43 12 7.21
35.43 14 7.82
35.43 16 8.86
35.43 18 9.64
35.43 20 10.38
35.43 22 11.11
35.43 24 11.81
35.43 26 12.49
35.43 28 13.16
35.43 30 13.81
35.43 32 14.44
35.43 36 15.68
35.43 40 17.04
35.43 44 18.01
35.43 48 19.13
35.43 52 20.21
35.43 56 21.26
35.43 60 22.29
35.43 64 23.30
35.43 68 24.28
35.43 72 25.25
35.43 76 26.19
35.43 80 27.12
35.43 90 29.37
35.43 100 31.53
35.43 110 33.62
35.43 120 35.64
35.43 130 37.60
35.43 140 39.50
35.43 150 41.36
35.43 160 43.17
35.43 170 44.94
35.43 180 46.67
35.43 190 48.37
35.43 200 50.03
35.43 210 51.67
35.82 2 1.84
35.82 4 3.25
35.82 5 3.83
35.82 6 4.38
35.82 8 5.41
35.82 10 6.36
35.82 12 7.25
35.82 14 7.86
35.82 16 8.91
35.82 18 9.68
35.82 20 10.43
35.82 22 11.16
35.82 24 11.86
35.82 26 12.55
35.82 28 13.22
35.82 30 13.87
35.82 32 14.50
35.82 36 15.74
35.82 40 17.10
35.82 44 18.08
35.82 48 19.19
35.82 52 20.28
35.82 56 21.33
35.82 60 22.36
35.82 64 23.36
35.82 68 24.35
35.82 72 25.31
35.82 76 26.25
35.82 80 27.18
35.82 90 29.42
35.82 100 31.57
35.82 110 33.65
35.82 120 35.66
35.82 130 37.61
35.82 140 39.50
35.82 150 41.35
35.82 160 43.14
35.82 170 44.90
35.82 180 46.62
35.82 190 48.30
35.82 200 49.95
35.82 210 51.57
36.36 2 1.84
36.36 4 3.24
36.36 5 3.82
36.36 6 4.37
36.36 8 5.39
36.36 10 6.33
36.36 12 7.21
36.36 14 7.82
36.36 16 8.86
36.36 18 9.63
36.36 20 10.37
36.36 22 11.09
36.36 24 11.78
36.36 26 12.46
36.36 28 13.12
36.36 30 13.77
36.36 32 14.40
36.36 36 15.62
36.36 40 16.97
36.36 44 17.94
36.36 48 19.04
36.36 52 20.11
36.36 56 21.15
36.36 60 22.17
36.36 64 23.16
36.36 68 24.13
36.36 72 25.09
36.36 76 26.02
36.36 80 26.93
36.36 90 29.15
36.36 100 31.28
36.36 110 33.33
36.36 120 35.31
36.36 130 37.24
36.36 140 39.11
36.36 150 40.93
36.36 160 42.70
36.36 170 44.44
36.36 180 46.13
36.36 190 47.79
36.36 200 49.42
36.36 210 51.02
36.91 2 1.84
36.91 4 3.23
36.91 5 3.81
36.91 6 4.35
36.91 8 5.37
36.91 10 6.30
36.91 12 7.18
36.91 14 7.77
36.91 16 8.81
36.91 18 9.57
36.91 20 10.30
36.91 22 11.02
36.91 24 11.71
36.91 26 12.38
36.91 28 13.03
36.91 30 13.67
36.91 32 14.30
36.91 36 15.51
36.91 40 16.84
36.91 44 17.80
36.91 48 18.89
36.91 52 19.95
36.91 56 20.98
36.91 60 21.98
36.91 64 22.96
36.91 68 23.92
36.91 72 24.86
36.91 76 25.78
36.91 80 26.69
36.91 90 28.88
36.91 100 30.98
36.91 110 33.01
36.91 120 34.97
36.91 130 36.87
36.91 140 38.72
36.91 150 40.51
36.91 160 42.27
36.91 170 43.98
36.91 180 45.65
36.91 190 47.29
36.91 200 48.90
36.91 210 50.47
37.46 2 1.84
37.46 4 3.23
37.46 5 3.80
37.46 6 4.34
37.46 8 5.34
37.46 10 6.27
37.46 12 7.14
37.46 14 7.73
37.46 16 8.75
37.46 18 9.51
37.46 20 10.24
37.46 22 10.94
37.46 24 11.63
37.46 26 12.29
37.46 28 12.94
37.46 30 13.57
37.46 32 14.19
37.46 36 15.39
37.46 40 16.72
37.46 44 17.66
37.46 48 18.74
37.46 52 19.78
37.46 56 20.80
37.46 60 21.80
37.46 64 22.77
37.46 68 23.71
37.46 72 24.64
37.46 76 25.55
37.46 80 26.45
37.46 90 28.61
37.46 100 30.69
37.46 110 32.69
37.46 120 34.63
37.46 130 36.50
37.46 140 38.33
37.46 150 40.10
37.46 160 41.83
37.46 170 43.52
37.46 180 45.17
37.46 190 46.79
37.46 200 48.38
37.46 210 49.93
38.03 2 1.83
38.03 4 3.22
38.03 5 3.79
38.03 6 4.32
38.03 8 5.32
38.03 10 6.24
38.03 12 7.10
38.03 14 7.68
38.03 16 8.70
38.03 18 9.45
38.03 20 10.17
38.03 22 10.87
38.03 24 11.55
38.03 26 12.21
38.03 28 12.85
38.03 30 13.48
38.03 32 14.09
38.03 36 15.27
38.03 40 16.59
38.03 44 17.52
38.03 48 18.58
38.03 52 19.62
38.03 56 20.63
38.03 60 21.61
38.03 64 22.57
38.03 68 23.51
38.03 72 24.42
38.03 76 25.32
38.03 80 26.21
38.03 90 28.34
38.03 100 30.40
38.03 110 32.37
38.03 120 34.29
38.03 130 36.14
38.03 140 37.94
38.03 150 39.69
38.03 160 41.40
38.03 170 43.07
38.03 180 44.70
38.03 190 46.29
38.03 200 47.86
38.03 210 49.39
38.61 2 1.83
38.61 4 3.21
38.61 5 3.78
38.61 6 4.31
38.61 8 5.30
38.61 10 6.21
38.61 12 7.07
38.61 14 7.64
38.61 16 8.65
38.61 18 9.39
38.61 20 10.11
38.61 22 10.80
38.61 24 11.47
38.61 26 12.12
38.61 28 12.76
38.61 30 13.38
38.61 32 13.98
38.61 36 15.16
38.61 40 16.46
38.61 44 17.38
38.61 48 18.43
38.61 52 19.45
38.61 56 20.45
38.61 60 21.42
38.61 64 22.37
38.61 68 23.30
38.61 72 24.20
38.61 76 25.09
38.61 80 25.97
38.61 90 28.08
38.61 100 30.11
38.61 110 32.06
38.61 120 33.95
38.61 130 35.78
38.61 140 37.55
38.61 150 39.28
38.61 160 40.97
38.61 170 42.62
38.61 180 44.23
38.61 190 45.80
38.61 200 47.35
38.61 210 48.86
39.20 2 1.83
39.20 4 3.20
39.20 5 3.77
39.20 6 4.29
39.20 8 5.28
39.20 10 6.18
39.20 12 7.03
39.20 14 7.60
39.20 16 8.60
39.20 18 9.34
39.20 20 10.05
39.20 22 10.73
39.20 24 11.39
39.20 26 12.04
39.20 28 12.67
39.20 30 13.28
39.20 32 13.88
39.20 36 15.04
39.20 40 16.33
39.20 44 17.24
39.20 48 18.28
39.20 52 19.29
39.20 56 20.28
39.20 60 21.24
39.20 64 22.17
39.20 68 23.09
39.20 72 23.99
39.20 76 24.86
39.20 80 25.73
39.20 90 27.81
39.20 100 29.82
39.20 110 31.75
39.20 120 33.61
39.20 130 35.42
39.20 140 37.17
39.20 150 38.88
39.20 160 40.54
39.20 170 42.17
39.20 180 43.76
39.20 190 45.31
39.20 200 46.84
39.20 210 48.33
39.79 2 1.83
39.79 4 3.19
39.79 5 3.75
39.79 6 4.28
39.79 8 5.25
39.79 10 6.15
39.79 12 6.99
39.79 14 7.55
39.79 16 8.55
39.79 18 9.28
39.79 20 9.98
39.79 22 10.66
39.79 24 11.32
39.79 26 11.95
39.79 28 12.58
39.79 30 13.18
39.79 32 13.78
39.79 36 14.93
39.79 40 16.20
39.79 44 17.10
39.79 48 18.13
39.79 52 19.13
39.79 56 20.10
39.79 60 21.05
39.79 64 21.98
39.79 68 22.88
39.79 72 23.77
39.79 76 24.64
39.79 80 25.49
39.79 90 27.55
39.79 100 29.53
39.79 110 31.43
39.79 120 33.27
39.79 130 35.06
39.79 140 36.79
39.79 150 38.48
39.79 160 40.12
39.79 170 41.72
39.79 180 43.29
39.79 190 44.83
39.79 200 46.33
39.79 210 47.80
40.40 2 1.83
40.40 4 3.19
40.40 5 3.74
40.40 6 4.26
40.40 8 5.23
40.40 10 6.12
40.40 12 6.96
40.40 14 7.51
40.40 16 8.50
40.40 18 9.22
40.40 20 9.91
40.40 22 10.59
40.40 24 11.24
40.40 26 11.87
40.40 28 12.49
40.40 30 13.09
40.40 32 13.67
40.40 36 14.81
40.40 40 16.07
40.40 44 16.96
40.40 48 17.98
40.40 52 18.97
40.40 56 19.93
40.40 60 20.87
40.40 64 21.78
40.40 68 22.68
40.40 72 23.55
40.40 76 24.41
40.40 80 25.25
40.40 90 27.29
40.40 100 29.24
40.40 110 31.12
40.40 120 32.94
40.40 130 34.70
40.40 140 36.41
40.40 150 38.08
40.40 160 39.70
40.40 170 41.28
40.40 180 42.83
40.40 190 44.34
40.40 200 45.83
40.40 210 47.28
41.02 2 1.82
41.02 4 3.18
41.02 5 3.73
41.02 6 4.25
41.02 8 5.21
41.02 10 6.09
41.02 12 6.92
41.02 14 7.46
41.02 16 8.45
41.02 18 9.16
41.02 20 9.85
41.02 22 10.51
41.02 24 11.16
41.02 26 11.79
41.02 28 12.39
41.02 30 12.99
41.02 32 13.57
41.02 36 14.69
41.02 40 15.94
41.02 44 16.82
41.02 48 17.82
41.02 52 18.80
41.02 56 19.75
41.02 60 20.68
41.02 64 21.59
41.02 68 22.47
41.02 72 23.34
41.02 76 24.18
41.02 80 25.01
41.02 90 27.03
41.02 100 28.96
41.02 110 30.81
41.02 120 32.61
41.02 130 34.35
41.02 140 36.04
41.02 150 37.68
41.02 160 39.28
41.02 170 40.84
41.02 180 42.37
41.02 190 43.86
41.02 200 45.33
41.02 210 46.76
41.63 2 1.82
41.63 4 3.17
41.63 5 3.72
41.63 6 4.23
41.63 8 5.18
41.63 10 6.06
41.63 12 6.88
41.63 14 7.42
41.63 16 8.40
41.63 18 9.11
41.63 20 9.79
41.63 22 10.45
41.63 24 11.08
41.63 26 11.70
41.63 28 12.31
41.63 30 12.90
41.63 32 13.47
41.63 36 14.58
41.63 40 15.82
41.63 44 16.68
41.63 48 17.68
41.63 52 18.65
41.63 56 19.59
41.63 60 20.50
41.63 64 21.40
41.63 68 22.27
41.63 72 23.13
41.63 76 23.97
41.63 80 24.79
41.63 90 26.78
41.63 100 28.68
41.63 110 30.52
41.63 120 32.29
41.63 130 34.01
41.63 140 35.68
41.63 150 37.30
41.63 160 38.88
41.63 170 40.42
41.63 180 41.93
41.63 190 43.40
41.63 200 44.85
41.63 210 46.27
42.25 2 1.82
42.25 4 3.16
42.25 5 3.71
42.25 6 4.22
42.25 8 5.16
42.25 10 6.03
42.25 12 6.85
42.25 14 7.38
42.25 16 8.35
42.25 18 9.05
42.25 20 9.72
42.25 22 10.38
42.25 24 11.01
42.25 26 11.62
42.25 28 12.22
42.25 30 12.80
42.25 32 13.37
42.25 36 14.47
42.25 40 15.70
42.25 44 16.55
42.25 48 17.53
42.25 52 18.49
42.25 56 19.42
42.25 60 20.33
42.25 64 21.21
42.25 68 22.07
42.25 72 22.92
42.25 76 23.75
42.25 80 24.56
42.25 90 26.52
42.25 100 28.41
42.25 110 30.22
42.25 120 31.97
42.25 130 33.67
42.25 140 35.31
42.25 150 36.92
42.25 160 38.48
42.25 170 40.00
42.25 180 41.49
42.25 190 42.94
42.25 200 44.37
42.25 210 45.77
42.89 2 1.82
42.89 4 3.15
42.89 5 3.69
42.89 6 4.20
42.89 8 5.14
42.89 10 6.00
42.89 12 6.81
42.89 14 7.33
42.89 16 8.30
42.89 18 8.99
42.89 20 9.66
42.89 22 10.31
42.89 24 10.93
42.89 26 11.54
42.89 28 12.13
42.89 30 12.71
42.89 32 13.27
42.89 36 14.36
42.89 40 15.57
42.89 44 16.41
42.89 48 17.39
42.89 52 18.33
42.89 56 19.25
42.89 60 20.15
42.89 64 21.02
42.89 68 21.87
42.89 72 22.71
42.89 76 23.53
42.89 80 24.33
42.89 90 26.27
42.89 100 28.13
42.89 110 29.92
42.89 120 31.65
42.89 130 33.33
42.89 140 34.95
42.89 150 36.53
42.89 160 38.07
42.89 170 39.58
42.89 180 41.05
42.89 190 42.48
42.89 200 43.89
42.89 210 45.27
43.54 2 1.81
43.54 4 3.15
43.54 5 3.68
43.54 6 4.19
43.54 8 5.12
43.54 10 5.97
43.54 12 6.77
43.54 14 7.29
43.54 16 8.24
43.54 18 8.93
43.54 20 9.60
43.54 22 10.23
43.54 24 10.85
43.54 26 11.45
43.54 28 12.04
43.54 30 12.61
43.54 32 13.17
43.54 36 14.24
43.54 40 15.45
43.54 44 16.27
43.54 48 17.24
43.54 52 18.17
43.54 56 19.08
43.54 60 19.97
43.54 64 20.83
43.54 68 21.67
43.54 72 22.50
43.54 76 23.31
43.54 80 24.10
43.54 90 26.02
43.54 100 27.86
43.54 110 29.62
43.54 120 31.33
43.54 130 32.99
43.54 140 34.59
43.54 150 36.15
43.54 160 37.67
43.54 170 39.16
43.54 180 40.61
43.54 190 42.02
43.54 200 43.41
43.54 210 44.78
44.22 2 1.81
44.22 4 3.14
44.22 5 3.67
44.22 6 4.17
44.22 8 5.09
44.22 10 5.94
44.22 12 6.73
44.22 14 7.24
44.22 16 8.19
44.22 18 8.87
44.22 20 9.53
44.22 22 10.16
44.22 24 10.78
44.22 26 11.37
44.22 28 11.95
44.22 30 12.51
44.22 32 13.06
44.22 36 14.13
44.22 40 15.32
44.22 44 16.14
44.22 48 17.09
44.22 52 18.01
44.22 56 18.91
44.22 60 19.79
44.22 64 20.64
44.22 68 21.47
44.22 72 22.29
44.22 76 23.09
44.22 80 23.87
44.22 90 25.76
44.22 100 27.58
44.22 110 29.32
44.22 120 31.01
44.22 130 32.64
44.22 140 34.23
44.22 150 35.77
44.22 160 37.27
44.22 170 38.73
44.22 180 40.16
44.22 190 41.56
44.22 200 42.93
44.22 210 44.28
44.90 2 1.81
44.90 4 3.13
44.90 5 3.66
44.90 6 4.15
44.90 8 5.07
44.90 10 5.91
44.90 12 6.69
44.90 14 7.20
44.90 16 8.14
44.90 18 8.82
44.90 20 9.46
44.90 22 10.09
44.90 24 10.70
44.90 26 11.28
44.90 28 11.86
44.90 30 12.41
44.90 32 12.96
44.90 36 14.01
44.90 40 15.19
44.90 44 16.00
44.90 48 16.94
44.90 52 17.85
44.90 56 18.74
44.90 60 19.61
44.90 64 20.45
44.90 68 21.27
44.90 72 22.08
44.90 76 22.86
44.90 80 23.64
44.90 90 25.51
44.90 100 27.30
44.90 110 29.02
44.90 120 30.69
44.90 130 32.30
44.90 140 33.86
44.90 150 35.38
44.90 160 36.87
44.90 170 38.31
44.90 180 39.72
44.90 190 41.10
44.90 200 42.46
44.90 210 43.78
45.61 2 1.81
45.61 4 3.12
45.61 5 3.64
45.61 6 4.14
45.61 8 5.04
45.61 10 5.88
45.61 12 6.66
45.61 14 7.15
45.61 16 8.09
45.61 18 8.76
45.61 20 9.40
45.61 22 10.02
45.61 24 10.62
45.61 26 11.20
45.61 28 11.76
45.61 30 12.32
45.61 32 12.85
45.61 36 13.90
45.61 40 15.07
45.61 44 15.86
45.61 48 16.79
45.61 52 17.69
45.61 56 18.57
45.61 60 19.42
45.61 64 20.26
45.61 68 21.07
45.61 72 21.86
45.61 76 22.64
45.61 80 23.41
45.61 90 25.25
45.61 100 27.02
45.61 110 28.72
45.61 120 30.37
45.61 130 31.96
45.61 140 33.50
45.61 150 35.00
45.61 160 36.46
45.61 170 37.89
45.61 180 39.28
45.61 190 40.64
45.61 200 41.98
45.61 210 43.29
46.33 2 1.81
46.33 4 3.11
46.33 5 3.63
46.33 6 4.12
46.33 8 5.02
46.33 10 5.85
46.33 12 6.62
46.33 14 7.11
46.33 16 8.03
46.33 18 8.70
46.33 20 9.33
46.33 22 9.94
46.33 24 10.54
46.33 26 11.11
46.33 28 11.67
46.33 30 12.22
46.33 32 12.75
46.33 36 13.78
46.33 40 14.94
46.33 44 15.72
46.33 48 16.64
46.33 52 17.53
46.33 56 18.40
46.33 60 19.24
46.33 64 20.06
46.33 68 20.87
46.33 72 21.65
46.33 76 22.42
46.33 80 23.17
46.33 90 25.00
46.33 100 26.74
46.33 110 28.42
46.33 120 30.04
46.33 130 31.61
46.33 140 33.14
46.33 150 34.62
46.33 160 36.06
46.33 170 37.46
46.33 180 38.84
46.33 190 40.18
46.33 200 41.50
46.33 210 42.79
47.08 2 1.80
47.08 4 3.10
47.08 5 3.62
47.08 6 4.10
47.08 8 5.00
47.08 10 5.81
47.08 12 6.58
47.08 14 7.06
47.08 16 7.98
47.08 18 8.63
47.08 20 9.26
47.08 22 9.87
47.08 24 10.46
47.08 26 11.02
47.08 28 11.58
47.08 30 12.12
47.08 32 12.64
47.08 36 13.66
47.08 40 14.81
47.08 44 15.58
47.08 48 16.49
47.08 52 17.37
47.08 56 18.22
47.08 60 19.06
47.08 64 19.87
47.08 68 20.66
47.08 72 21.44
47.08 76 22.20
47.08 80 22.94
47.08 90 24.74
47.08 100 26.46
47.08 110 28.12
47.08 120 29.72
47.08 130 31.27
47.08 140 32.77
47.08 150 34.23
47.08 160 35.65
47.08 170 37.04
47.08 180 38.40
47.08 190 39.72
47.08 200 41.02
47.08 210 42.29
47.84 2 1.80
47.84 4 3.09
47.84 5 3.61
47.84 6 4.09
47.84 8 4.97
47.84 10 5.78
47.84 12 6.54
47.84 14 7.01
47.84 16 7.93
47.84 18 8.57
47.84 20 9.19
47.84 22 9.79
47.84 24 10.37
47.84 26 10.94
47.84 28 11.48
47.84 30 12.02
47.84 32 12.54
47.84 36 13.54
47.84 40 14.68
47.84 44 15.44
47.84 48 16.33
47.84 52 17.20
47.84 56 18.05
47.84 60 18.87
47.84 64 19.67
47.84 68 20.46
47.84 72 21.22
47.84 76 21.97
47.84 80 22.71
47.84 90 24.48
47.84 100 26.18
47.84 110 27.82
47.84 120 29.40
47.84 130 30.93
47.84 140 32.41
47.84 150 33.85
47.84 160 35.25
47.84 170 36.62
47.84 180 37.96
47.84 190 39.26
47.84 200 40.54
47.84 210 41.80
48.62 2 1.80
48.62 4 3.08
48.62 5 3.59
48.62 6 4.07
48.62 8 4.94
48.62 10 5.75
48.62 12 6.50
48.62 14 6.96
48.62 16 7.87
48.62 18 8.51
48.62 20 9.13
48.62 22 9.72
48.62 24 10.29
48.62 26 10.85
48.62 28 11.39
48.62 30 11.92
48.62 32 12.43
48.62 36 13.42
48.62 40 14.54
48.62 44 15.29
48.62 48 16.18
48.62 52 17.04
48.62 56 17.87
48.62 60 18.68
48.62 64 19.48
48.62 68 20.25
48.62 72 21.00
48.62 76 21.74
48.62 80 22.47
48.62 90 24.22
48.62 100 25.90
48.62 110 27.51
48.62 120 29.07
48.62 130 30.58
48.62 140 32.04
48.62 150 33.46
48.62 160 34.84
48.62 170 36.19
48.62 180 37.51
48.62 190 38.80
48.62 200 40.06
48.62 210 41.30
49.43 2 1.79
49.43 4 3.07
49.43 5 3.58
49.43 6 4.05
49.43 8 4.92
49.43 10 5.71
49.43 12 6.45
49.43 14 6.92
49.43 16 7.81
49.43 18 8.45
49.43 20 9.06
49.43 22 9.64
49.43 24 10.21
49.43 26 10.76
49.43 28 11.29
49.43 30 11.81
49.43 32 12.32
49.43 36 13.30
49.43 40 14.41
49.43 44 15.15
49.43 48 16.02
49.43 52 16.87
49.43 56 17.70
49.43 60 18.50
49.43 64 19.28
49.43 68 20.04
49.43 72 20.79
49.43 76 21.52
49.43 80 22.23
49.43 90 23.96
49.43 100 25.62
49.43 110 27.21
49.43 120 28.74
49.43 130 30.23
49.43 140 31.67
49.43 150 33.07
49.43 160 34.44
49.43 170 35.77
49.43 180 37.07
49.43 190 38.34
49.43 200 39.58
49.43 210 40.80
50.26 2 1.79
50.26 4 3.06
50.26 5 3.56
50.26 6 4.03
50.26 8 4.89
50.26 10 5.68
50.26 12 6.41
50.26 14 6.87
50.26 16 7.76
50.26 18 8.38
50.26 20 8.99
50.26 22 9.56
50.26 24 10.12
50.26 26 10.67
50.26 28 11.20
50.26 30 11.71
50.26 32 12.21
50.26 36 13.18
50.26 40 14.28
50.26 44 15.00
50.26 48 15.87
50.26 52 16.71
50.26 56 17.52
50.26 60 18.31
50.26 64 19.08
50.26 68 19.83
50.26 72 20.57
50.26 76 21.29
50.26 80 22.00
50.26 90 23.70
50.26 100 25.33
50.26 110 26.90
50.26 120 28.42
50.26 130 29.88
50.26 140 31.31
50.26 150 32.69
50.26 160 34.03
50.26 170 35.35
50.26 180 36.63
50.26 190 37.88
50.26 200 39.11
50.26 210 40.31
51.10 2 1.79
51.10 4 3.05
51.10 5 3.55
51.10 6 4.01
51.10 8 4.87
51.10 10 5.65
51.10 12 6.37
51.10 14 6.82
51.10 16 7.70
51.10 18 8.32
51.10 20 8.91
51.10 22 9.49
51.10 24 10.04
51.10 26 10.58
51.10 28 11.10
51.10 30 11.61
51.10 32 12.10
51.10 36 13.06
51.10 40 14.15
51.10 44 14.86
51.10 48 15.71
51.10 52 16.54
51.10 56 17.34
51.10 60 18.12
51.10 64 18.88
51.10 68 19.63
51.10 72 20.35
51.10 76 21.06
51.10 80 21.76
51.10 90 23.44
51.10 100 25.05
51.10 110 26.60
51.10 120 28.10
51.10 130 29.54
51.10 140 30.94
51.10 150 32.30
51.10 160 33.63
51.10 170 34.92
51.10 180 36.19
51.10 190 37.42
51.10 200 38.63
51.10 210 39.82
51.97 2 1.79
51.97 4 3.04
51.97 5 3.53
51.97 6 3.99
51.97 8 4.84
51.97 10 5.61
51.97 12 6.33
51.97 14 6.77
51.97 16 7.64
51.97 18 8.26
51.97 20 8.84
51.97 22 9.41
51.97 24 9.96
51.97 26 10.49
51.97 28 11.00
51.97 30 11.50
51.97 32 11.99
51.97 36 12.94
51.97 40 14.01
51.97 44 14.72
51.97 48 15.56
51.97 52 16.37
51.97 56 17.17
51.97 60 17.94
51.97 64 18.69
51.97 68 19.42
51.97 72 20.14
51.97 76 20.84
51.97 80 21.52
51.97 90 23.18
51.97 100 24.77
51.97 110 26.30
51.97 120 27.77
51.97 130 29.20
51.97 140 30.58
51.97 150 31.92
51.97 160 33.23
51.97 170 34.50
51.97 180 35.75
51.97 190 36.97
51.97 200 38.16
51.97 210 39.33
52.85 2 1.78
52.85 4 3.03
52.85 5 3.52
52.85 6 3.98
52.85 8 4.81
52.85 10 5.58
52.85 12 6.29
52.85 14 6.72
52.85 16 7.59
52.85 18 8.19
52.85 20 8.77
52.85 22 9.33
52.85 24 9.87
52.85 26 10.40
52.85 28 10.91
52.85 30 11.40
52.85 32 11.88
52.85 36 12.82
52.85 40 13.88
52.85 44 14.57
52.85 48 15.40
52.85 52 16.21
52.85 56 16.99
52.85 60 17.75
52.85 64 18.49
52.85 68 19.21
52.85 72 19.92
52.85 76 20.61
52.85 80 21.29
52.85 90 22.92
52.85 100 24.49
52.85 110 26.00
52.85 120 27.45
52.85 130 28.85
52.85 140 30.22
52.85 150 31.54
52.85 160 32.83
52.85 170 34.09
52.85 180 35.31
52.85 190 36.51
52.85 200 37.69
52.85 210 38.84
53.76 2 1.78
53.76 4 3.02
53.76 5 3.51
53.76 6 3.96
53.76 8 4.78
53.76 10 5.54
53.76 12 6.24
53.76 14 6.67
53.76 16 7.53
53.76 18 8.13
53.76 20 8.70
53.76 22 9.25
53.76 24 9.79
53.76 26 10.31
53.76 28 10.81
53.76 30 11.30
53.76 32 11.77
53.76 36 12.70
53.76 40 13.75
53.76 44 14.43
53.76 48 15.25
53.76 52 16.04
53.76 56 16.81
53.76 60 17.56
53.76 64 18.29
53.76 68 19.01
53.76 72 19.70
53.76 76 20.38
53.76 80 21.05
53.76 90 22.67
53.76 100 24.21
53.76 110 25.70
53.76 120 27.13
53.76 130 28.51
53.76 140 29.86
53.76 150 31.16
53.76 160 32.43
53.76 170 33.67
53.76 180 34.88
53.76 190 36.06
53.76 200 37.22
53.76 210 38.36
54.69 2 1.78
54.69 4 3.01
54.69 5 3.49
54.69 6 3.94
54.69 8 4.76
54.69 10 5.51
54.69 12 6.20
54.69 14 6.62
54.69 16 7.47
54.69 18 8.06
54.69 20 8.63
54.69 22 9.18
54.69 24 9.70
54.69 26 10.21
54.69 28 10.71
54.69 30 11.19
54.69 32 11.66
54.69 36 12.57
54.69 40 13.61
54.69 44 14.28
54.69 48 15.09
54.69 52 15.88
54.69 56 16.64
54.69 60 17.38
54.69 64 18.10
54.69 68 18.80
54.69 72 19.49
54.69 76 20.16
54.69 80 20.82
54.69 90 22.41
54.69 100 23.93
54.69 110 25.40
54.69 120 26.81
54.69 130 28.17
54.69 140 29.50
54.69 150 30.78
54.69 160 32.04
54.69 170 33.26
54.69 180 34.45
54.69 190 35.61
54.69 200 36.76
54.69 210 37.87
55.64 2 1.77
55.64 4 3.00
55.64 5 3.48
55.64 6 3.92
55.64 8 4.73
55.64 10 5.47
55.64 12 6.16
55.64 14 6.57
55.64 16 7.41
55.64 18 8.00
55.64 20 8.56
55.64 22 9.10
55.64 24 9.62
55.64 26 10.12
55.64 28 10.61
55.64 30 11.09
55.64 32 11.55
55.64 36 12.45
55.64 40 13.48
55.64 44 14.14
55.64 48 14.94
55.64 52 15.71
55.64 56 16.46
55.64 60 17.19
55.64 64 17.90
55.64 68 18.59
55.64 72 19.27
55.64 76 19.93
55.64 80 20.58
55.64 90 22.15
55.64 100 23.65
55.64 110 25.10
55.64 120 26.49
55.64 130 27.83
55.64 140 29.14
55.64 150 30.41
55.64 160 31.64
55.64 170 32.84
55.64 180 34.02
55.64 190 35.17
55.64 200 36.29
55.64 210 37.39
56.61 2 1.77
56.61 4 2.99
56.61 5 3.46
56.61 6 3.90
56.61 8 4.70
56.61 10 5.43
56.61 12 6.11
56.61 14 6.52
56.61 16 7.36
56.61 18 7.93
56.61 20 8.49
56.61 22 9.02
56.61 24 9.53
56.61 26 10.03
56.61 28 10.51
56.61 30 10.99
56.61 32 11.44
56.61 36 12.33
56.61 40 13.35
56.61 44 13.99
56.61 48 14.78
56.61 52 15.54
56.61 56 16.28
56.61 60 17.00
56.61 64 17.70
56.61 68 18.39
56.61 72 19.06
56.61 76 19.71
56.61 80 20.35
56.61 90 21.90
56.61 100 23.38
56.61 110 24.80
56.61 120 26.17
56.61 130 27.50
56.61 140 28.78
56.61 150 30.03
56.61 160 31.25
56.61 170 32.43
56.61 180 33.59
56.61 190 34.72
56.61 200 35.83
56.61 210 36.92
57.66 2 1.77
57.66 4 2.98
57.66 5 3.44
57.66 6 3.88
57.66 8 4.67
57.66 10 5.40
57.66 12 6.07
57.66 14 6.46
57.66 16 7.29
57.66 18 7.86
57.66 20 8.41
57.66 22 8.94
57.66 24 9.44
57.66 26 9.93
57.66 28 10.41
57.66 30 10.88
57.66 32 11.33
57.66 36 12.20
57.66 40 13.21
57.66 44 13.84
57.66 48 14.62
57.66 52 15.37
57.66 56 16.10
57.66 60 16.81
57.66 64 17.50
57.66 68 18.17
57.66 72 18.83
57.66 76 19.48
57.66 80 20.11
57.66 90 21.63
57.66 100 23.09
57.66 110 24.49
57.66 120 25.84
57.66 130 27.15
57.66 140 28.41
57.66 150 29.64
57.66 160 30.84
57.66 170 32.01
57.66 180 33.15
57.66 190 34.26
57.66 200 35.35
57.66 210 36.42
58.71 2 1.76
58.71 4 2.96
58.71 5 3.43
58.71 6 3.86
58.71 8 4.64
58.71 10 5.36
58.71 12 6.02
58.71 14 6.41
58.71 16 7.23
58.71 18 7.80
58.71 20 8.33
58.71 22 8.85
58.71 24 9.35
58.71 26 9.84
58.71 28 10.31
58.71 30 10.77
58.71 32 11.21
58.71 36 12.08
58.71 40 13.07
58.71 44 13.69
58.71 48 14.46
58.71 52 15.20
58.71 56 15.92
58.71 60 16.62
58.71 64 17.30
58.71 68 17.96
58.71 72 18.61
58.71 76 19.24
58.71 80 19.87
58.71 90 21.37
58.71 100 22.80
58.71 110 24.18
58.71 120 25.51
58.71 130 26.80
58.71 140 28.05
58.71 150 29.26
58.71 160 30.44
58.71 170 31.59
58.71 180 32.71
58.71 190 33.81
58.71 200 34.88
58.71 210 35.94
59.79 2 1.76
59.79 4 2.95
59.79 5 3.41
59.79 6 3.84
59.79 8 4.61
59.79 10 5.32
59.79 12 5.98
59.79 14 6.36
59.79 16 7.17
59.79 18 7.73
59.79 20 8.26
59.79 22 8.77
59.79 24 9.27
59.79 26 9.74
59.79 28 10.21
59.79 30 10.66
59.79 32 11.10
59.79 36 11.95
59.79 40 12.93
59.79 44 13.55
59.79 48 14.30
59.79 52 15.03
59.79 56 15.74
59.79 60 16.43
59.79 64 17.10
59.79 68 17.75
59.79 72 18.39
59.79 76 19.02
59.79 80 19.63
59.79 90 21.11
59.79 100 22.52
59.79 110 23.88
59.79 120 25.19
59.79 130 26.46
59.79 140 27.69
59.79 150 28.88
59.79 160 30.04
59.79 170 31.18
59.79 180 32.28
59.79 190 33.36
59.79 200 34.42
59.79 210 35.46
60.88 2 1.76
60.88 4 2.94
60.88 5 3.39
60.88 6 3.81
60.88 8 4.58
60.88 10 5.28
60.88 12 5.93
60.88 14 6.31
60.88 16 7.11
60.88 18 7.66
60.88 20 8.19
60.88 22 8.69
60.88 24 9.18
60.88 26 9.65
60.88 28 10.11
60.88 30 10.55
60.88 32 10.99
60.88 36 11.83
60.88 40 12.80
60.88 44 13.40
60.88 48 14.14
60.88 52 14.86
60.88 56 15.56
60.88 60 16.24
60.88 64 16.90
60.88 68 17.54
60.88 72 18.17
60.88 76 18.79
60.88 80 19.39
60.88 90 20.85
60.88 100 22.25
60.88 110 23.58
60.88 120 24.88
60.88 130 26.12
60.88 140 27.33
60.88 150 28.51
60.88 160 29.65
60.88 170 30.77
60.88 180 31.86
60.88 190 32.92
60.88 200 33.97
60.88 210 34.99
61.98 2 1.75
61.98 4 2.93
61.98 5 3.38
61.98 6 3.79
61.98 8 4.55
61.98 10 5.25
61.98 12 5.89
61.98 14 6.25
61.98 16 7.05
61.98 18 7.59
61.98 20 8.11
61.98 22 8.61
61.98 24 9.09
61.98 26 9.56
61.98 28 10.01
61.98 30 10.45
61.98 32 10.88
61.98 36 11.70
61.98 40 12.66
61.98 44 13.25
61.98 48 13.99
61.98 52 14.70
61.98 56 15.39
61.98 60 16.05
61.98 64 16.71
61.98 68 17.34
61.98 72 17.96
61.98 76 18.57
61.98 80 19.16
61.98 90 20.60
61.98 100 21.97
61.98 110 23.29
61.98 120 24.56
61.98 130 25.79
61.98 140 26.99
61.98 150 28.14
61.98 160 29.27
61.98 170 30.37
61.98 180 31.44
61.98 190 32.49
61.98 200 33.52
61.98 210 34.52
63.11 2 1.75
63.11 4 2.92
63.11 5 3.36
63.11 6 3.77
63.11 8 4.53
63.11 10 5.21
63.11 12 5.84
63.11 14 6.20
63.11 16 6.99
63.11 18 7.53
63.11 20 8.04
63.11 22 8.53
63.11 24 9.01
63.11 26 9.47
63.11 28 9.91
63.11 30 10.35
63.11 32 10.77
63.11 36 11.58
63.11 40 12.53
63.11 44 13.11
63.11 48 13.83
63.11 52 14.53
63.11 56 15.21
63.11 60 15.87
63.11 64 16.51
63.11 68 17.14
63.11 72 17.75
63.11 76 18.35
63.11 80 18.94
63.11 90 20.35
63.11 100 21.70
63.11 110 23.00
63.11 120 24.26
63.11 130 25.47
63.11 140 26.64
63.11 150 27.78
63.11 160 28.89
63.11 170 29.97
63.11 180 31.03
63.11 190 32.06
63.11 200 33.08
63.11 210 34.07
64.25 2 1.75
64.25 4 2.91
64.25 5 3.35
64.25 6 3.75
64.25 8 4.50
64.25 10 5.17
64.25 12 5.80
64.25 14 6.15
64.25 16 6.94
64.25 18 7.46
64.25 20 7.97
64.25 22 8.45
64.25 24 8.92
64.25 26 9.38
64.25 28 9.81
64.25 30 10.24
64.25 32 10.66
64.25 36 11.46
64.25 40 12.40
64.25 44 12.97
64.25 48 13.68
64.25 52 14.37
64.25 56 15.04
64.25 60 15.69
64.25 64 16.32
64.25 68 16.94
64.25 72 17.54
64.25 76 18.13
64.25 80 18.71
64.25 90 20.10
64.25 100 21.44
64.25 110 22.72
64.25 120 23.95
64.25 130 25.15
64.25 140 26.30
64.25 150 27.43
64.25 160 28.52
64.25 170 29.59
64.25 180 30.63
64.25 190 31.65
64.25 200 32.64
64.25 210 33.62
65.41 2 1.74
65.41 4 2.89
65.41 5 3.33
65.41 6 3.73
65.41 8 4.47
65.41 10 5.14
65.41 12 5.75
65.41 14 6.10
65.41 16 6.88
65.41 18 7.40
65.41 20 7.90
65.41 22 8.38
65.41 24 8.84
65.41 26 9.29
65.41 28 9.72
65.41 30 10.14
65.41 32 10.55
65.41 36 11.34
65.41 40 12.27
65.41 44 12.83
65.41 48 13.53
65.41 52 14.21
65.41 56 14.87
65.41 60 15.51
65.41 64 16.14
65.41 68 16.75
65.41 72 17.34
65.41 76 17.92
65.41 80 18.49
65.41 90 19.86
65.41 100 21.18
65.41 110 22.44
65.41 120 23.65
65.41 130 24.83
65.41 140 25.97
65.41 150 27.08
65.41 160 28.15
65.41 170 29.20
65.41 180 30.23
65.41 190 31.23
65.41 200 32.21
65.41 210 33.18
66.59 2 1.74
66.59 4 2.88
66.59 5 3.31
66.59 6 3.71
66.59 8 4.44
66.59 10 5.10
66.59 12 5.71
66.59 14 6.05
66.59 16 6.82
66.59 18 7.33
66.59 20 7.83
66.59 22 8.30
66.59 24 8.75
66.59 26 9.20
66.59 28 9.62
66.59 30 10.04
66.59 32 10.45
66.59 36 11.23
66.59 40 12.14
66.59 44 12.69
66.59 48 13.39
66.59 52 14.06
66.59 56 14.71
66.59 60 15.34
66.59 64 15.95
66.59 68 16.55
66.59 72 17.14
66.59 76 17.71
66.59 80 18.27
66.59 90 19.62
66.59 100 20.92
66.59 110 22.16
66.59 120 23.36
66.59 130 24.52
66.59 140 25.64
66.59 150 26.73
66.59 160 27.79
66.59 170 28.83
66.59 180 29.84
66.59 190 30.83
66.59 200 31.79
66.59 210 32.74
67.78 2 1.74
67.78 4 2.87
67.78 5 3.30
67.78 6 3.69
67.78 8 4.41
67.78 10 5.06
67.78 12 5.67
67.78 14 6.00
67.78 16 6.76
67.78 18 7.27
67.78 20 7.76
67.78 22 8.22
67.78 24 8.67
67.78 26 9.11
67.78 28 9.53
67.78 30 9.94
67.78 32 10.34
67.78 36 11.11
67.78 40 12.01
67.78 44 12.56
67.78 48 13.24
67.78 52 13.90
67.78 56 14.54
67.78 60 15.16
67.78 64 15.77
67.78 68 16.36
67.78 72 16.94
67.78 76 17.50
67.78 80 18.05
67.78 90 19.39
67.78 100 20.66
67.78 110 21.89
67.78 120 23.07
67.78 130 24.21
67.78 140 25.32
67.78 150 26.39
67.78 160 27.44
67.78 170 28.46
67.78 180 29.45
67.78 190 30.43
67.78 200 31.38
67.78 210 32.31
69.04 2 1.73
69.04 4 2.86
69.04 5 3.28
69.04 6 3.67
69.04 8 4.38
69.04 10 5.03
69.04 12 5.62
69.04 14 5.95
69.04 16 6.70
69.04 18 7.20
69.04 20 7.68
69.04 22 8.14
69.04 24 8.59
69.04 26 9.02
69.04 28 9.43
69.04 30 9.84
69.04 32 10.23
69.04 36 10.99
69.04 40 11.88
69.04 44 12.42
69.04 48 13.09
69.04 52 13.74
69.04 56 14.37
69.04 60 14.99
69.04 64 15.58
69.04 68 16.17
69.04 72 16.73
69.04 76 17.29
69.04 80 17.83
69.04 90 19.15
69.04 100 20.41
69.04 110 21.61
69.04 120 22.78
69.04 130 23.90
69.04 140 24.99
69.04 150 26.05
69.04 160 27.08
69.04 170 28.08
69.04 180 29.06
69.04 190 30.02
69.04 200 30.96
69.04 210 31.88
70.30 2 1.73
70.30 4 2.85
70.30 5 3.26
70.30 6 3.65
70.30 8 4.35
70.30 10 4.99
70.30 12 5.58
70.30 14 5.90
70.30 16 6.65
70.30 18 7.14
70.30 20 7.61
70.30 22 8.07
70.30 24 8.50
70.30 26 8.93
70.30 28 9.34
70.30 30 9.74
70.30 32 10.13
70.30 36 10.88
70.30 40 11.76
70.30 44 12.28
70.30 48 12.94
70.30 52 13.59
70.30 56 14.21
70.30 60 14.81
70.30 64 15.40
70.30 68 15.97
70.30 72 16.53
70.30 76 17.08
70.30 80 17.62
70.30 90 18.91
70.30 100 20.15
70.30 110 21.34
70.30 120 22.49
70.30 130 23.59
70.30 140 24.67
70.30 150 25.71
70.30 160 26.72
70.30 170 27.71
70.30 180 28.68
70.30 190 29.62
70.30 200 30.55
70.30 210 31.45
71.57 2 1.73
71.57 4 2.83
71.57 5 3.25
71.57 6 3.63
71.57 8 4.32
71.57 10 4.95
71.57 12 5.53
71.57 14 5.85
71.57 16 6.59
71.57 18 7.08
71.57 20 7.54
71.57 22 7.99
71.57 24 8.42
71.57 26 8.84
71.57 28 9.25
71.57 30 9.64
71.57 32 10.02
71.57 36 10.76
71.57 40 11.63
71.57 44 12.15
71.57 48 12.80
71.57 52 13.43
71.57 56 14.05
71.57 60 14.64
71.57 64 15.22
71.57 68 15.79
71.57 72 16.34
71.57 76 16.88
71.57 80 17.41
71.57 90 18.68
71.57 100 19.90
71.57 110 21.07
71.57 120 22.20
71.57 130 23.29
71.57 140 24.35
71.57 150 25.38
71.57 160 26.38
71.57 170 27.35
71.57 180 28.31
71.57 190 29.24
71.57 200 30.15
71.57 210 31.04
72.86 2 1.72
72.86 4 2.82
72.86 5 3.23
72.86 6 3.61
72.86 8 4.30
72.86 10 4.92
72.86 12 5.49
72.86 14 5.80
72.86 16 6.53
72.86 18 7.01
72.86 20 7.47
72.86 22 7.92
72.86 24 8.34
72.86 26 8.75
72.86 28 9.15
72.86 30 9.54
72.86 32 9.92
72.86 36 10.65
72.86 40 11.51
72.86 44 12.01
72.86 48 12.66
72.86 52 13.28
72.86 56 13.89
72.86 60 14.47
72.86 64 15.05
72.86 68 15.60
72.86 72 16.15
72.86 76 16.68
72.86 80 17.20
72.86 90 18.46
72.86 100 19.66
72.86 110 20.81
72.86 120 21.93
72.86 130 23.00
72.86 140 24.04
72.86 150 25.06
72.86 160 26.04
72.86 170 27.00
72.86 180 27.94
72.86 190 28.86
72.86 200 29.75
72.86 210 30.63
74.15 2 1.72
74.15 4 2.81
74.15 5 3.21
74.15 6 3.59
74.15 8 4.27
74.15 10 4.88
74.15 12 5.45
74.15 14 5.75
74.15 16 6.48
74.15 18 6.95
74.15 20 7.41
74.15 22 7.84
74.15 24 8.26
74.15 26 8.67
74.15 28 9.06
74.15 30 9.45
74.15 32 9.82
74.15 36 10.54
74.15 40 11.39
74.15 44 11.89
74.15 48 12.52
74.15 52 13.14
74.15 56 13.73
74.15 60 14.31
74.15 64 14.88
74.15 68 15.42
74.15 72 15.96
74.15 76 16.49
74.15 80 17.00
74.15 90 18.24
74.15 100 19.42
74.15 110 20.56
74.15 120 21.66
74.15 130 22.72
74.15 140 23.74
74.15 150 24.74
74.15 160 25.71
74.15 170 26.66
74.15 180 27.58
74.15 190 28.49
74.15 200 29.37
74.15 210 30.24
75.46 2 1.71
75.46 4 2.80
75.46 5 3.20
75.46 6 3.57
75.46 8 4.24
75.46 10 4.85
75.46 12 5.41
75.46 14 5.71
75.46 16 6.42
75.46 18 6.89
75.46 20 7.34
75.46 22 7.77
75.46 24 8.19
75.46 26 8.59
75.46 28 8.98
75.46 30 9.35
75.46 32 9.72
75.46 36 10.43
75.46 40 11.27
75.46 44 11.76
75.46 48 12.39
75.46 52 12.99
75.46 56 13.58
75.46 60 14.15
75.46 64 14.71
75.46 68 15.25
75.46 72 15.78
75.46 76 16.29
75.46 80 16.80
75.46 90 18.02
75.46 100 19.19
75.46 110 20.31
75.46 120 21.39
75.46 130 22.44
75.46 140 23.45
75.46 150 24.43
75.46 160 25.39
75.46 170 26.32
75.46 180 27.23
75.46 190 28.13
75.46 200 29.00
75.46 210 29.85
76.77 2 1.71
76.77 4 2.79
76.77 5 3.18
76.77 6 3.55
76.77 8 4.21
76.77 10 4.81
76.77 12 5.37
76.77 14 5.66
76.77 16 6.37
76.77 18 6.83
76.77 20 7.28
76.77 22 7.70
76.77 24 8.11
76.77 26 8.51
76.77 28 8.89
76.77 30 9.26
76.77 32 9.63
76.77 36 10.33
76.77 40 11.16
76.77 44 11.64
76.77 48 12.26
76.77 52 12.85
76.77 56 13.43
76.77 60 14.00
76.77 64 14.54
76.77 68 15.08
76.77 72 15.60
76.77 76 16.11
76.77 80 16.61
76.77 90 17.81
76.77 100 18.96
76.77 110 20.07
76.77 120 21.14
76.77 130 22.17
76.77 140 23.16
76.77 150 24.13
76.77 160 25.08
76.77 170 26.00
76.77 180 26.89
76.77 190 27.77
76.77 200 28.63
76.77 210 29.47
78.10 2 1.71
78.10 4 2.77
78.10 5 3.17
78.10 6 3.53
78.10 8 4.19
78.10 10 4.78
78.10 12 5.33
78.10 14 5.62
78.10 16 6.32
78.10 18 6.78
78.10 20 7.21
78.10 22 7.63
78.10 24 8.04
78.10 26 8.43
78.10 28 8.81
78.10 30 9.17
78.10 32 9.53
78.10 36 10.22
78.10 40 11.04
78.10 44 11.52
78.10 48 12.13
78.10 52 12.72
78.10 56 13.29
78.10 60 13.84
78.10 64 14.38
78.10 68 14.91
78.10 72 15.42
78.10 76 15.93
78.10 80 16.42
78.10 90 17.61
78.10 100 18.74
78.10 110 19.83
78.10 120 20.88
78.10 130 21.90
78.10 140 22.88
78.10 150 23.84
78.10 160 24.77
78.10 170 25.68
78.10 180 26.56
78.10 190 27.43
78.10 200 28.27
78.10 210 29.10
79.43 2 1.70
79.43 4 2.76
79.43 5 3.15
79.43 6 3.51
79.43 8 4.16
79.43 10 4.75
79.43 12 5.29
79.43 14 5.57
79.43 16 6.27
79.43 18 6.72
79.43 20 7.15
79.43 22 7.56
79.43 24 7.96
79.43 26 8.35
79.43 28 8.72
79.43 30 9.09
79.43 32 9.44
79.43 36 10.12
79.43 40 10.93
79.43 44 11.40
79.43 48 12.00
79.43 52 12.58
79.43 56 13.14
79.43 60 13.69
79.43 64 14.23
79.43 68 14.74
79.43 72 15.25
79.43 76 15.75
79.43 80 16.23
79.43 90 17.41
79.43 100 18.53
79.43 110 19.60
79.43 120 20.64
79.43 130 21.64
79.43 140 22.61
79.43 150 23.55
79.43 160 24.47
79.43 170 25.36
79.43 180 26.24
79.43 190 27.09
79.43 200 27.92
79.43 210 28.74
80.78 2 1.70
80.78 4 2.75
80.78 5 3.14
80.78 6 3.49
80.78 8 4.13
80.78 10 4.71
80.78 12 5.25
80.78 14 5.53
80.78 16 6.22
80.78 18 6.66
80.78 20 7.09
80.78 22 7.50
80.78 24 7.89
80.78 26 8.27
80.78 28 8.64
80.78 30 9.00
80.78 32 9.35
80.78 36 10.02
80.78 40 10.82
80.78 44 11.28
80.78 48 11.87
80.78 52 12.45
80.78 56 13.01
80.78 60 13.55
80.78 64 14.07
80.78 68 14.58
80.78 72 15.08
80.78 76 15.57
80.78 80 16.05
80.78 90 17.21
80.78 100 18.31
80.78 110 19.37
80.78 120 20.40
80.78 130 21.38
80.78 140 22.34
80.78 150 23.27
80.78 160 24.17
80.78 170 25.06
80.78 180 25.92
80.78 190 26.76
80.78 200 27.58
80.78 210 28.39
82.14 2 1.70
82.14 4 2.74
82.14 5 3.12
82.14 6 3.47
82.14 8 4.11
82.14 10 4.68
82.14 12 5.21
82.14 14 5.48
82.14 16 6.17
82.14 18 6.61
82.14 20 7.03
82.14 22 7.43
82.14 24 7.82
82.14 26 8.20
82.14 28 8.56
82.14 30 8.92
82.14 32 9.26
82.14 36 9.92
82.14 40 10.72
82.14 44 11.17
82.14 48 11.75
82.14 52 12.32
82.14 56 12.87
82.14 60 13.40
82.14 64 13.92
82.14 68 14.42
82.14 72 14.92
82.14 76 15.40
82.14 80 15.87
82.14 90 17.01
82.14 100 18.10
82.14 110 19.15
82.14 120 20.16
82.14 130 21.13
82.14 140 22.08
82.14 150 22.99
82.14 160 23.88
82.14 170 24.75
82.14 180 25.60
82.14 190 26.43
82.14 200 27.25
82.14 210 28.04
83.51 2 1.69
83.51 4 2.73
83.51 5 3.11
83.51 6 3.45
83.51 8 4.08
83.51 10 4.65
83.51 12 5.17
83.51 14 5.44
83.51 16 6.12
83.51 18 6.55
83.51 20 6.97
83.51 22 7.37
83.51 24 7.75
83.51 26 8.12
83.51 28 8.48
83.51 30 8.83
83.51 32 9.17
83.51 36 9.83
83.51 40 10.61
83.51 44 11.05
83.51 48 11.63
83.51 52 12.19
83.51 56 12.73
83.51 60 13.26
83.51 64 13.77
83.51 68 14.27
83.51 72 14.76
83.51 76 15.23
83.51 80 15.70
83.51 90 16.82
83.51 100 17.90
83.51 110 18.93
83.51 120 19.92
83.51 130 20.89
83.51 140 21.82
83.51 150 22.72
83.51 160 23.60
83.51 170 24.46
83.51 180 25.30
83.51 190 26.12
83.51 200 26.92
83.51 210 27.70
84.89 2 1.69
84.89 4 2.72
84.89 5 3.09
84.89 6 3.44
84.89 8 4.06
84.89 10 4.62
84.89 12 5.13
84.89 14 5.40
84.89 16 6.07
84.89 18 6.50
84.89 20 6.91
84.89 22 7.30
84.89 24 7.68
84.89 26 8.05
84.89 28 8.41
84.89 30 8.75
84.89 32 9.09
84.89 36 9.73
84.89 40 10.51
84.89 44 10.94
84.89 48 11.51
84.89 52 12.07
84.89 56 12.60
84.89 60 13.12
84.89 64 13.62
84.89 68 14.12
84.89 72 14.60
84.89 76 15.07
84.89 80 15.53
84.89 90 16.64
84.89 100 17.70
84.89 110 18.72
84.89 120 19.70
84.89 130 20.65
84.89 140 21.57
84.89 150 22.46
84.89 160 23.33
84.89 170 24.17
84.89 180 25.00
84.89 190 25.81
84.89 200 26.60
84.89 210 27.37
86.27 2 1.69
86.27 4 2.71
86.27 5 3.08
86.27 6 3.42
86.27 8 4.03
86.27 10 4.59
86.27 12 5.10
86.27 14 5.36
86.27 16 6.02
86.27 18 6.45
86.27 20 6.85
86.27 22 7.24
86.27 24 7.62
86.27 26 7.98
86.27 28 8.33
86.27 30 8.67
86.27 32 9.00
86.27 36 9.64
86.27 40 10.41
86.27 44 10.84
86.27 48 11.40
86.27 52 11.94
86.27 56 12.47
86.27 60 12.98
86.27 64 13.48
86.27 68 13.97
86.27 72 14.44
86.27 76 14.91
86.27 80 15.36
86.27 90 16.46
86.27 100 17.50
86.27 110 18.51
86.27 120 19.48
86.27 130 20.41
86.27 140 21.32
86.27 150 22.20
86.27 160 23.06
86.27 170 23.89
86.27 180 24.71
86.27 190 25.51
86.27 200 26.29
86.27 210 27.05
87.65 2 1.68
87.65 4 2.70
87.65 5 3.06
87.65 6 3.40
87.65 8 4.01
87.65 10 4.56
87.65 12 5.06
87.65 14 5.32
87.65 16 5.97
87.65 18 6.39
87.65 20 6.80
87.65 22 7.18
87.65 24 7.55
87.65 26 7.91
87.65 28 8.26
87.65 30 8.59
87.65 32 8.92
87.65 36 9.55
87.65 40 10.31
87.65 44 10.73
87.65 48 11.29
87.65 52 11.83
87.65 56 12.35
87.65 60 12.85
87.65 64 13.34
87.65 68 13.82
87.65 72 14.29
87.65 76 14.75
87.65 80 15.20
87.65 90 16.28
87.65 100 17.31
87.65 110 18.31
87.65 120 19.26
87.65 130 20.18
87.65 140 21.08
87.65 150 21.95
87.65 160 22.80
87.65 170 23.62
87.65 180 24.43
87.65 190 25.21
87.65 200 25.98
87.65 210 26.74
89.04 2 1.68
89.04 4 2.68
89.04 5 3.05
89.04 6 3.38
89.04 8 3.99
89.04 10 4.53
89.04 12 5.03
89.04 14 5.28
89.04 16 5.93
89.04 18 6.34
89.04 20 6.74
89.04 22 7.12
89.04 24 7.49
89.04 26 7.84
89.04 28 8.18
89.04 30 8.52
89.04 32 8.84
89.04 36 9.46
89.04 40 10.21
89.04 44 10.63
89.04 48 11.18
89.04 52 11.71
89.04 56 12.22
89.04 60 12.72
89.04 64 13.21
89.04 68 13.68
89.04 72 14.15
89.04 76 14.60
89.04 80 15.04
89.04 90 16.11
89.04 100 17.13
89.04 110 18.11
89.04 120 19.05
89.04 130 19.96
89.04 140 20.85
89.04 150 21.70
89.04 160 22.54
89.04 170 23.35
89.04 180 24.15
89.04 190 24.93
89.04 200 25.69
89.04 210 26.43
90.43 2 1.68
90.43 4 2.67
90.43 5 3.03
90.43 6 3.36
90.43 8 3.96
90.43 10 4.50
90.43 12 4.99
90.43 14 5.24
90.43 16 5.88
90.43 18 6.30
90.43 20 6.69
90.43 22 7.06
90.43 24 7.43
90.43 26 7.78
90.43 28 8.11
90.43 30 8.44
90.43 32 8.76
90.43 36 9.38
90.43 40 10.12
90.43 44 10.53
90.43 48 11.07
90.43 52 11.60
90.43 56 12.10
90.43 60 12.60
90.43 64 13.08
90.43 68 13.55
90.43 72 14.00
90.43 76 14.45
90.43 80 14.89
90.43 90 15.94
90.43 100 16.95
90.43 110 17.91
90.43 120 18.85
90.43 130 19.75
90.43 140 20.62
90.43 150 21.47
90.43 160 22.29
90.43 170 23.10
90.43 180 23.88
90.43 190 24.65
90.43 200 25.40
90.43 210 26.13
91.82 2 1.67
91.82 4 2.66
91.82 5 3.02
91.82 6 3.35
91.82 8 3.94
91.82 10 4.47
91.82 12 4.96
91.82 14 5.20
91.82 16 5.84
91.82 18 6.25
91.82 20 6.64
91.82 22 7.01
91.82 24 7.36
91.82 26 7.71
91.82 28 8.04
91.82 30 8.37
91.82 32 8.69
91.82 36 9.29
91.82 40 10.03
91.82 44 10.43
91.82 48 10.97
91.82 52 11.49
91.82 56 11.99
91.82 60 12.48
91.82 64 12.95
91.82 68 13.41
91.82 72 13.86
91.82 76 14.30
91.82 80 14.73
91.82 90 15.78
91.82 100 16.77
91.82 110 17.73
91.82 120 18.65
91.82 130 19.54
91.82 140 20.40
91.82 150 21.23
91.82 160 22.05
91.82 170 22.84
91.82 180 23.62
91.82 190 24.38
91.82 200 25.12
91.82 210 25.84
93.22 2 1.67
93.22 4 2.65
93.22 5 3.01
93.22 6 3.33
93.22 8 3.92
93.22 10 4.44
93.22 12 4.93
93.22 14 5.17
93.22 16 5.80
93.22 18 6.20
93.22 20 6.58
93.22 22 6.95
93.22 24 7.31
93.22 26 7.65
93.22 28 7.98
93.22 30 8.30
93.22 32 8.61
93.22 36 9.21
93.22 40 9.94
93.22 44 10.34
93.22 48 10.87
93.22 52 11.38
93.22 56 11.87
93.22 60 12.36
93.22 64 12.82
93.22 68 13.28
93.22 72 13.73
93.22 76 14.16
93.22 80 14.59
93.22 90 15.62
93.22 100 16.60
93.22 110 17.54
93.22 120 18.45
93.22 130 19.33
93.22 140 20.18
93.22 150 21.01
93.22 160 21.81
93.22 170 22.60
93.22 180 23.36
93.22 190 24.11
93.22 200 24.84
93.22 210 25.56
94.62 2 1.67
94.62 4 2.64
94.62 5 2.99
94.62 6 3.32
94.62 8 3.90
94.62 10 4.42
94.62 12 4.89
94.62 14 5.13
94.62 16 5.76
94.62 18 6.15
94.62 20 6.53
94.62 22 6.90
94.62 24 7.25
94.62 26 7.58
94.62 28 7.91
94.62 30 8.23
94.62 32 8.54
94.62 36 9.13
94.62 40 9.85
94.62 44 10.24
94.62 48 10.77
94.62 52 11.27
94.62 56 11.76
94.62 60 12.24
94.62 64 12.70
94.62 68 13.15
94.62 72 13.59
94.62 76 14.02
94.62 80 14.44
94.62 90 15.46
94.62 100 16.43
94.62 110 17.36
94.62 120 18.26
94.62 130 19.13
94.62 140 19.97
94.62 150 20.79
94.62 160 21.58
94.62 170 22.36
94.62 180 23.11
94.62 190 23.85
94.62 200 24.58
94.62 210 25.29
96.01 2 1.66
96.01 4 2.63
96.01 5 2.98
96.01 6 3.30
96.01 8 3.87
96.01 10 4.39
96.01 12 4.86
96.01 14 5.09
96.01 16 5.72
96.01 18 6.11
96.01 20 6.48
96.01 22 6.84
96.01 24 7.19
96.01 26 7.52
96.01 28 7.85
96.01 30 8.16
96.01 32 8.47
96.01 36 9.05
96.01 40 9.77
96.01 44 10.15
96.01 48 10.67
96.01 52 11.17
96.01 56 11.65
96.01 60 12.12
96.01 64 12.58
96.01 68 13.03
96.01 72 13.46
96.01 76 13.89
96.01 80 14.30
96.01 90 15.31
96.01 100 16.27
96.01 110 17.19
96.01 120 18.08
96.01 130 18.93
96.01 140 19.76
96.01 150 20.57
96.01 160 21.36
96.01 170 22.12
96.01 180 22.87
96.01 190 23.60
96.01 200 24.32
96.01 210 25.02
97.41 2 1.66
97.41 4 2.62
97.41 5 2.97
97.41 6 3.28
97.41 8 3.85
97.41 10 4.36
97.41 12 4.83
97.41 14 5.06
97.41 16 5.68
97.41 18 6.07
97.41 20 6.44
97.41 22 6.79
97.41 24 7.13
97.41 26 7.47
97.41 28 7.78
97.41 30 8.10
97.41 32 8.40
97.41 36 8.98
97.41 40 9.68
97.41 44 10.06
97.41 48 10.58
97.41 52 11.07
97.41 56 11.55
97.41 60 12.01
97.41 64 12.47
97.41 68 12.91
97.41 72 13.34
97.41 76 13.76
97.41 80 14.17
97.41 90 15.16
97.41 100 16.11
97.41 110 17.02
97.41 120 17.90
97.41 130 18.74
97.41 140 19.56
97.41 150 20.36
97.41 160 21.14
97.41 170 21.89
97.41 180 22.63
97.41 190 23.35
97.41 200 24.06
97.41 210 24.75
98.81 2 1.66
98.81 4 2.62
98.81 5 2.96
98.81 6 3.27
98.81 8 3.83
98.81 10 4.34
98.81 12 4.80
98.81 14 5.03
98.81 16 5.64
98.81 18 6.02
98.81 20 6.39
98.81 22 6.74
98.81 24 7.08
98.81 26 7.41
98.81 28 7.72
98.81 30 8.03
98.81 32 8.33
98.81 36 8.90
98.81 40 9.60
98.81 44 9.98
98.81 48 10.48
98.81 52 10.97
98.81 56 11.45
98.81 60 11.91
98.81 64 12.35
98.81 68 12.79
98.81 72 13.21
98.81 76 13.63
98.81 80 14.03
98.81 90 15.02
98.81 100 15.95
98.81 110 16.85
98.81 120 17.72
98.81 130 18.56
98.81 140 19.37
98.81 150 20.16
98.81 160 20.92
98.81 170 21.67
98.81 180 22.40
98.81 190 23.11
98.81 200 23.81
98.81 210 24.50
100.21 2 1.65
100.21 4 2.61
100.21 5 2.94
100.21 6 3.25
100.21 8 3.81
100.21 10 4.31
100.21 12 4.77
100.21 14 4.99
100.21 16 5.60
100.21 18 5.98
100.21 20 6.34
100.21 22 6.69
100.21 24 7.03
100.21 26 7.35
100.21 28 7.66
100.21 30 7.97
100.21 32 8.26
100.21 36 8.83
100.21 40 9.52
100.21 44 9.89
100.21 48 10.39
100.21 52 10.88
100.21 56 11.34
100.21 60 11.80
100.21 64 12.24
100.21 68 12.67
100.21 72 13.09
100.21 76 13.50
100.21 80 13.90
100.21 90 14.88
100.21 100 15.80
100.21 110 16.69
100.21 120 17.55
100.21 130 18.38
100.21 140 19.18
100.21 150 19.96
100.21 160 20.72
100.21 170 21.45
100.21 180 22.18
100.21 190 22.88
100.21 200 23.57
100.21 210 24.25
101.60 2 1.65
101.60 4 2.60
101.60 5 2.93
101.60 6 3.24
101.60 8 3.79
101.60 10 4.29
101.60 12 4.74
101.60 14 4.96
101.60 16 5.56
101.60 18 5.94
101.60 20 6.30
101.60 22 6.64
101.60 24 6.98
101.60 26 7.30
101.60 28 7.61
101.60 30 7.91
101.60 32 8.20
101.60 36 8.76
101.60 40 9.44
101.60 44 9.81
101.60 48 10.31
101.60 52 10.78
101.60 56 11.25
101.60 60 11.70
101.60 64 12.13
101.60 68 12.56
101.60 72 12.97
101.60 76 13.38
101.60 80 13.78
101.60 90 14.74
101.60 100 15.65
101.60 110 16.53
101.60 120 17.38
101.60 130 18.20
101.60 140 18.99
101.60 150 19.76
101.60 160 20.51
101.60 170 21.24
101.60 180 21.96
101.60 190 22.65
101.60 200 23.34
101.60 210 24.01
102.99 2 1.65
102.99 4 2.59
102.99 5 2.92
102.99 6 3.22
102.99 8 3.77
102.99 10 4.26
102.99 12 4.71
102.99 14 4.93
102.99 16 5.53
102.99 18 5.90
102.99 20 6.26
102.99 22 6.60
102.99 24 6.93
102.99 26 7.24
102.99 28 7.55
102.99 30 7.85
102.99 32 8.13
102.99 36 8.69
102.99 40 9.37
102.99 44 9.73
102.99 48 10.22
102.99 52 10.69
102.99 56 11.15
102.99 60 11.60
102.99 64 12.03
102.99 68 12.45
102.99 72 12.86
102.99 76 13.26
102.99 80 13.66
102.99 90 14.60
102.99 100 15.51
102.99 110 16.38
102.99 120 17.22
102.99 130 18.03
102.99 140 18.81
102.99 150 19.57
102.99 160 20.31
102.99 170 21.04
102.99 180 21.74
102.99 190 22.43
102.99 200 23.11
102.99 210 23.77
104.38 2 1.64
104.38 4 2.58
104.38 5 2.91
104.38 6 3.21
104.38 8 3.75
104.38 10 4.24
104.38 12 4.69
104.38 14 4.90
104.38 16 5.49
104.38 18 5.86
104.38 20 6.21
104.38 22 6.55
104.38 24 6.88
104.38 26 7.19
104.38 28 7.49
104.38 30 7.79
104.38 32 8.07
104.38 36 8.62
104.38 40 9.29
104.38 44 9.65
104.38 48 10.14
104.38 52 10.60
104.38 56 11.06
104.38 60 11.50
104.38 64 11.93
104.38 68 12.34
104.38 72 12.75
104.38 76 13.15
104.38 80 13.53
104.38 90 14.47
104.38 100 15.37
104.38 110 16.23
104.38 120 17.06
104.38 130 17.86
104.38 140 18.64
104.38 150 19.39
104.38 160 20.12
104.38 170 20.84
104.38 180 21.54
104.38 190 22.22
104.38 200 22.89
104.38 210 23.54
105.77 2 1.64
105.77 4 2.57
105.77 5 2.90
105.77 6 3.20
105.77 8 3.74
105.77 10 4.22
105.77 12 4.66
105.77 14 4.87
105.77 16 5.46
105.77 18 5.82
105.77 20 6.17
105.77 22 6.51
105.77 24 6.83
105.77 26 7.14
105.77 28 7.44
105.77 30 7.73
105.77 32 8.01
105.77 36 8.56
105.77 40 9.22
105.77 44 9.58
105.77 48 10.06
105.77 52 10.52
105.77 56 10.97
105.77 60 11.40
105.77 64 11.83
105.77 68 12.24
105.77 72 12.64
105.77 76 13.03
105.77 80 13.42
105.77 90 14.35
105.77 100 15.23
105.77 110 16.08
105.77 120 16.90
105.77 130 17.70
105.77 140 18.46
105.77 150 19.21
105.77 160 19.93
105.77 170 20.64
105.77 180 21.33
105.77 190 22.01
105.77 200 22.67
105.77 210 23.32
107.15 2 1.64
107.15 4 2.56
107.15 5 2.89
107.15 6 3.18
107.15 8 3.72
107.15 10 4.20
107.15 12 4.63
107.15 14 4.84
107.15 16 5.42
107.15 18 5.79
107.15 20 6.13
107.15 22 6.46
107.15 24 6.78
107.15 26 7.09
107.15 28 7.39
107.15 30 7.67
107.15 32 7.95
107.15 36 8.49
107.15 40 9.15
107.15 44 9.50
107.15 48 9.98
107.15 52 10.43
107.15 56 10.88
107.15 60 11.31
107.15 64 11.73
107.15 68 12.14
107.15 72 12.53
107.15 76 12.92
107.15 80 13.30
107.15 90 14.22
107.15 100 15.10
107.15 110 15.94
107.15 120 16.75
107.15 130 17.54
107.15 140 18.30
107.15 150 19.03
107.15 160 19.75
107.15 170 20.45
107.15 180 21.14
107.15 190 21.80
107.15 200 22.46
107.15 210 23.10
108.53 2 1.64
108.53 4 2.55
108.53 5 2.87
108.53 6 3.17
108.53 8 3.70
108.53 10 4.17
108.53 12 4.61
108.53 14 4.81
108.53 16 5.39
108.53 18 5.75
108.53 20 6.09
108.53 22 6.42
108.53 24 6.73
108.53 26 7.04
108.53 28 7.33
108.53 30 7.62
108.53 32 7.90
108.53 36 8.43
108.53 40 9.08
108.53 44 9.43
108.53 48 9.90
108.53 52 10.35
108.53 56 10.79
108.53 60 11.22
108.53 64 11.63
108.53 68 12.04
108.53 72 12.43
108.53 76 12.82
108.53 80 13.19
108.53 90 14.10
108.53 100 14.97
108.53 110 15.80
108.53 120 16.61
108.53 130 17.38
108.53 140 18.13
108.53 150 18.86
108.53 160 19.57
108.53 170 20.27
108.53 180 20.94
108.53 190 21.60
108.53 200 22.25
108.53 210 22.89
109.91 2 1.63
109.91 4 2.54
109.91 5 2.86
109.91 6 3.16
109.91 8 3.68
109.91 10 4.15
109.91 12 4.58
109.91 14 4.78
109.91 16 5.36
109.91 18 5.71
109.91 20 6.05
109.91 22 6.38
109.91 24 6.69
109.91 26 6.99
109.91 28 7.28
109.91 30 7.57
109.91 32 7.84
109.91 36 8.37
109.91 40 9.02
109.91 44 9.36
109.91 48 9.82
109.91 52 10.27
109.91 56 10.71
109.91 60 11.13
109.91 64 11.54
109.91 68 11.94
109.91 72 12.33
109.91 76 12.71
109.91 80 13.08
109.91 90 13.98
109.91 100 14.84
109.91 110 15.67
109.91 120 16.46
109.91 130 17.23
109.91 140 17.98
109.91 150 18.70
109.91 160 19.40
109.91 170 20.09
109.91 180 20.76
109.91 190 21.41
109.91 200 22.05
109.91 210 22.68
111.27 2 1.63
111.27 4 2.54
111.27 5 2.85
111.27 6 3.14
111.27 8 3.66
111.27 10 4.13
111.27 12 4.56
111.27 14 4.76
111.27 16 5.33
111.27 18 5.68
111.27 20 6.01
111.27 22 6.34
111.27 24 6.65
111.27 26 6.94
111.27 28 7.23
111.27 30 7.51
111.27 32 7.79
111.27 36 8.31
111.27 40 8.95
111.27 44 9.29
111.27 48 9.75
111.27 52 10.19
111.27 56 10.62
111.27 60 11.04
111.27 64 11.45
111.27 68 11.85
111.27 72 12.23
111.27 76 12.61
111.27 80 12.98
111.27 90 13.87
111.27 100 14.72
111.27 110 15.54
111.27 120 16.32
111.27 130 17.08
111.27 140 17.82
111.27 150 18.54
111.27 160 19.23
111.27 170 19.91
111.27 180 20.57
111.27 190 21.22
111.27 200 21.86
111.27 210 22.48
112.63 2 1.63
112.63 4 2.53
112.63 5 2.84
112.63 6 3.13
112.63 8 3.65
112.63 10 4.11
112.63 12 4.53
112.63 14 4.73
112.63 16 5.30
112.63 18 5.64
112.63 20 5.98
112.63 22 6.30
112.63 24 6.60
112.63 26 6.90
112.63 28 7.19
112.63 30 7.46
112.63 32 7.73
112.63 36 8.25
112.63 40 8.89
112.63 44 9.22
112.63 48 9.68
112.63 52 10.12
112.63 56 10.55
112.63 60 10.96
112.63 64 11.36
112.63 68 11.75
112.63 72 12.14
112.63 76 12.51
112.63 80 12.88
112.63 90 13.76
112.63 100 14.60
112.63 110 15.41
112.63 120 16.19
112.63 130 16.94
112.63 140 17.67
112.63 150 18.38
112.63 160 19.07
112.63 170 19.74
112.63 180 20.40
112.63 190 21.04
112.63 200 21.67
112.63 210 22.28
113.99 2 1.63
113.99 4 2.52
113.99 5 2.83
113.99 6 3.12
113.99 8 3.63
113.99 10 4.09
113.99 12 4.51
113.99 14 4.70
113.99 16 5.27
113.99 18 5.61
113.99 20 5.94
113.99 22 6.26
113.99 24 6.56
113.99 26 6.86
113.99 28 7.14
113.99 30 7.41
113.99 32 7.68
113.99 36 8.20
113.99 40 8.83
113.99 44 9.16
113.99 48 9.61
113.99 52 10.04
113.99 56 10.47
113.99 60 10.88
113.99 64 11.28
113.99 68 11.66
113.99 72 12.04
113.99 76 12.41
113.99 80 12.78
113.99 90 13.65
113.99 100 14.49
113.99 110 15.29
113.99 120 16.06
113.99 130 16.80
113.99 140 17.53
113.99 150 18.23
113.99 160 18.91
113.99 170 19.57
113.99 180 20.22
113.99 190 20.86
113.99 200 21.48
113.99 210 22.09
115.33 2 1.62
115.33 4 2.51
115.33 5 2.82
115.33 6 3.11
115.33 8 3.62
115.33 10 4.07
115.33 12 4.49
115.33 14 4.68
115.33 16 5.24
115.33 18 5.58
115.33 20 5.91
115.33 22 6.22
115.33 24 6.52
115.33 26 6.81
115.33 28 7.09
115.33 30 7.37
115.33 32 7.63
115.33 36 8.14
115.33 40 8.77
115.33 44 9.09
115.33 48 9.54
115.33 52 9.97
115.33 56 10.39
115.33 60 10.80
115.33 64 11.19
115.33 68 11.58
115.33 72 11.95
115.33 76 12.32
115.33 80 12.68
115.33 90 13.54
115.33 100 14.37
115.33 110 15.17
115.33 120 15.93
115.33 130 16.67
115.33 140 17.38
115.33 150 18.08
115.33 160 18.75
115.33 170 19.41
115.33 180 20.06
115.33 190 20.69
115.33 200 21.30
115.33 210 21.91
116.67 2 1.62
116.67 4 2.51
116.67 5 2.81
116.67 6 3.09
116.67 8 3.60
116.67 10 4.05
116.67 12 4.46
116.67 14 4.65
116.67 16 5.21
116.67 18 5.55
116.67 20 5.87
116.67 22 6.18
116.67 24 6.48
116.67 26 6.77
116.67 28 7.05
116.67 30 7.32
116.67 32 7.58
116.67 36 8.09
116.67 40 8.71
116.67 44 9.03
116.67 48 9.47
116.67 52 9.90
116.67 56 10.32
116.67 60 10.72
116.67 64 11.11
116.67 68 11.49
116.67 72 11.86
116.67 76 12.23
116.67 80 12.58
116.67 90 13.44
116.67 100 14.26
116.67 110 15.05
116.67 120 15.80
116.67 130 16.54
116.67 140 17.24
116.67 150 17.93
116.67 160 18.60
116.67 170 19.26
116.67 180 19.89
116.67 190 20.52
116.67 200 21.13
116.67 210 21.72
118.00 2 1.62
118.00 4 2.50
118.00 5 2.80
118.00 6 3.08
118.00 8 3.58
118.00 10 4.03
118.00 12 4.44
118.00 14 4.63
118.00 16 5.18
118.00 18 5.52
118.00 20 5.84
118.00 22 6.15
118.00 24 6.44
118.00 26 6.73
118.00 28 7.01
118.00 30 7.27
118.00 32 7.53
118.00 36 8.03
118.00 40 8.65
118.00 44 8.97
118.00 48 9.41
118.00 52 9.83
118.00 56 10.25
118.00 60 10.64
118.00 64 11.03
118.00 68 11.41
118.00 72 11.78
118.00 76 12.14
118.00 80 12.49
118.00 90 13.34
118.00 100 14.15
118.00 110 14.93
118.00 120 15.68
118.00 130 16.41
118.00 140 17.11
118.00 150 17.79
118.00 160 18.46
118.00 170 19.10
118.00 180 19.73
118.00 190 20.35
118.00 200 20.96
118.00 210 21.55
119.32 2 1.62
119.32 4 2.49
119.32 5 2.79
119.32 6 3.07
119.32 8 3.57
119.32 10 4.01
119.32 12 4.42
119.32 14 4.61
119.32 16 5.15
119.32 18 5.49
119.32 20 5.81
119.32 22 6.11
119.32 24 6.41
119.32 26 6.69
119.32 28 6.96
119.32 30 7.23
119.32 32 7.49
119.32 36 7.98
119.32 40 8.59
119.32 44 8.91
119.32 48 9.35
119.32 52 9.77
119.32 56 10.18
119.32 60 10.57
119.32 64 10.96
119.32 68 11.33
119.32 72 11.70
119.32 76 12.05
119.32 80 12.40
119.32 90 13.25
119.32 100 14.05
119.32 110 14.82
119.32 120 15.57
119.32 130 16.28
119.32 140 16.98
119.32 150 17.66
119.32 160 18.31
119.32 170 18.95
119.32 180 19.58
119.32 190 20.19
119.32 200 20.79
119.32 210 21.38
120.63 2 1.61
120.63 4 2.48
120.63 5 2.79
120.63 6 3.06
120.63 8 3.56
120.63 10 4.00
120.63 12 4.40
120.63 14 4.58
120.63 16 5.13
120.63 18 5.46
120.63 20 5.77
120.63 22 6.08
120.63 24 6.37
120.63 26 6.65
120.63 28 6.92
120.63 30 7.19
120.63 32 7.44
120.63 36 7.93
120.63 40 8.54
120.63 44 8.85
120.63 48 9.29
120.63 52 9.70
120.63 56 10.11
120.63 60 10.50
120.63 64 10.88
120.63 68 11.25
120.63 72 11.61
120.63 76 11.97
120.63 80 12.32
120.63 90 13.15
120.63 100 13.95
120.63 110 14.71
120.63 120 15.45
120.63 130 16.16
120.63 140 16.85
120.63 150 17.52
120.63 160 18.17
120.63 170 18.81
120.63 180 19.43
120.63 190 20.04
120.63 200 20.63
120.63 210 21.21
121.92 2 1.61
121.92 4 2.48
121.92 5 2.78
121.92 6 3.05
121.92 8 3.54
121.92 10 3.98
121.92 12 4.38
121.92 14 4.56
121.92 16 5.10
121.92 18 5.43
121.92 20 5.74
121.92 22 6.04
121.92 24 6.33
121.92 26 6.61
121.92 28 6.88
121.92 30 7.14
121.92 32 7.40
121.92 36 7.89
121.92 40 8.49
121.92 44 8.80
121.92 48 9.23
121.92 52 9.64
121.92 56 10.04
121.92 60 10.43
121.92 64 10.81
121.92 68 11.18
121.92 72 11.54
121.92 76 11.89
121.92 80 12.23
121.92 90 13.06
121.92 100 13.85
121.92 110 14.61
121.92 120 15.34
121.92 130 16.04
121.92 140 16.73
121.92 150 17.39
121.92 160 18.04
121.92 170 18.67
121.92 180 19.28
121.92 190 19.89
121.92 200 20.47
121.92 210 21.05
123.21 2 1.61
123.21 4 2.47
123.21 5 2.77
123.21 6 3.04
123.21 8 3.53
123.21 10 3.96
123.21 12 4.36
123.21 14 4.54
123.21 16 5.07
123.21 18 5.40
123.21 20 5.71
123.21 22 6.01
123.21 24 6.30
123.21 26 6.58
123.21 28 6.84
123.21 30 7.10
123.21 32 7.35
123.21 36 7.84
123.21 40 8.44
123.21 44 8.74
123.21 48 9.17
123.21 52 9.58
123.21 56 9.98
123.21 60 10.36
123.21 64 10.74
123.21 68 11.10
123.21 72 11.46
123.21 76 11.81
123.21 80 12.15
123.21 90 12.97
123.21 100 13.75
123.21 110 14.51
123.21 120 15.23
123.21 130 15.93
123.21 140 16.61
123.21 150 17.27
123.21 160 17.91
123.21 170 18.53
123.21 180 19.14
123.21 190 19.74
123.21 200 20.32
123.21 210 20.89
124.48 2 1.61
124.48 4 2.46
124.48 5 2.76
124.48 6 3.03
124.48 8 3.51
124.48 10 3.95
124.48 12 4.34
124.48 14 4.52
124.48 16 5.05
124.48 18 5.38
124.48 20 5.68
124.48 22 5.98
124.48 24 6.27
124.48 26 6.54
124.48 28 6.81
124.48 30 7.06
124.48 32 7.31
124.48 36 7.79
124.48 40 8.39
124.48 44 8.69
124.48 48 9.11
124.48 52 9.52
124.48 56 9.92
124.48 60 10.30
124.48 64 10.67
124.48 68 11.03
124.48 72 11.39
124.48 76 11.73
124.48 80 12.07
124.48 90 12.88
124.48 100 13.66
124.48 110 14.41
124.48 120 15.13
124.48 130 15.82
124.48 140 16.49
124.48 150 17.15
124.48 160 17.78
124.48 170 18.40
124.48 180 19.01
124.48 190 19.60
124.48 200 20.18
124.48 210 20.74
125.74 2 1.60
125.74 4 2.46
125.74 5 2.75
125.74 6 3.02
125.74 8 3.50
125.74 10 3.93
125.74 12 4.32
125.74 14 4.50
125.74 16 5.03
125.74 18 5.35
125.74 20 5.66
125.74 22 5.95
125.74 24 6.23
125.74 26 6.51
125.74 28 6.77
125.74 30 7.02
125.74 32 7.27
125.74 36 7.75
125.74 40 8.34
125.74 44 8.64
125.74 48 9.06
125.74 52 9.46
125.74 56 9.85
125.74 60 10.23
125.74 64 10.60
125.74 68 10.96
125.74 72 11.31
125.74 76 11.66
125.74 80 11.99
125.74 90 12.80
125.74 100 13.57
125.74 110 14.31
125.74 120 15.02
125.74 130 15.71
125.74 140 16.38
125.74 150 17.03
125.74 160 17.66
125.74 170 18.27
125.74 180 18.87
125.74 190 19.46
125.74 200 20.03
125.74 210 20.60
126.98 2 1.60
126.98 4 2.45
126.98 5 2.74
126.98 6 3.01
126.98 8 3.49
126.98 10 3.91
126.98 12 4.30
126.98 14 4.48
126.98 16 5.00
126.98 18 5.32
126.98 20 5.63
126.98 22 5.92
126.98 24 6.20
126.98 26 6.47
126.98 28 6.73
126.98 30 6.99
126.98 32 7.23
126.98 36 7.71
126.98 40 8.29
126.98 44 8.59
126.98 48 9.01
126.98 52 9.41
126.98 56 9.80
126.98 60 10.17
126.98 64 10.54
126.98 68 10.90
126.98 72 11.24
126.98 76 11.58
126.98 80 11.92
126.98 90 12.72
126.98 100 13.48
126.98 110 14.22
126.98 120 14.92
126.98 130 15.61
126.98 140 16.27
126.98 150 16.91
126.98 160 17.54
126.98 170 18.15
126.98 180 18.74
126.98 190 19.32
126.98 200 19.89
126.98 210 20.45
128.22 2 1.60
128.22 4 2.44
128.22 5 2.73
128.22 6 3.00
128.22 8 3.47
128.22 10 3.90
128.22 12 4.28
128.22 14 4.46
128.22 16 4.98
128.22 18 5.30
128.22 20 5.60
128.22 22 5.89
128.22 24 6.17
128.22 26 6.44
128.22 28 6.70
128.22 30 6.95
128.22 32 7.19
128.22 36 7.66
128.22 40 8.24
128.22 44 8.54
128.22 48 8.95
128.22 52 9.35
128.22 56 9.74
128.22 60 10.11
128.22 64 10.48
128.22 68 10.83
128.22 72 11.18
128.22 76 11.51
128.22 80 11.84
128.22 90 12.64
128.22 100 13.40
128.22 110 14.13
128.22 120 14.83
128.22 130 15.51
128.22 140 16.16
128.22 150 16.80
128.22 160 17.42
128.22 170 18.03
128.22 180 18.62
128.22 190 19.19
128.22 200 19.76
128.22 210 20.31
129.43 2 1.60
129.43 4 2.44
129.43 5 2.73
129.43 6 2.99
129.43 8 3.46
129.43 10 3.88
129.43 12 4.27
129.43 14 4.44
129.43 16 4.96
129.43 18 5.27
129.43 20 5.58
129.43 22 5.86
129.43 24 6.14
129.43 26 6.41
129.43 28 6.66
129.43 30 6.91
129.43 32 7.16
129.43 36 7.62
129.43 40 8.20
129.43 44 8.50
129.43 48 8.91
129.43 52 9.30
129.43 56 9.68
129.43 60 10.05
129.43 64 10.41
129.43 68 10.77
129.43 72 11.11
129.43 76 11.44
129.43 80 11.77
129.43 90 12.56
129.43 100 13.32
129.43 110 14.04
129.43 120 14.73
129.43 130 15.41
129.43 140 16.06
129.43 150 16.69
129.43 160 17.31
129.43 170 17.91
129.43 180 18.49
129.43 190 19.07
129.43 200 19.63
129.43 210 20.18
130.63 2 1.59
130.63 4 2.43
130.63 5 2.72
130.63 6 2.98
130.63 8 3.45
130.63 10 3.87
130.63 12 4.25
130.63 14 4.42
130.63 16 4.94
130.63 18 5.25
130.63 20 5.55
130.63 22 5.84
130.63 24 6.11
130.63 26 6.38
130.63 28 6.63
130.63 30 6.88
130.63 32 7.12
130.63 36 7.59
130.63 40 8.16
130.63 44 8.45
130.63 48 8.86
130.63 52 9.25
130.63 56 9.63
130.63 60 10.00
130.63 64 10.36
130.63 68 10.70
130.63 72 11.05
130.63 76 11.38
130.63 80 11.70
130.63 90 12.49
130.63 100 13.24
130.63 110 13.95
130.63 120 14.64
130.63 130 15.31
130.63 140 15.96
130.63 150 16.59
130.63 160 17.20
130.63 170 17.79
130.63 180 18.38
130.63 190 18.95
130.63 200 19.50
130.63 210 20.05
131.81 2 1.59
131.81 4 2.42
131.81 5 2.71
131.81 6 2.97
131.81 8 3.44
131.81 10 3.85
131.81 12 4.23
131.81 14 4.41
131.81 16 4.92
131.81 18 5.23
131.81 20 5.53
131.81 22 5.81
131.81 24 6.08
131.81 26 6.35
131.81 28 6.60
131.81 30 6.85
131.81 32 7.09
131.81 36 7.55
131.81 40 8.12
131.81 44 8.41
131.81 48 8.81
131.81 52 9.20
131.81 56 9.58
131.81 60 9.94
131.81 64 10.30
131.81 68 10.65
131.81 72 10.98
131.81 76 11.31
131.81 80 11.64
131.81 90 12.41
131.81 100 13.16
131.81 110 13.87
131.81 120 14.56
131.81 130 15.22
131.81 140 15.86
131.81 150 16.49
131.81 160 17.09
131.81 170 17.68
131.81 180 18.26
131.81 190 18.83
131.81 200 19.38
131.81 210 19.92
132.98 2 1.59
132.98 4 2.42
132.98 5 2.70
132.98 6 2.96
132.98 8 3.43
132.98 10 3.84
132.98 12 4.22
132.98 14 4.39
132.98 16 4.90
132.98 18 5.21
132.98 20 5.50
132.98 22 5.78
132.98 24 6.06
132.98 26 6.32
132.98 28 6.57
132.98 30 6.81
132.98 32 7.05
132.98 36 7.51
132.98 40 8.07
132.98 44 8.36
132.98 48 8.76
132.98 52 9.15
132.98 56 9.53
132.98 60 9.89
132.98 64 10.24
132.98 68 10.59
132.98 72 10.92
132.98 76 11.25
132.98 80 11.57
132.98 90 12.34
132.98 100 13.08
132.98 110 13.79
132.98 120 14.47
132.98 130 15.13
132.98 140 15.77
132.98 150 16.39
132.98 160 16.99
132.98 170 17.58
132.98 180 18.15
132.98 190 18.71
132.98 200 19.26
132.98 210 19.80
