# Al  xmin =   1.0000E-03 norm= 1
 # norm=1: /r.l, 2: mb/ingredient, 3: /(g/cm2), 4:/cm, 5: area norm 
#  Ee- masele, tprob*NC, tprob, NC 
   1.0000E-02    8.129       1.5169E+04   5.3586E-04
   1.2589E-02    8.210       1.5321E+04   5.3586E-04
   1.5849E-02    8.286       1.5462E+04   5.3586E-04
   1.9953E-02    8.347       1.5577E+04   5.3586E-04
   2.5119E-02    8.395       1.5667E+04   5.3586E-04
   3.1623E-02    8.440       1.5751E+04   5.3586E-04
   3.9811E-02    8.480       1.5825E+04   5.3586E-04
   5.0119E-02    8.508       1.5877E+04   5.3586E-04
   6.3096E-02    8.528       1.5915E+04   5.3586E-04
   7.9433E-02    8.542       1.5940E+04   5.3586E-04
   0.1000        8.558       1.5971E+04   5.3586E-04
   0.1259        8.572       1.5996E+04   5.3586E-04
   0.1585        8.582       1.6015E+04   5.3586E-04
   0.1995        8.582       1.6015E+04   5.3586E-04
   0.2512        8.562       1.5978E+04   5.3586E-04
   0.3162        8.539       1.5936E+04   5.3586E-04
   0.3981        8.509       1.5878E+04   5.3586E-04
   0.5012        8.479       1.5822E+04   5.3586E-04
   0.6310        8.454       1.5776E+04   5.3586E-04
   0.7943        8.434       1.5739E+04   5.3586E-04
    1.000        8.417       1.5708E+04   5.3586E-04
    1.259        8.403       1.5682E+04   5.3586E-04
    1.585        8.390       1.5656E+04   5.3586E-04
    1.995        8.378       1.5635E+04   5.3586E-04
    2.512        8.369       1.5618E+04   5.3586E-04
    3.162        8.360       1.5602E+04   5.3586E-04
    3.981        8.354       1.5589E+04   5.3586E-04
    5.012        8.348       1.5579E+04   5.3586E-04
    6.310        8.344       1.5571E+04   5.3586E-04
    7.943        8.340       1.5564E+04   5.3586E-04
