# Cu  xmin =   1.0000E-03 norm= 1
 # norm=1: /r.l, 2: mb/ingredient, 3: /(g/cm2), 4:/cm, 5: area norm 
#  Ee- masele, tprob*NC, tprob, NC 
   1.0000E-02    8.113       6.6562E+04   1.2189E-04
   1.2589E-02    8.183       6.7138E+04   1.2189E-04
   1.5849E-02    8.246       6.7656E+04   1.2189E-04
   1.9953E-02    8.288       6.7999E+04   1.2189E-04
   2.5119E-02    8.314       6.8213E+04   1.2189E-04
   3.1623E-02    8.341       6.8430E+04   1.2189E-04
   3.9811E-02    8.371       6.8681E+04   1.2189E-04
   5.0119E-02    8.397       6.8888E+04   1.2189E-04
   6.3096E-02    8.415       6.9039E+04   1.2189E-04
   7.9433E-02    8.438       6.9229E+04   1.2189E-04
   0.1000        8.456       6.9375E+04   1.2189E-04
   0.1259        8.468       6.9476E+04   1.2189E-04
   0.1585        8.479       6.9565E+04   1.2189E-04
   0.1995        8.487       6.9628E+04   1.2189E-04
   0.2512        8.481       6.9584E+04   1.2189E-04
   0.3162        8.474       6.9525E+04   1.2189E-04
   0.3981        8.461       6.9420E+04   1.2189E-04
   0.5012        8.448       6.9311E+04   1.2189E-04
   0.6310        8.437       6.9219E+04   1.2189E-04
   0.7943        8.428       6.9146E+04   1.2189E-04
    1.000        8.421       6.9089E+04   1.2189E-04
    1.259        8.415       6.9042E+04   1.2189E-04
    1.585        8.410       6.8996E+04   1.2189E-04
    1.995        8.405       6.8956E+04   1.2189E-04
    2.512        8.401       6.8922E+04   1.2189E-04
    3.162        8.397       6.8890E+04   1.2189E-04
    3.981        8.393       6.8862E+04   1.2189E-04
    5.012        8.398       6.8896E+04   1.2189E-04
    6.310        8.388       6.8820E+04   1.2189E-04
    7.943        8.387       6.8807E+04   1.2189E-04
