# H2  xmin =   1.0000E-03 norm= 1
 # norm=1: /r.l, 2: mb/ingredient, 3: /(g/cm2), 4:/cm, 5: area norm 
#  Ee- masele, tprob*NC, tprob, NC 
   1.0000E-02    9.257        245.8       3.7663E-02
   1.2589E-02    9.444        250.8       3.7663E-02
   1.5849E-02    9.622        255.5       3.7663E-02
   1.9953E-02    9.776        259.6       3.7663E-02
   2.5119E-02    9.903        262.9       3.7663E-02
   3.1623E-02    10.02        266.1       3.7663E-02
   3.9811E-02    10.11        268.6       3.7663E-02
   5.0119E-02    10.18        270.3       3.7663E-02
   6.3096E-02    10.21        271.0       3.7663E-02
   7.9433E-02    10.22        271.5       3.7663E-02
   0.1000        10.23        271.5       3.7663E-02
   0.1259        10.21        271.1       3.7663E-02
   0.1585        10.18        270.4       3.7663E-02
   0.1995        10.11        268.4       3.7663E-02
   0.2512        9.950        264.2       3.7663E-02
   0.3162        9.782        259.7       3.7663E-02
   0.3981        9.582        254.4       3.7663E-02
   0.5012        9.394        249.4       3.7663E-02
   0.6310        9.242        245.4       3.7663E-02
   0.7943        9.115        242.0       3.7663E-02
    1.000        9.010        239.2       3.7663E-02
    1.259        8.923        236.9       3.7663E-02
    1.585        8.839        234.7       3.7663E-02
    1.995        8.768        232.8       3.7663E-02
    2.512        8.715        231.4       3.7663E-02
    3.162        8.664        230.0       3.7663E-02
    3.981        8.624        229.0       3.7663E-02
    5.012        8.592        228.1       3.7663E-02
    6.310        8.565        227.4       3.7663E-02
    7.943        8.542        226.8       3.7663E-02
