# Hegas  xmin =   1.0000E-03 norm= 1
 # norm=1: /r.l, 2: mb/ingredient, 3: /(g/cm2), 4:/cm, 5: area norm 
#  Ee- masele, tprob*NC, tprob, NC 
   1.0000E-02    9.201        640.7       1.4360E-02
   1.2589E-02    9.346        650.8       1.4360E-02
   1.5849E-02    9.483        660.4       1.4360E-02
   1.9953E-02    9.598        668.4       1.4360E-02
   2.5119E-02    9.692        675.0       1.4360E-02
   3.1623E-02    9.780        681.1       1.4360E-02
   3.9811E-02    9.850        686.0       1.4360E-02
   5.0119E-02    9.894        689.0       1.4360E-02
   6.3096E-02    9.915        690.5       1.4360E-02
   7.9433E-02    9.925        691.1       1.4360E-02
   0.1000        9.926        691.2       1.4360E-02
   0.1259        9.913        690.3       1.4360E-02
   0.1585        9.891        688.8       1.4360E-02
   0.1995        9.836        685.0       1.4360E-02
   0.2512        9.715        676.5       1.4360E-02
   0.3162        9.586        667.5       1.4360E-02
   0.3981        9.432        656.9       1.4360E-02
   0.5012        9.288        646.8       1.4360E-02
   0.6310        9.171        638.6       1.4360E-02
   0.7943        9.072        631.8       1.4360E-02
    1.000        8.991        626.1       1.4360E-02
    1.259        8.926        621.6       1.4360E-02
    1.585        8.864        617.3       1.4360E-02
    1.995        8.809        613.5       1.4360E-02
    2.512        8.768        610.6       1.4360E-02
    3.162        8.728        607.8       1.4360E-02
    3.981        8.694        605.4       1.4360E-02
    5.012        8.669        603.7       1.4360E-02
    6.310        8.648        602.2       1.4360E-02
    7.943        8.630        601.0       1.4360E-02
