# Pb  xmin =   1.0000E-03 norm= 1
 # norm=1: /r.l, 2: mb/ingredient, 3: /(g/cm2), 4:/cm, 5: area norm 
#  Ee- masele, tprob*NC, tprob, NC 
   1.0000E-02    8.170       4.4135E+05   1.8512E-05
   1.2589E-02    8.174       4.4154E+05   1.8512E-05
   1.5849E-02    8.179       4.4185E+05   1.8512E-05
   1.9953E-02    8.192       4.4253E+05   1.8512E-05
   2.5119E-02    8.211       4.4357E+05   1.8512E-05
   3.1623E-02    8.231       4.4463E+05   1.8512E-05
   3.9811E-02    8.253       4.4584E+05   1.8512E-05
   5.0119E-02    8.279       4.4723E+05   1.8512E-05
   6.3096E-02    8.301       4.4843E+05   1.8512E-05
   7.9433E-02    8.321       4.4952E+05   1.8512E-05
   0.1000        8.348       4.5093E+05   1.8512E-05
   0.1259        8.359       4.5153E+05   1.8512E-05
   0.1585        8.369       4.5208E+05   1.8512E-05
   0.1995        8.377       4.5251E+05   1.8512E-05
   0.2512        8.379       4.5263E+05   1.8512E-05
   0.3162        8.380       4.5270E+05   1.8512E-05
   0.3981        8.378       4.5260E+05   1.8512E-05
   0.5012        8.376       4.5244E+05   1.8512E-05
   0.6310        8.373       4.5232E+05   1.8512E-05
   0.7943        8.372       4.5222E+05   1.8512E-05
    1.000        8.370       4.5213E+05   1.8512E-05
    1.259        8.368       4.5206E+05   1.8512E-05
    1.585        8.367       4.5198E+05   1.8512E-05
    1.995        8.366       4.5190E+05   1.8512E-05
    2.512        8.364       4.5184E+05   1.8512E-05
    3.162        8.363       4.5179E+05   1.8512E-05
    3.981        8.363       4.5175E+05   1.8512E-05
    5.012        8.369       4.5208E+05   1.8512E-05
    6.310        8.367       4.5198E+05   1.8512E-05
    7.943        8.361       4.5164E+05   1.8512E-05
