# PWO  xmin =   1.0000E-03 norm= 1
 # norm=1: /r.l, 2: mb/ingredient, 3: /(g/cm2), 4:/cm, 5: area norm 
#  Ee- masele, tprob*NC, tprob, NC 
   1.0000E-02    8.163       1.3913E+05   5.8671E-05
   1.2589E-02    8.180       1.3941E+05   5.8671E-05
   1.5849E-02    8.196       1.3970E+05   5.8671E-05
   1.9953E-02    8.213       1.3998E+05   5.8671E-05
   2.5119E-02    8.229       1.4026E+05   5.8671E-05
   3.1623E-02    8.247       1.4056E+05   5.8671E-05
   3.9811E-02    8.272       1.4099E+05   5.8671E-05
   5.0119E-02    8.299       1.4146E+05   5.8671E-05
   6.3096E-02    8.322       1.4184E+05   5.8671E-05
   7.9433E-02    8.342       1.4218E+05   5.8671E-05
   0.1000        8.368       1.4262E+05   5.8671E-05
   0.1259        8.379       1.4281E+05   5.8671E-05
   0.1585        8.389       1.4298E+05   5.8671E-05
   0.1995        8.396       1.4311E+05   5.8671E-05
   0.2512        8.397       1.4312E+05   5.8671E-05
   0.3162        8.397       1.4312E+05   5.8671E-05
   0.3981        8.394       1.4306E+05   5.8671E-05
   0.5012        8.389       1.4299E+05   5.8671E-05
   0.6310        8.386       1.4293E+05   5.8671E-05
   0.7943        8.383       1.4288E+05   5.8671E-05
    1.000        8.380       1.4283E+05   5.8671E-05
    1.259        8.378       1.4279E+05   5.8671E-05
    1.585        8.376       1.4276E+05   5.8671E-05
    1.995        8.374       1.4272E+05   5.8671E-05
    2.512        8.372       1.4270E+05   5.8671E-05
    3.162        8.371       1.4267E+05   5.8671E-05
    3.981        8.370       1.4265E+05   5.8671E-05
    5.012        8.375       1.4275E+05   5.8671E-05
    6.310        8.373       1.4272E+05   5.8671E-05
    7.943        8.367       1.4261E+05   5.8671E-05
