# SCIN  xmin =   3.0000E-02 norm= 1
 # norm=1: /r.l, 2: mb/ingredient, 3: /(g/cm2), 4:/cm, 5: area norm 
#  Ee- masele, tprob*NC, tprob, NC 
   1.0000E-02    3.115        732.8       4.2506E-03
   1.2589E-02    3.201        753.0       4.2506E-03
   1.5849E-02    3.282        772.2       4.2506E-03
   1.9953E-02    3.354        789.2       4.2506E-03
   2.5119E-02    3.415        803.5       4.2506E-03
   3.1623E-02    3.473        817.0       4.2506E-03
   3.9811E-02    3.522        828.6       4.2506E-03
   5.0119E-02    3.565        838.7       4.2506E-03
   6.3096E-02    3.603        847.7       4.2506E-03
   7.9433E-02    3.638        855.8       4.2506E-03
   0.1000        3.668        863.0       4.2506E-03
   0.1259        3.695        869.3       4.2506E-03
   0.1585        3.720        875.2       4.2506E-03
   0.1995        3.741        880.2       4.2506E-03
   0.2512        3.757        883.9       4.2506E-03
   0.3162        3.772        887.4       4.2506E-03
   0.3981        3.784        890.1       4.2506E-03
   0.5012        3.793        892.3       4.2506E-03
   0.6310        3.800        894.1       4.2506E-03
   0.7943        3.807        895.7       4.2506E-03
    1.000        3.813        897.0       4.2506E-03
    1.259        3.817        898.0       4.2506E-03
    1.585        3.821        898.9       4.2506E-03
    1.995        3.824        899.7       4.2506E-03
    2.512        3.826        900.2       4.2506E-03
    3.162        3.828        900.7       4.2506E-03
    3.981        3.830        901.0       4.2506E-03
    5.012        3.831        901.2       4.2506E-03
    5.129        3.831        901.3       4.2506E-03
    5.248        3.831        901.3       4.2506E-03
    5.370        3.831        901.3       4.2506E-03
    5.495        3.831        901.3       4.2506E-03
    5.623        3.831        901.3       4.2506E-03
    5.754        3.831        901.4       4.2506E-03
    5.888        3.831        901.4       4.2506E-03
    6.026        3.831        901.4       4.2506E-03
    6.166        3.832        901.4       4.2506E-03
    6.310        3.832        901.4       4.2506E-03
    6.457        3.832        901.5       4.2506E-03
    6.607        3.832        901.5       4.2506E-03
    6.761        3.832        901.5       4.2506E-03
    6.918        3.832        901.5       4.2506E-03
    7.079        3.832        901.5       4.2506E-03
    7.244        3.832        901.6       4.2506E-03
    7.413        3.832        901.6       4.2506E-03
    7.586        3.832        901.6       4.2506E-03
    7.762        3.832        901.6       4.2506E-03
    7.943        3.833        901.6       4.2506E-03
    8.128        3.833        901.7       4.2506E-03
    8.318        3.833        901.7       4.2506E-03
    8.511        3.833        901.7       4.2506E-03
    8.710        3.833        901.7       4.2506E-03
    8.913        3.833        901.8       4.2506E-03
    9.120        3.833        901.8       4.2506E-03
    9.333        3.833        901.8       4.2506E-03
    9.550        3.833        901.8       4.2506E-03
    9.772        3.833        901.9       4.2506E-03
