# SCIN  xmin =   1.0000E-02 norm= 1
 # norm=1: /r.l, 2: mb/ingredient, 3: /(g/cm2), 4:/cm, 5: area norm 
#  Ee- masele, tprob*NC, tprob, NC 
   1.0000E-02    4.687        1103.       4.2506E-03
   1.2589E-02    4.782        1125.       4.2506E-03
   1.5849E-02    4.873        1146.       4.2506E-03
   1.9953E-02    4.952        1165.       4.2506E-03
   2.5119E-02    5.017        1180.       4.2506E-03
   3.1623E-02    5.079        1195.       4.2506E-03
   3.9811E-02    5.130        1207.       4.2506E-03
   5.0119E-02    5.173        1217.       4.2506E-03
   6.3096E-02    5.209        1226.       4.2506E-03
   7.9433E-02    5.242        1233.       4.2506E-03
   0.1000        5.270        1240.       4.2506E-03
   0.1259        5.293        1245.       4.2506E-03
   0.1585        5.313        1250.       4.2506E-03
   0.1995        5.325        1253.       4.2506E-03
   0.2512        5.327        1253.       4.2506E-03
   0.3162        5.327        1253.       4.2506E-03
   0.3981        5.322        1252.       4.2506E-03
   0.5012        5.315        1250.       4.2506E-03
   0.6310        5.310        1249.       4.2506E-03
   0.7943        5.306        1248.       4.2506E-03
    1.000        5.303        1248.       4.2506E-03
    1.259        5.300        1247.       4.2506E-03
    1.585        5.297        1246.       4.2506E-03
    1.995        5.295        1246.       4.2506E-03
    2.512        5.293        1245.       4.2506E-03
    3.162        5.291        1245.       4.2506E-03
    3.981        5.289        1244.       4.2506E-03
    5.012        5.286        1244.       4.2506E-03
    5.129        5.286        1243.       4.2506E-03
    5.248        5.285        1243.       4.2506E-03
    5.370        5.285        1243.       4.2506E-03
    5.495        5.285        1243.       4.2506E-03
    5.623        5.285        1243.       4.2506E-03
    5.754        5.285        1243.       4.2506E-03
    5.888        5.285        1243.       4.2506E-03
    6.026        5.285        1243.       4.2506E-03
    6.166        5.285        1243.       4.2506E-03
    6.310        5.284        1243.       4.2506E-03
    6.457        5.284        1243.       4.2506E-03
    6.607        5.284        1243.       4.2506E-03
    6.761        5.284        1243.       4.2506E-03
    6.918        5.284        1243.       4.2506E-03
    7.079        5.284        1243.       4.2506E-03
    7.244        5.284        1243.       4.2506E-03
    7.413        5.284        1243.       4.2506E-03
    7.586        5.284        1243.       4.2506E-03
    7.762        5.283        1243.       4.2506E-03
    7.943        5.283        1243.       4.2506E-03
    8.128        5.283        1243.       4.2506E-03
    8.318        5.283        1243.       4.2506E-03
    8.511        5.283        1243.       4.2506E-03
    8.710        5.283        1243.       4.2506E-03
    8.913        5.283        1243.       4.2506E-03
    9.120        5.283        1243.       4.2506E-03
    9.333        5.283        1243.       4.2506E-03
    9.550        5.283        1243.       4.2506E-03
    9.772        5.283        1243.       4.2506E-03
