# SCIN  xmin =   1.0000E-03 norm= 1
 # norm=1: /r.l, 2: mb/ingredient, 3: /(g/cm2), 4:/cm, 5: area norm 
#  Ee- masele, tprob*NC, tprob, NC 
   1.0000E-02    8.302        1953.       4.2506E-03
   1.2589E-02    8.422        1981.       4.2506E-03
   1.5849E-02    8.536        2008.       4.2506E-03
   1.9953E-02    8.632        2031.       4.2506E-03
   2.5119E-02    8.710        2049.       4.2506E-03
   3.1623E-02    8.782        2066.       4.2506E-03
   3.9811E-02    8.840        2080.       4.2506E-03
   5.0119E-02    8.883        2090.       4.2506E-03
   6.3096E-02    8.909        2096.       4.2506E-03
   7.9433E-02    8.934        2102.       4.2506E-03
   0.1000        8.950        2105.       4.2506E-03
   0.1259        8.958        2107.       4.2506E-03
   0.1585        8.959        2108.       4.2506E-03
   0.1995        8.937        2103.       4.2506E-03
   0.2512        8.885        2090.       4.2506E-03
   0.3162        8.828        2077.       4.2506E-03
   0.3981        8.757        2060.       4.2506E-03
   0.5012        8.690        2044.       4.2506E-03
   0.6310        8.635        2031.       4.2506E-03
   0.7943        8.589        2021.       4.2506E-03
    1.000        8.552        2012.       4.2506E-03
    1.259        8.520        2004.       4.2506E-03
    1.585        8.491        1998.       4.2506E-03
    1.995        8.471        1993.       4.2506E-03
    2.512        8.451        1988.       4.2506E-03
    3.162        8.432        1984.       4.2506E-03
    3.981        8.418        1980.       4.2506E-03
    5.012        8.400        1976.       4.2506E-03
    5.129        8.399        1976.       4.2506E-03
    5.248        8.398        1976.       4.2506E-03
    5.370        8.397        1975.       4.2506E-03
    5.495        8.396        1975.       4.2506E-03
    5.623        8.395        1975.       4.2506E-03
    5.754        8.394        1975.       4.2506E-03
    5.888        8.393        1975.       4.2506E-03
    6.026        8.392        1974.       4.2506E-03
    6.166        8.391        1974.       4.2506E-03
    6.310        8.390        1974.       4.2506E-03
    6.457        8.389        1974.       4.2506E-03
    6.607        8.389        1974.       4.2506E-03
    6.761        8.388        1973.       4.2506E-03
    6.918        8.387        1973.       4.2506E-03
    7.079        8.386        1973.       4.2506E-03
    7.244        8.385        1973.       4.2506E-03
    7.413        8.384        1973.       4.2506E-03
    7.586        8.384        1972.       4.2506E-03
    7.762        8.383        1972.       4.2506E-03
    7.943        8.382        1972.       4.2506E-03
    8.128        8.381        1972.       4.2506E-03
    8.318        8.381        1972.       4.2506E-03
    8.511        8.380        1971.       4.2506E-03
    8.710        8.379        1971.       4.2506E-03
    8.913        8.379        1971.       4.2506E-03
    9.120        8.378        1971.       4.2506E-03
    9.333        8.377        1971.       4.2506E-03
    9.550        8.377        1971.       4.2506E-03
    9.772        8.376        1971.       4.2506E-03
