# W  xmin =   1.0000E-03 norm= 1
 # norm=1: /r.l, 2: mb/ingredient, 3: /(g/cm2), 4:/cm, 5: area norm 
#  Ee- masele, tprob*NC, tprob, NC 
   1.0000E-02    8.152       3.6798E+05   2.2152E-05
   1.2589E-02    8.178       3.6919E+05   2.2152E-05
   1.5849E-02    8.203       3.7028E+05   2.2152E-05
   1.9953E-02    8.219       3.7104E+05   2.2152E-05
   2.5119E-02    8.229       3.7146E+05   2.2152E-05
   3.1623E-02    8.242       3.7204E+05   2.2152E-05
   3.9811E-02    8.269       3.7327E+05   2.2152E-05
   5.0119E-02    8.298       3.7457E+05   2.2152E-05
   6.3096E-02    8.320       3.7558E+05   2.2152E-05
   7.9433E-02    8.340       3.7649E+05   2.2152E-05
   0.1000        8.366       3.7768E+05   2.2152E-05
   0.1259        8.378       3.7818E+05   2.2152E-05
   0.1585        8.388       3.7865E+05   2.2152E-05
   0.1995        8.396       3.7902E+05   2.2152E-05
   0.2512        8.398       3.7909E+05   2.2152E-05
   0.3162        8.399       3.7913E+05   2.2152E-05
   0.3981        8.396       3.7903E+05   2.2152E-05
   0.5012        8.393       3.7888E+05   2.2152E-05
   0.6310        8.390       3.7875E+05   2.2152E-05
   0.7943        8.388       3.7865E+05   2.2152E-05
    1.000        8.386       3.7856E+05   2.2152E-05
    1.259        8.384       3.7848E+05   2.2152E-05
    1.585        8.382       3.7840E+05   2.2152E-05
    1.995        8.381       3.7832E+05   2.2152E-05
    2.512        8.380       3.7827E+05   2.2152E-05
    3.162        8.378       3.7821E+05   2.2152E-05
    3.981        8.377       3.7817E+05   2.2152E-05
    5.012        8.384       3.7846E+05   2.2152E-05
    5.129        8.384       3.7845E+05   2.2152E-05
    5.248        8.384       3.7845E+05   2.2152E-05
    5.370        8.383       3.7844E+05   2.2152E-05
    5.495        8.383       3.7844E+05   2.2152E-05
    5.623        8.383       3.7844E+05   2.2152E-05
    5.754        8.383       3.7843E+05   2.2152E-05
    5.888        8.383       3.7843E+05   2.2152E-05
    6.026        8.383       3.7842E+05   2.2152E-05
    6.166        8.382       3.7839E+05   2.2152E-05
    6.310        8.382       3.7837E+05   2.2152E-05
    6.457        8.381       3.7834E+05   2.2152E-05
    6.607        8.380       3.7831E+05   2.2152E-05
    6.761        8.380       3.7828E+05   2.2152E-05
    6.918        8.379       3.7825E+05   2.2152E-05
    7.079        8.379       3.7822E+05   2.2152E-05
    7.244        8.378       3.7820E+05   2.2152E-05
    7.413        8.377       3.7817E+05   2.2152E-05
    7.586        8.377       3.7814E+05   2.2152E-05
    7.762        8.376       3.7811E+05   2.2152E-05
    7.943        8.375       3.7808E+05   2.2152E-05
    8.128        8.375       3.7807E+05   2.2152E-05
    8.318        8.375       3.7807E+05   2.2152E-05
    8.511        8.375       3.7807E+05   2.2152E-05
    8.710        8.375       3.7806E+05   2.2152E-05
    8.913        8.375       3.7806E+05   2.2152E-05
    9.120        8.375       3.7806E+05   2.2152E-05
    9.333        8.375       3.7805E+05   2.2152E-05
    9.550        8.375       3.7805E+05   2.2152E-05
    9.772        8.375       3.7805E+05   2.2152E-05
