3.16228E-01 2258.17 6.03254E+02
3.54813E-01 2172.37 5.67790E+02
3.98107E-01 2079.98 5.31167E+02
4.46684E-01 1981.27 4.93691E+02
5.01187E-01 1876.71 4.55712E+02
5.62341E-01 1766.93 4.17611E+02
6.30957E-01 1652.76 3.79792E+02
7.07946E-01 1535.19 3.42666E+02
7.94328E-01 1415.38 3.06636E+02
8.91251E-01 1294.62 2.72079E+02
  1.00000E+00  1.17439E+03  2.39358E+02
  1.12202E+00  1.05585E+03  2.08685E+02
  1.25892E+00  9.40642E+02  1.80323E+02
  1.41254E+00  8.30175E+02  1.54436E+02
  1.58489E+00  7.25651E+02  1.31100E+02
  1.77828E+00  6.28043E+02  1.10315E+02
  1.99526E+00  5.38076E+02  9.20156E+01
  2.23872E+00  4.56264E+02  7.60894E+01
  2.51189E+00  3.82977E+02  6.23937E+01
  2.81838E+00  3.18285E+02  5.07515E+01
  3.16228E+00  2.61967E+02  4.09625E+01
  3.54813E+00  2.13582E+02  3.28163E+01
  3.98107E+00  1.72533E+02  2.61034E+01
  4.46684E+00  1.38132E+02  2.06231E+01
  5.01187E+00  1.09655E+02  1.61893E+01
  5.62341E+00  8.63568E+01  1.26328E+01
  6.30957E+00  6.75035E+01  9.80266E+00
  7.07946E+00  5.24007E+01  7.56726E+00
  7.94328E+00  4.04160E+01  5.81382E+00
  8.91251E+00  3.09881E+01  4.44717E+00
  1.00000E+01  2.36300E+01  3.38808E+00
  1.12202E+01  1.79292E+01  2.57168E+00
  1.25892E+01  1.35422E+01  1.94544E+00
  1.41254E+01  1.01870E+01  1.46723E+00
  1.58489E+01  7.63553E+00  1.10358E+00
  1.77828E+01  5.70491E+00  8.28067E-01
  1.99526E+01  4.25019E+00  6.19990E-01
  2.23872E+01  3.15817E+00  4.63284E-01
  2.51189E+01  2.34124E+00  3.45574E-01
  2.81838E+01  1.73205E+00  2.57367E-01
  3.16228E+01  1.27906E+00  1.91413E-01
  3.54813E+01  9.43088E-01  1.42193E-01
  3.98107E+01  6.94419E-01  1.05517E-01
  4.46684E+01  5.10705E-01  7.82273E-02
  5.01187E+01  3.75206E-01  5.79464E-02
  5.62341E+01  2.75418E-01  4.28919E-02
  6.30957E+01  2.02026E-01  3.17287E-02
  7.07946E+01  1.48112E-01  2.34584E-02
  7.94328E+01  1.08542E-01  1.73356E-02
  8.91251E+01  7.95231E-02  1.28056E-02
  1.00000E+02  5.82559E-02  9.45592E-03
  1.12202E+02  4.26775E-02  6.98024E-03
  1.25893E+02  3.12702E-02  5.15138E-03
  1.41254E+02  2.29182E-02  3.80087E-03
  1.58489E+02  1.68009E-02  2.80390E-03
  1.77828E+02  1.23184E-02  2.06810E-03
  1.99526E+02  9.03260E-03  1.52518E-03
  2.23872E+02  6.62329E-03  1.12466E-03
  2.51189E+02  4.85629E-03  8.29239E-04
  2.81838E+02  3.56026E-03  6.11378E-04
  3.16228E+02  2.60983E-03  4.50729E-04
  3.54813E+02  1.91298E-03  3.32277E-04
  3.98107E+02  1.40215E-03  2.44946E-04
  4.46684E+02  1.02773E-03  1.80563E-04
  5.01187E+02  7.53328E-04  1.33101E-04
  5.62341E+02  5.52225E-04  9.81133E-05
  6.30957E+02  4.04831E-04  7.23227E-05
  7.07946E+02  2.96790E-04  5.33117E-05
  7.94328E+02  2.17588E-04  3.92981E-05
  8.91251E+02  1.59523E-04  2.89685E-05
  1.00000E+03  1.16952E-04  2.13543E-05
  1.12202E+03  8.57399E-05  1.57417E-05
  1.25893E+03  6.28565E-05  1.16045E-05
  1.41254E+03  4.60801E-05  8.55473E-06
  1.58489E+03  3.37814E-05  6.30663E-06
  1.77828E+03  2.47655E-05  4.64940E-06
  1.99526E+03  1.81562E-05  3.42773E-06
  2.23872E+03  1.33112E-05  2.52713E-06
  2.51189E+03  9.75932E-06  1.86319E-06
  2.81838E+03  7.15536E-06  1.37372E-06
  3.16228E+03  5.24627E-06  1.01286E-06
  3.54813E+03  3.84659E-06  7.46815E-07
  3.98107E+03  2.82035E-06  5.50663E-07
  4.46684E+03  2.06791E-06  4.06042E-07
  5.01187E+03  1.51622E-06  2.99410E-07
  5.62341E+03  1.11173E-06  2.20786E-07
  6.30957E+03  8.15148E-07  1.62813E-07
  7.07946E+03  5.97697E-07  1.20065E-07
  7.94328E+03  4.38261E-07  8.85432E-08
  8.91251E+03  3.21360E-07  6.52987E-08
  1.00000E+04  2.35645E-07  4.81575E-08
  1.12202E+04  1.72796E-07  3.55169E-08
  1.25893E+04  1.26711E-07  2.61948E-08
  1.41254E+04  9.29178E-08  1.93200E-08
  1.58489E+04  6.81381E-08  1.42498E-08
  1.77828E+04  4.99673E-08  1.05105E-08
  1.99526E+04  3.66427E-08  7.75254E-09
  2.23872E+04  2.68716E-08  5.71843E-09
  2.51189E+04  1.97063E-08  4.21812E-09
  2.81838E+04  1.44519E-08  3.11152E-09
  3.16228E+04  1.05986E-08  2.29527E-09
  3.54813E+04  7.77283E-09  1.69319E-09
  3.98107E+04  5.70056E-09  1.24907E-09
  4.46684E+04  4.18082E-09  9.21464E-10
  5.01187E+04  3.06629E-09  6.79796E-10
  5.62341E+04  2.24890E-09  5.01520E-10
  6.30957E+04  1.64943E-09  3.70005E-10
  7.07946E+04  1.20977E-09  2.72983E-10
  7.94328E+04  8.87317E-10  2.01407E-10
  8.91251E+04  6.50820E-10  1.48601E-10
  1.00000E+05  4.77363E-10  1.09642E-10
  1.12202E+05  3.50141E-10  8.08987E-11
  1.25893E+05  2.56829E-10  5.96917E-11
  1.41254E+05  1.88387E-10  4.40449E-11
  1.58489E+05  1.38187E-10  3.25001E-11
  1.77828E+05  1.01365E-10  2.39818E-11
  1.99526E+05  7.43558E-11  1.76965E-11
  2.23872E+05  5.45442E-11  1.30587E-11
  2.51189E+05  4.00120E-11  9.63659E-12
  2.81838E+05  2.93520E-11  7.11137E-12
  3.16228E+05  2.15324E-11  5.24797E-12
  3.54813E+05  1.57963E-11  3.87291E-12
  3.98107E+05  1.15884E-11  2.85819E-12
  4.46684E+05  8.50154E-12  2.10937E-12
  5.01187E+05  6.23705E-12  1.55676E-12
  5.62341E+05  4.57581E-12  1.14894E-12
  6.30957E+05  3.35709E-12  8.47972E-13
  7.07946E+05  2.46300E-12  6.25853E-13
  7.94328E+05  1.80707E-12  4.61924E-13
  8.91251E+05  1.32584E-12  3.40938E-13
  1.00000E+06  9.72784E-13  2.51645E-13
