  5200.000        1   9  56  26    0.56742E+07  -0.06373452  -0.20527684   0.97662651
  6060.000        1   9  56  26    0.56742E+07  -0.06373452  -0.20527684   0.97662651
  6500.000        1   9  56  26    0.56742E+07  -0.06373452  -0.20527684   0.97662651
   1.01147643548271  2385729.93265995
   1.07833001604198  2564901.51894324
   1.10892294260202  2485570.08462962
  5200.000        2   9  14   7    0.75680E+07   0.21737246   0.61912173   0.75461083
  6060.000        2   9  14   7    0.75680E+07   0.21737246   0.61912173   0.75461083
  6500.000        2   9  14   7    0.75680E+07   0.21737246   0.61912173   0.75461083
   1.14490586050243  3792343.24157671
   1.20440922247433  2696675.05149638
   1.22804400549562  2139080.07368225
  5200.000        3   9   4   2    0.51851E+07  -0.57198013   0.10192852   0.81390989
  6060.000        3   9   4   2    0.51851E+07  -0.57198013   0.10192852   0.81390989
  6500.000        3   9   4   2    0.51851E+07  -0.57198013   0.10192852   0.81390989
   1.00559764653817  3829509.49653174
   1.09624103200062  3847358.38120369
   1.13962554183212  3475907.47615154
