INST
geom { < "./Array/unitbox.inst"}


transforms { =
TLIST
1 0 0 0
0 1 0 0
0 0 1 0
0.000 0.000 600 1
 
1 0 0 0
0 1 0 0
0 0 1 0
-0.039 14.655 600.607 1
 
1 0 0 0
0 1 0 0
0 0 1 0
15.102 15.061 600.1 1
 
1 0 0 0
0 1 0 0
0 0 1 0
15.149 3.903 599.765 1
 
1 0 0 0
0 1 0 0
0 0 1 0
15.169 -14.873 599.399 1
 
1 0 0 0
0 1 0 0
0 0 1 0
0.250 -14.834 599.727 1
 
1 0 0 0
0 1 0 0
0 0 1 0
-14.828 -14.806 599.439 1
 
1 0 0 0
0 1 0 0
0 0 1 0
-14.798 0.103 599.913 1
 
1 0 0 0
0 1 0 0
0 0 1 0
-14.947 15.102 600.363 1
 
1 0 0 0
0 1 0 0
0 0 1 0
-15.033 29.650 600.634 1
 
1 0 0 0
0 1 0 0
0 0 1 0
-0.090 29.669 600.524 1
 
1 0 0 0
0 1 0 0
0 0 1 0
15.004 29.771 600.288 1
 
1 0 0 0
0 1 0 0
0 0 1 0
30.122 29.784 600.12 1
 
1 0 0 0
0 1 0 0
0 0 1 0
30.204 14.780 599.766 1
 
1 0 0 0
0 1 0 0
0 0 1 0
30.162 0.004 599.532 1
 
1 0 0 0
0 1 0 0
0 0 1 0
30.177 -14.895 599.274 1
 
1 0 0 0
0 1 0 0
0 0 1 0
30.178 -29.907 598.867 1
 
1 0 0 0
0 1 0 0
0 0 1 0
15.163 -29.882 599.128 1
 
1 0 0 0
0 1 0 0
0 0 1 0
0.256 -29.882 599.135 1
 
1 0 0 0
0 1 0 0
0 0 1 0
-14.634 -29.971 599.092 1
 
1 0 0 0
0 1 0 0
0 0 1 0
-29.780 -29.797 599.202 1
 
1 0 0 0
0 1 0 0
0 0 1 0
-29.743 -14.731 599.332 1
 
1 0 0 0
0 1 0 0
0 0 1 0
-29.769 -0.031 600.116 1
 
1 0 0 0
0 1 0 0
0 0 1 0
-29.683 14.701 600.204 1
 
1 0 0 0
0 1 0 0
0 0 1 0
-29.884 29.637 600.676 1
 
1 0 0 0
0 1 0 0
0 0 1 0
-30.069 44.564 601.082 1
 
1 0 0 0
0 1 0 0
0 0 1 0
-15.212 44.608 601.028 1
 
1 0 0 0
0 1 0 0
0 0 1 0
-0.190 44.623 600.791 1
 
1 0 0 0
0 1 0 0
0 0 1 0
14.924 44.650 600.759 1
 
1 0 0 0
0 1 0 0
0 0 1 0
30.098 44.658 600.364 1
 
1 0 0 0
0 1 0 0
0 0 1 0
45.134 44.727 600.314 1
 
1 0 0 0
0 1 0 0
0 0 1 0
45.122 29.897 600.141 1
 
1 0 0 0
0 1 0 0
0 0 1 0
45.203 14.926 599.855 1
 
1 0 0 0
0 1 0 0
0 0 1 0
45.119 -0.012 599.473 1
 
1 0 0 0
0 1 0 0
0 0 1 0
45.210 -14.954 599.226 1
 
1 0 0 0
0 1 0 0
0 0 1 0
45.190 -29.900 598.755 1
 
1 0 0 0
0 1 0 0
0 0 1 0
45.169 -44.786 598.448 1
 
1 0 0 0
0 1 0 0
0 0 1 0
30.180 -44.781 598.54 1
 
1 0 0 0
0 1 0 0
0 0 1 0
15.183 -44.786 598.679 1
 
1 0 0 0
0 1 0 0
0 0 1 0
0.253 -44.785 598.732 1
 
1 0 0 0
0 1 0 0
0 0 1 0
-14.819 -44.848 598.864 1
 
1 0 0 0
0 1 0 0
0 0 1 0
-29.782 -44.841 598.895 1
 
1 0 0 0
0 1 0 0
0 0 1 0
-44.699 -44.880 599.22 1
 
1 0 0 0
0 1 0 0
0 0 1 0
-44.750 -29.816 599.456 1
 
1 0 0 0
0 1 0 0
0 0 1 0
-44.786 -14.784 599.843 1
 
1 0 0 0
0 1 0 0
0 0 1 0
-44.745 -0.222 600.038 1
 
1 0 0 0
0 1 0 0
0 0 1 0
-44.890 15.027 600.211 1
 
1 0 0 0
0 1 0 0
0 0 1 0
-44.834 29.631 600.765 1
 
1 0 0 0
0 1 0 0
0 0 1 0
-44.840 44.561 601.154 1
 
1 0 0 0
0 1 0 0
0 0 1 0
-44.881 59.606 601.435 1
 
1 0 0 0
0 1 0 0
0 0 1 0
-30.236 59.603 601.403 1
 
1 0 0 0
0 1 0 0
0 0 1 0
-15.303 59.629 601.158 1
 
1 0 0 0
0 1 0 0
0 0 1 0
-0.301 59.704 601.038 1
 
1 0 0 0
0 1 0 0
0 0 1 0
14.853 59.699 600.944 1
 
1 0 0 0
0 1 0 0
0 0 1 0
30.036 59.697 600.651 1
 
1 0 0 0
0 1 0 0
0 0 1 0
45.135 59.744 600.591 1
 
1 0 0 0
0 1 0 0
0 0 1 0
60.107 59.741 600.526 1
 
1 0 0 0
0 1 0 0
0 0 1 0
60.186 44.804 600.247 1
 
1 0 0 0
0 1 0 0
0 0 1 0
60.229 29.994 600.09 1
 
1 0 0 0
0 1 0 0
0 0 1 0
60.245 14.979 599.784 1
 
1 0 0 0
0 1 0 0
0 0 1 0
60.369 0.079 599.41 1
 
1 0 0 0
0 1 0 0
0 0 1 0
60.366 -14.896 598.9 1
 
1 0 0 0
0 1 0 0
0 0 1 0
60.391 -29.979 598.595 1
 
1 0 0 0
0 1 0 0
0 0 1 0
60.398 -44.795 598.263 1
 
1 0 0 0
0 1 0 0
0 0 1 0
60.493 -59.821 598.169 1
 
1 0 0 0
0 1 0 0
0 0 1 0
45.134 -59.759 598.105 1
 
1 0 0 0
0 1 0 0
0 0 1 0
30.173 -59.775 598.19 1
 
1 0 0 0
0 1 0 0
0 0 1 0
15.197 -59.783 598.459 1
 
1 0 0 0
0 1 0 0
0 0 1 0
0.180 -59.820 598.314 1
 
1 0 0 0
0 1 0 0
0 0 1 0
-14.835 -59.837 598.498 1
 
1 0 0 0
0 1 0 0
0 0 1 0
-29.808 -59.882 598.715 1
 
1 0 0 0
0 1 0 0
0 0 1 0
-44.743 -59.927 598.962 1
 
1 0 0 0
0 1 0 0
0 0 1 0
-59.750 -59.876 599.198 1
 
1 0 0 0
0 1 0 0
0 0 1 0
-59.928 -44.954 599.232 1
 
1 0 0 0
0 1 0 0
0 0 1 0
-59.983 -30.037 599.759 1
 
1 0 0 0
0 1 0 0
0 0 1 0
-59.989 -14.870 600.011 1
 
1 0 0 0
0 1 0 0
0 0 1 0
-60.137 -0.250 600.277 1
 
1 0 0 0
0 1 0 0
0 0 1 0
-60.199 14.716 600.457 1
 
1 0 0 0
0 1 0 0
0 0 1 0
-60.200 29.644 600.811 1
 
1 0 0 0
0 1 0 0
0 0 1 0
-60.221 44.560 601.256 1
 
1 0 0 0
0 1 0 0
0 0 1 0
-60.180 59.852 601.65 1
 
1 0 0 0
0 1 0 0
0 0 1 0
-60.300 74.929 601.977 1
 
1 0 0 0
0 1 0 0
0 0 1 0
-44.950 74.890 601.733 1
 
1 0 0 0
0 1 0 0
0 0 1 0
-30.322 74.940 601.759 1
 
1 0 0 0
0 1 0 0
0 0 1 0
-15.386 74.940 601.481 1
 
1 0 0 0
0 1 0 0
0 0 1 0
-0.403 74.975 601.477 1
 
1 0 0 0
0 1 0 0
0 0 1 0
14.796 74.910 601.169 1
 
1 0 0 0
0 1 0 0
0 0 1 0
29.949 74.970 600.914 1
 
1 0 0 0
0 1 0 0
0 0 1 0
45.188 74.865 600.846 1
 
1 0 0 0
0 1 0 0
0 0 1 0
60.076 74.861 600.777 1
 
1 0 0 0
0 1 0 0
0 0 1 0
75.539 74.823 600.471 1
 
1 0 0 0
0 1 0 0
0 0 1 0
75.594 59.761 600.262 1
 
1 0 0 0
0 1 0 0
0 0 1 0
75.499 44.830 599.988 1
 
1 0 0 0
0 1 0 0
0 0 1 0
75.535 30.055 599.793 1
 
1 0 0 0
0 1 0 0
0 0 1 0
75.477 15.059 599.655 1
 
1 0 0 0
0 1 0 0
0 0 1 0
75.490 0.138 599.297 1
 
1 0 0 0
0 1 0 0
0 0 1 0
75.413 -14.917 598.894 1
 
1 0 0 0
0 1 0 0
0 0 1 0
75.463 -29.875 598.713 1
 
1 0 0 0
0 1 0 0
0 0 1 0
75.326 -44.813 598.306 1
 
1 0 0 0
0 1 0 0
0 0 1 0
75.367 -59.797 597.951 1
 
1 0 0 0
0 1 0 0
0 0 1 0
75.447 -74.899 597.637 1
 
1 0 0 0
0 1 0 0
0 0 1 0
60.449 -74.787 597.823 1
 
1 0 0 0
0 1 0 0
0 0 1 0
45.144 -74.766 597.822 1
 
1 0 0 0
0 1 0 0
0 0 1 0
30.207 -74.782 597.855 1
 
1 0 0 0
0 1 0 0
0 0 1 0
15.247 -74.815 598.086 1
 
1 0 0 0
0 1 0 0
0 0 1 0
0.211 -74.797 598.135 1
 
1 0 0 0
0 1 0 0
0 0 1 0
-14.745 -74.870 598.006 1
 
1 0 0 0
0 1 0 0
0 0 1 0
-29.770 -74.861 598.501 1
 
1 0 0 0
0 1 0 0
0 0 1 0
-44.769 -74.840 598.709 1
 
1 0 0 0
0 1 0 0
0 0 1 0
-59.672 -74.932 598.791 1
 
1 0 0 0
0 1 0 0
0 0 1 0
-74.877 -74.883 598.944 1
 
1 0 0 0
0 1 0 0
0 0 1 0
-74.894 -60.032 599.198 1
 
1 0 0 0
0 1 0 0
0 0 1 0
-74.950 -44.755 599.519 1
 
1 0 0 0
0 1 0 0
0 0 1 0
-75.046 -30.076 599.708 1
 
1 0 0 0
0 1 0 0
0 0 1 0
-74.911 -14.799 600.092 1
 
1 0 0 0
0 1 0 0
0 0 1 0
-75.160 -0.289 600.316 1
 
1 0 0 0
0 1 0 0
0 0 1 0
-75.162 14.683 600.634 1
 
1 0 0 0
0 1 0 0
0 0 1 0
-75.202 29.611 600.978 1
 
1 0 0 0
0 1 0 0
0 0 1 0
-75.222 44.645 601.295 1
 
1 0 0 0
0 1 0 0
0 0 1 0
-75.280 59.726 601.64 1
 
1 0 0 0
0 1 0 0
0 0 1 0
-75.251 75.012 601.944 1
 
1 0 0 0
0 1 0 0
0 0 1 0
-60.257 89.919 602.223 1
 
1 0 0 0
0 1 0 0
0 0 1 0
-45.026 89.874 602.017 1
 
1 0 0 0
0 1 0 0
0 0 1 0
-30.474 89.896 602 1
 
1 0 0 0
0 1 0 0
0 0 1 0
-15.447 89.890 601.905 1
 
1 0 0 0
0 1 0 0
0 0 1 0
-0.459 89.854 601.754 1
 
1 0 0 0
0 1 0 0
0 0 1 0
14.653 89.899 601.284 1
 
1 0 0 0
0 1 0 0
0 0 1 0
29.883 89.893 601.199 1
 
1 0 0 0
0 1 0 0
0 0 1 0
45.242 89.931 601.228 1
 
1 0 0 0
0 1 0 0
0 0 1 0
60.047 89.947 601.029 1
 
1 0 0 0
0 1 0 0
0 0 1 0
90.739 59.392 600.016 1
 
1 0 0 0
0 1 0 0
0 0 1 0
90.324 44.878 599.817 1
 
1 0 0 0
0 1 0 0
0 0 1 0
90.275 30.128 599.535 1
 
1 0 0 0
0 1 0 0
0 0 1 0
90.340 15.115 599.349 1
 
1 0 0 0
0 1 0 0
0 0 1 0
90.274 0.140 599.096 1
 
1 0 0 0
0 1 0 0
0 0 1 0
90.273 -14.795 598.753 1
 
1 0 0 0
0 1 0 0
0 0 1 0
90.278 -29.851 598.479 1
 
1 0 0 0
0 1 0 0
0 0 1 0
90.287 -44.734 598.222 1
 
1 0 0 0
0 1 0 0
0 0 1 0
90.256 -59.787 597.831 1
 
1 0 0 0
0 1 0 0
0 0 1 0
60.525 -89.726 597.341 1
 
1 0 0 0
0 1 0 0
0 0 1 0
45.133 -89.790 597.441 1
 
1 0 0 0
0 1 0 0
0 0 1 0
30.180 -89.793 597.628 1
 
1 0 0 0
0 1 0 0
0 0 1 0
15.258 -89.824 597.752 1
 
1 0 0 0
0 1 0 0
0 0 1 0
0.236 -89.815 597.724 1
 
1 0 0 0
0 1 0 0
0 0 1 0
-14.750 -89.792 597.791 1
 
1 0 0 0
0 1 0 0
0 0 1 0
-29.771 -89.848 598.103 1
 
1 0 0 0
0 1 0 0
0 0 1 0
-44.769 -89.857 598.383 1
 
1 0 0 0
0 1 0 0
0 0 1 0
-59.433 -89.918 598.446 1
 
1 0 0 0
0 1 0 0
0 0 1 0
-89.823 -60.075 599.136 1
 
1 0 0 0
0 1 0 0
0 0 1 0
-89.829 -45.006 599.287 1
 
1 0 0 0
0 1 0 0
0 0 1 0
-89.853 -30.217 599.63 1
 
1 0 0 0
0 1 0 0
0 0 1 0
-89.875 -14.928 600.003 1
 
1 0 0 0
0 1 0 0
0 0 1 0
-89.931 -0.353 600.386 1
 
1 0 0 0
0 1 0 0
0 0 1 0
-90.000 14.687 600.664 1
 
1 0 0 0
0 1 0 0
0 0 1 0
-90.029 29.673 600.973 1
 
1 0 0 0
0 1 0 0
0 0 1 0
-90.075 44.671 601.314 1
 
1 0 0 0
0 1 0 0
0 0 1 0
-90.133 59.804 601.725 1
 
1 0 0 0
0 1 0 0
0 0 1 0
-45.095 105.056 602.388 1
 
1 0 0 0
0 1 0 0
0 0 1 0
-30.605 105.005 602.342 1
 
1 0 0 0
0 1 0 0
0 0 1 0
-15.450 104.996 602.361 1
 
1 0 0 0
0 1 0 0
0 0 1 0
-0.541 104.993 601.961 1
 
1 0 0 0
0 1 0 0
0 0 1 0
14.569 104.972 601.553 1
 
1 0 0 0
0 1 0 0
0 0 1 0
29.813 104.942 601.654 1
 
1 0 0 0
0 1 0 0
0 0 1 0
45.241 104.917 601.426 1
 
1 0 0 0
0 1 0 0
0 0 1 0
105.023 44.924 599.613 1
 
1 0 0 0
0 1 0 0
0 0 1 0
105.066 30.170 599.369 1
 
1 0 0 0
0 1 0 0
0 0 1 0
105.128 15.190 599.182 1
 
1 0 0 0
0 1 0 0
0 0 1 0
105.131 0.105 598.945 1
 
1 0 0 0
0 1 0 0
0 0 1 0
105.222 -14.747 598.566 1
 
1 0 0 0
0 1 0 0
0 0 1 0
105.323 -29.729 598.238 1
 
1 0 0 0
0 1 0 0
0 0 1 0
105.367 -44.743 598.026 1
 
1 0 0 0
0 1 0 0
0 0 1 0
45.110 -104.807 596.96 1
 
1 0 0 0
0 1 0 0
0 0 1 0
30.180 -104.820 597.332 1
 
1 0 0 0
0 1 0 0
0 0 1 0
15.256 -104.844 597.487 1
 
1 0 0 0
0 1 0 0
0 0 1 0
0.231 -104.802 597.496 1
 
1 0 0 0
0 1 0 0
0 0 1 0
-14.749 -104.831 597.596 1
 
1 0 0 0
0 1 0 0
0 0 1 0
-29.806 -104.828 597.862 1
 
1 0 0 0
0 1 0 0
0 0 1 0
-44.809 -104.845 598.087 1
 
1 0 0 0
0 1 0 0
0 0 1 0
-104.834 -45.148 599.374 1
 
1 0 0 0
0 1 0 0
0 0 1 0
-104.882 -30.219 599.637 1
 
1 0 0 0
0 1 0 0
0 0 1 0
-104.951 -14.962 599.969 1
 
1 0 0 0
0 1 0 0
0 0 1 0
-104.970 -0.345 600.389 1
 
1 0 0 0
0 1 0 0
0 0 1 0
-105.048 14.652 600.676 1
 
1 0 0 0
0 1 0 0
0 0 1 0
-105.085 29.633 601.012 1
 
1 0 0 0
0 1 0 0
0 0 1 0
-105.128 44.717 601.377 1
 
1 0 0 0
0 1 0 0
0 0 1 0
-0.050 7.518 600.204 1
 
1 0 0 0
0 1 0 0
0 0 1 0
7.503 7.392 600.177 1
 
1 0 0 0
0 1 0 0
0 0 1 0
7.476 0.116 600.111 1
 
1 0 0 0
0 1 0 0
0 0 1 0
7.793 -10.036 603.299 1
 
1 0 0 0
0 1 0 0
0 0 1 0
0.269 -10.070 603.343 1
 
1 0 0 0
0 1 0 0
0 0 1 0
-7.581 -7.700 600.002 1
 
1 0 0 0
0 1 0 0
0 0 1 0
-7.573 1.065 600.023 1
 
1 0 0 0
0 1 0 0
0 0 1 0
-7.585 7.867 600.224 1
 
1 0 0 0
0 1 0 0
0 0 1 0
-7.572 15.002 600.192 1
 
1 0 0 0
0 1 0 0
0 0 1 0
7.412 14.919 600.25 1
 
1 0 0 0
0 1 0 0
0 0 1 0
15.224 7.648 599.912 1
 
1 0 0 0
0 1 0 0
0 0 1 0
14.819 -7.539 603.226 1
 
1 0 0 0
0 1 0 0
0 0 1 0
7.663 -14.890 599.617 1
 
1 0 0 0
0 1 0 0
0 0 1 0
-7.562 -14.806 599.702 1
 
1 0 0 0
0 1 0 0
0 0 1 0
-14.682 -7.715 599.893 1
 
1 0 0 0
0 1 0 0
0 0 1 0
-14.818 7.735 600.242 1
 
1 0 0 0
0 1 0 0
0 0 1 0
-15.147 22.161 600.463 1
 
1 0 0 0
0 1 0 0
0 0 1 0
-7.652 22.162 600.455 1
 
1 0 0 0
0 1 0 0
0 0 1 0
7.362 22.227 600.386 1
 
1 0 0 0
0 1 0 0
0 0 1 0
14.936 22.215 600.234 1
 
1 0 0 0
0 1 0 0
0 0 1 0
22.359 22.269 600.047 1
 
1 0 0 0
0 1 0 0
0 0 1 0
22.318 14.687 599.861 1
 
1 0 0 0
0 1 0 0
0 0 1 0
20.605 7.446 599.793 1
 
1 0 0 0
0 1 0 0
0 0 1 0
22.695 0.087 599.64 1
 
1 0 0 0
0 1 0 0
0 0 1 0
22.675 -7.409 599.464 1
 
1 0 0 0
0 1 0 0
0 0 1 0
22.698 -14.866 599.391 1
 
1 0 0 0
0 1 0 0
0 0 1 0
22.672 -22.622 599.153 1
 
1 0 0 0
0 1 0 0
0 0 1 0
15.197 -22.681 599.312 1
 
1 0 0 0
0 1 0 0
0 0 1 0
7.677 -22.710 599.409 1
 
1 0 0 0
0 1 0 0
0 0 1 0
0.124 -22.846 599.39 1
 
1 0 0 0
0 1 0 0
0 0 1 0
-7.511 -23.436 599.275 1
 
1 0 0 0
0 1 0 0
0 0 1 0
-14.806 -22.794 599.249 1
 
1 0 0 0
0 1 0 0
0 0 1 0
-22.657 -22.731 599.215 1
 
1 0 0 0
0 1 0 0
0 0 1 0
-22.709 -14.794 599.6 1
 
1 0 0 0
0 1 0 0
0 0 1 0
-22.786 -7.678 599.793 1
 
1 0 0 0
0 1 0 0
0 0 1 0
-22.450 -0.016 599.952 1
 
1 0 0 0
0 1 0 0
0 0 1 0
-22.867 7.654 600.259 1
 
1 0 0 0
0 1 0 0
0 0 1 0
-22.866 15.062 600.261 1
 
1 0 0 0
0 1 0 0
0 0 1 0
-22.902 22.713 600.479 1
 
1 0 0 0
0 1 0 0
0 0 1 0
-22.894 29.511 600.574 1
 
1 0 0 0
0 1 0 0
0 0 1 0
-7.720 29.603 600.609 1
 
1 0 0 0
0 1 0 0
0 0 1 0
7.363 29.704 600.509 1
 
1 0 0 0
0 1 0 0
0 0 1 0
22.285 29.747 600.233 1
 
1 0 0 0
0 1 0 0
0 0 1 0
30.172 22.314 600.029 1
 
1 0 0 0
0 1 0 0
0 0 1 0
29.994 7.206 600.007 1
 
1 0 0 0
0 1 0 0
0 0 1 0
30.151 -7.444 599.43 1
 
1 0 0 0
0 1 0 0
0 0 1 0
30.176 -22.588 599.132 1
 
1 0 0 0
0 1 0 0
0 0 1 0
22.710 -30.040 598.997 1
 
1 0 0 0
0 1 0 0
0 0 1 0
7.626 -29.894 599.294 1
 
1 0 0 0
0 1 0 0
0 0 1 0
-7.457 -29.858 599.048 1
 
1 0 0 0
0 1 0 0
0 0 1 0
-22.524 -30.137 599.09 1
 
1 0 0 0
0 1 0 0
0 0 1 0
-29.745 -22.713 599.376 1
 
1 0 0 0
0 1 0 0
0 0 1 0
-29.636 -7.677 599.954 1
 
1 0 0 0
0 1 0 0
0 0 1 0
-29.796 7.522 600.313 1
 
1 0 0 0
0 1 0 0
0 0 1 0
-29.836 22.248 600.419 1
 
1 0 0 0
0 1 0 0
0 0 1 0
-30.075 37.140 600.793 1
 
1 0 0 0
0 1 0 0
0 0 1 0
-22.926 37.172 600.787 1
 
1 0 0 0
0 1 0 0
0 0 1 0
-15.204 37.217 600.847 1
 
1 0 0 0
0 1 0 0
0 0 1 0
-7.746 37.219 600.751 1
 
1 0 0 0
0 1 0 0
0 0 1 0
-0.110 37.282 600.65 1
 
1 0 0 0
0 1 0 0
0 0 1 0
7.330 37.271 600.64 1
 
1 0 0 0
0 1 0 0
0 0 1 0
14.897 37.373 600.483 1
 
1 0 0 0
0 1 0 0
0 0 1 0
22.333 37.319 600.462 1
 
1 0 0 0
0 1 0 0
0 0 1 0
30.093 37.268 600.209 1
 
1 0 0 0
0 1 0 0
0 0 1 0
37.613 37.355 600.21 1
 
1 0 0 0
0 1 0 0
0 0 1 0
37.634 29.840 599.975 1
 
1 0 0 0
0 1 0 0
0 0 1 0
37.642 22.398 599.98 1
 
1 0 0 0
0 1 0 0
0 0 1 0
37.669 14.908 599.837 1
 
1 0 0 0
0 1 0 0
0 0 1 0
38.546 6.846 600.024 1
 
1 0 0 0
0 1 0 0
0 0 1 0
37.583 0.049 599.609 1
 
1 0 0 0
0 1 0 0
0 0 1 0
37.569 -7.428 599.35 1
 
1 0 0 0
0 1 0 0
0 0 1 0
37.553 -14.861 599.253 1
 
1 0 0 0
0 1 0 0
0 0 1 0
37.566 -22.498 599.157 1
 
1 0 0 0
0 1 0 0
0 0 1 0
37.573 -29.913 598.917 1
 
1 0 0 0
0 1 0 0
0 0 1 0
37.705 -37.173 598.834 1
 
1 0 0 0
0 1 0 0
0 0 1 0
30.160 -37.030 598.792 1
 
1 0 0 0
0 1 0 0
0 0 1 0
22.724 -37.377 598.866 1
 
1 0 0 0
0 1 0 0
0 0 1 0
15.147 -37.347 598.996 1
 
1 0 0 0
0 1 0 0
0 0 1 0
7.587 -37.385 599.183 1
 
1 0 0 0
0 1 0 0
0 0 1 0
0.275 -37.421 599.056 1
 
1 0 0 0
0 1 0 0
0 0 1 0
-7.454 -37.381 598.885 1
 
1 0 0 0
0 1 0 0
0 0 1 0
-14.784 -37.400 599.055 1
 
1 0 0 0
0 1 0 0
0 0 1 0
-22.456 -37.465 598.968 1
 
1 0 0 0
0 1 0 0
0 0 1 0
-29.838 -37.465 599.089 1
 
1 0 0 0
0 1 0 0
0 0 1 0
-37.357 -37.463 599.261 1
 
1 0 0 0
0 1 0 0
0 0 1 0
-37.346 -29.824 599.323 1
 
1 0 0 0
0 1 0 0
0 0 1 0
-37.342 -22.733 599.424 1
 
1 0 0 0
0 1 0 0
0 0 1 0
-37.350 -14.822 599.815 1
 
1 0 0 0
0 1 0 0
0 0 1 0
-37.365 -7.646 599.886 1
 
1 0 0 0
0 1 0 0
0 0 1 0
-37.361 -0.097 599.758 1
 
1 0 0 0
0 1 0 0
0 0 1 0
-37.394 7.428 600.051 1
 
1 0 0 0
0 1 0 0
0 0 1 0
-37.401 15.146 600.244 1
 
1 0 0 0
0 1 0 0
0 0 1 0
-37.358 22.401 600.5 1
 
1 0 0 0
0 1 0 0
0 0 1 0
-37.439 29.625 600.6 1
 
1 0 0 0
0 1 0 0
0 0 1 0
-37.450 37.208 600.899 1
 
1 0 0 0
0 1 0 0
0 0 1 0
-37.512 44.557 601.085 1
 
1 0 0 0
0 1 0 0
0 0 1 0
-22.853 44.648 601.01 1
 
1 0 0 0
0 1 0 0
0 0 1 0
-7.740 44.581 600.849 1
 
1 0 0 0
0 1 0 0
0 0 1 0
7.329 44.657 600.778 1
 
1 0 0 0
0 1 0 0
0 0 1 0
22.325 44.624 600.477 1
 
1 0 0 0
0 1 0 0
0 0 1 0
37.602 44.712 600.374 1
 
1 0 0 0
0 1 0 0
0 0 1 0
45.132 37.322 600.169 1
 
1 0 0 0
0 1 0 0
0 0 1 0
45.181 22.352 600.068 1
 
1 0 0 0
0 1 0 0
0 0 1 0
44.821 8.120 600.03 1
 
1 0 0 0
0 1 0 0
0 0 1 0
45.198 -7.442 599.358 1
 
1 0 0 0
0 1 0 0
0 0 1 0
45.242 -22.568 599.085 1
 
1 0 0 0
0 1 0 0
0 0 1 0
45.216 -37.378 598.67 1
 
1 0 0 0
0 1 0 0
0 0 1 0
37.527 -44.764 598.551 1
 
1 0 0 0
0 1 0 0
0 0 1 0
22.713 -44.791 598.638 1
 
1 0 0 0
0 1 0 0
0 0 1 0
7.588 -44.802 598.966 1
 
1 0 0 0
0 1 0 0
0 0 1 0
-7.400 -44.788 598.795 1
 
1 0 0 0
0 1 0 0
0 0 1 0
-22.482 -44.789 598.858 1
 
1 0 0 0
0 1 0 0
0 0 1 0
-37.368 -44.871 599.093 1
 
1 0 0 0
0 1 0 0
0 0 1 0
-44.809 -37.635 599.386 1
 
1 0 0 0
0 1 0 0
0 0 1 0
-44.799 -22.735 599.621 1
 
1 0 0 0
0 1 0 0
0 0 1 0
-44.731 -7.665 599.873 1
 
1 0 0 0
0 1 0 0
0 0 1 0
-44.768 7.435 599.784 1
 
1 0 0 0
0 1 0 0
0 0 1 0
-44.852 22.422 600.554 1
 
1 0 0 0
0 1 0 0
0 0 1 0
-44.821 37.068 600.909 1
 
1 0 0 0
0 1 0 0
0 0 1 0
-44.843 52.464 601.317 1
 
1 0 0 0
0 1 0 0
0 0 1 0
-37.523 52.416 601.17 1
 
1 0 0 0
0 1 0 0
0 0 1 0
-30.116 52.412 601.239 1
 
1 0 0 0
0 1 0 0
0 0 1 0
-22.870 52.402 601.212 1
 
1 0 0 0
0 1 0 0
0 0 1 0
-15.303 52.427 601.116 1
 
1 0 0 0
0 1 0 0
0 0 1 0
-7.841 52.369 600.949 1
 
1 0 0 0
0 1 0 0
0 0 1 0
-0.186 52.380 600.938 1
 
1 0 0 0
0 1 0 0
0 0 1 0
7.306 52.307 600.944 1
 
1 0 0 0
0 1 0 0
0 0 1 0
14.920 52.302 600.868 1
 
1 0 0 0
0 1 0 0
0 0 1 0
22.364 52.229 600.657 1
 
1 0 0 0
0 1 0 0
0 0 1 0
30.129 52.145 600.362 1
 
1 0 0 0
0 1 0 0
0 0 1 0
37.662 52.109 600.366 1
 
1 0 0 0
0 1 0 0
0 0 1 0
45.139 52.132 600.402 1
 
1 0 0 0
0 1 0 0
0 0 1 0
52.595 52.154 600.522 1
 
1 0 0 0
0 1 0 0
0 0 1 0
52.633 44.767 600.374 1
 
1 0 0 0
0 1 0 0
0 0 1 0
52.663 37.406 600.155 1
 
1 0 0 0
0 1 0 0
0 0 1 0
52.716 30.044 600.088 1
 
1 0 0 0
0 1 0 0
0 0 1 0
52.728 22.375 600.03 1
 
1 0 0 0
0 1 0 0
0 0 1 0
52.831 14.827 599.8 1
 
1 0 0 0
0 1 0 0
0 0 1 0
53.951 7.607 599.998 1
 
1 0 0 0
0 1 0 0
0 0 1 0
52.715 0.016 599.482 1
 
1 0 0 0
0 1 0 0
0 0 1 0
52.698 -7.499 599.322 1
 
1 0 0 0
0 1 0 0
0 0 1 0
52.622 -14.896 599.133 1
 
1 0 0 0
0 1 0 0
0 0 1 0
52.619 -22.551 598.966 1
 
1 0 0 0
0 1 0 0
0 0 1 0
52.678 -29.985 598.755 1
 
1 0 0 0
0 1 0 0
0 0 1 0
52.641 -37.422 598.634 1
 
1 0 0 0
0 1 0 0
0 0 1 0
52.680 -44.831 598.482 1
 
1 0 0 0
0 1 0 0
0 0 1 0
52.717 -52.114 598.321 1
 
1 0 0 0
0 1 0 0
0 0 1 0
45.145 -52.134 598.218 1
 
1 0 0 0
0 1 0 0
0 0 1 0
37.540 -52.154 598.361 1
 
1 0 0 0
0 1 0 0
0 0 1 0
30.160 -52.219 598.394 1
 
1 0 0 0
0 1 0 0
0 0 1 0
22.713 -52.256 598.32 1
 
1 0 0 0
0 1 0 0
0 0 1 0
15.192 -52.337 598.556 1
 
1 0 0 0
0 1 0 0
0 0 1 0
7.560 -52.415 598.732 1
 
1 0 0 0
0 1 0 0
0 0 1 0
0.201 -52.470 598.511 1
 
1 0 0 0
0 1 0 0
0 0 1 0
-7.342 -52.505 598.605 1
 
1 0 0 0
0 1 0 0
0 0 1 0
-14.824 -52.491 598.665 1
 
1 0 0 0
0 1 0 0
0 0 1 0
-22.409 -52.541 598.665 1
 
1 0 0 0
0 1 0 0
0 0 1 0
-29.850 -52.495 598.801 1
 
1 0 0 0
0 1 0 0
0 0 1 0
-37.378 -52.438 598.943 1
 
1 0 0 0
0 1 0 0
0 0 1 0
-44.678 -52.434 599.159 1
 
1 0 0 0
0 1 0 0
0 0 1 0
-52.257 -52.395 599.208 1
 
1 0 0 0
0 1 0 0
0 0 1 0
-52.257 -45.018 599.386 1
 
1 0 0 0
0 1 0 0
0 0 1 0
-52.284 -37.662 599.428 1
 
1 0 0 0
0 1 0 0
0 0 1 0
-52.282 -29.916 599.631 1
 
1 0 0 0
0 1 0 0
0 0 1 0
-52.295 -22.776 599.888 1
 
1 0 0 0
0 1 0 0
0 0 1 0
-52.310 -14.848 599.871 1
 
1 0 0 0
0 1 0 0
0 0 1 0
-52.319 -7.769 599.918 1
 
1 0 0 0
0 1 0 0
0 0 1 0
-52.352 -0.224 600.129 1
 
1 0 0 0
0 1 0 0
0 0 1 0
-52.343 7.414 600.022 1
 
1 0 0 0
0 1 0 0
0 0 1 0
-52.380 14.886 600.476 1
 
1 0 0 0
0 1 0 0
0 0 1 0
-52.387 22.400 600.709 1
 
1 0 0 0
0 1 0 0
0 0 1 0
-52.410 29.617 600.838 1
 
1 0 0 0
0 1 0 0
0 0 1 0
-52.407 37.182 600.984 1
 
1 0 0 0
0 1 0 0
0 0 1 0
-52.496 44.552 601.147 1
 
1 0 0 0
0 1 0 0
0 0 1 0
-52.427 52.433 601.399 1
 
1 0 0 0
0 1 0 0
0 0 1 0
-52.471 59.517 601.628 1
 
1 0 0 0
0 1 0 0
0 0 1 0
-37.545 59.598 601.322 1
 
1 0 0 0
0 1 0 0
0 0 1 0
-22.861 59.757 601.378 1
 
1 0 0 0
0 1 0 0
0 0 1 0
-7.845 59.700 601.089 1
 
1 0 0 0
0 1 0 0
0 0 1 0
7.320 59.644 600.964 1
 
1 0 0 0
0 1 0 0
0 0 1 0
22.384 59.763 600.757 1
 
1 0 0 0
0 1 0 0
0 0 1 0
37.635 59.723 600.594 1
 
1 0 0 0
0 1 0 0
0 0 1 0
52.556 59.746 600.513 1
 
1 0 0 0
0 1 0 0
0 0 1 0
60.156 52.236 600.412 1
 
1 0 0 0
0 1 0 0
0 0 1 0
60.197 37.434 600.223 1
 
1 0 0 0
0 1 0 0
0 0 1 0
60.191 22.404 599.965 1
 
1 0 0 0
0 1 0 0
0 0 1 0
59.315 7.822 600.01 1
 
1 0 0 0
0 1 0 0
0 0 1 0
60.372 -7.470 599.192 1
 
1 0 0 0
0 1 0 0
0 0 1 0
60.374 -22.512 598.583 1
 
1 0 0 0
0 1 0 0
0 0 1 0
60.398 -37.440 598.528 1
 
1 0 0 0
0 1 0 0
0 0 1 0
60.406 -52.220 598.198 1
 
1 0 0 0
0 1 0 0
0 0 1 0
52.766 -59.748 598.17 1
 
1 0 0 0
0 1 0 0
0 0 1 0
37.551 -59.739 598.115 1
 
1 0 0 0
0 1 0 0
0 0 1 0
22.713 -59.727 598.161 1
 
1 0 0 0
0 1 0 0
0 0 1 0
7.531 -59.871 598.541 1
 
1 0 0 0
0 1 0 0
0 0 1 0
-7.333 -59.781 598.418 1
 
1 0 0 0
0 1 0 0
0 0 1 0
-22.337 -59.840 598.595 1
 
1 0 0 0
0 1 0 0
0 0 1 0
-37.391 -59.872 598.768 1
 
1 0 0 0
0 1 0 0
0 0 1 0
-52.209 -59.869 598.855 1
 
1 0 0 0
0 1 0 0
0 0 1 0
-59.830 -52.407 599.27 1
 
1 0 0 0
0 1 0 0
0 0 1 0
-59.973 -37.517 599.131 1
 
1 0 0 0
0 1 0 0
0 0 1 0
-59.991 -22.720 599.983 1
 
1 0 0 0
0 1 0 0
0 0 1 0
-60.116 -7.755 600.283 1
 
1 0 0 0
0 1 0 0
0 0 1 0
-60.183 7.381 600.345 1
 
1 0 0 0
0 1 0 0
0 0 1 0
-60.139 22.403 600.758 1
 
1 0 0 0
0 1 0 0
0 0 1 0
-60.305 37.220 600.979 1
 
1 0 0 0
0 1 0 0
0 0 1 0
-60.231 52.377 601.483 1
 
1 0 0 0
0 1 0 0
0 0 1 0
-60.288 66.935 601.878 1
 
1 0 0 0
0 1 0 0
0 0 1 0
-52.562 67.005 601.829 1
 
1 0 0 0
0 1 0 0
0 0 1 0
-44.945 67.065 601.532 1
 
1 0 0 0
0 1 0 0
0 0 1 0
-37.576 67.124 601.503 1
 
1 0 0 0
0 1 0 0
0 0 1 0
-30.262 67.138 601.528 1
 
1 0 0 0
0 1 0 0
0 0 1 0
-22.860 67.220 601.467 1
 
1 0 0 0
0 1 0 0
0 0 1 0
-15.410 67.301 601.354 1
 
1 0 0 0
0 1 0 0
0 0 1 0
-7.825 67.328 601.276 1
 
1 0 0 0
0 1 0 0
0 0 1 0
-0.319 67.349 601.251 1
 
1 0 0 0
0 1 0 0
0 0 1 0
7.278 67.360 601.2 1
 
1 0 0 0
0 1 0 0
0 0 1 0
14.889 67.356 600.958 1
 
1 0 0 0
0 1 0 0
0 0 1 0
22.354 67.414 600.927 1
 
1 0 0 0
0 1 0 0
0 0 1 0
29.962 67.448 600.668 1
 
1 0 0 0
0 1 0 0
0 0 1 0
37.689 67.479 600.667 1
 
1 0 0 0
0 1 0 0
0 0 1 0
45.187 67.469 600.648 1
 
1 0 0 0
0 1 0 0
0 0 1 0
52.594 67.378 600.765 1
 
1 0 0 0
0 1 0 0
0 0 1 0
60.106 67.398 600.625 1
 
1 0 0 0
0 1 0 0
0 0 1 0
67.863 67.421 600.62 1
 
1 0 0 0
0 1 0 0
0 0 1 0
67.857 59.817 600.402 1
 
1 0 0 0
0 1 0 0
0 0 1 0
67.820 52.300 600.311 1
 
1 0 0 0
0 1 0 0
0 0 1 0
67.827 44.794 600.134 1
 
1 0 0 0
0 1 0 0
0 0 1 0
67.819 37.452 599.871 1
 
1 0 0 0
0 1 0 0
0 0 1 0
67.812 30.046 599.884 1
 
1 0 0 0
0 1 0 0
0 0 1 0
67.815 22.450 599.879 1
 
1 0 0 0
0 1 0 0
0 0 1 0
67.838 15.004 599.839 1
 
1 0 0 0
0 1 0 0
0 0 1 0
67.957 7.742 599.652 1
 
1 0 0 0
0 1 0 0
0 0 1 0
68.004 0.152 599.386 1
 
1 0 0 0
0 1 0 0
0 0 1 0
67.906 -7.482 599.116 1
 
1 0 0 0
0 1 0 0
0 0 1 0
67.915 -15.019 599.049 1
 
1 0 0 0
0 1 0 0
0 0 1 0
67.882 -22.503 598.869 1
 
1 0 0 0
0 1 0 0
0 0 1 0
67.881 -29.971 598.701 1
 
1 0 0 0
0 1 0 0
0 0 1 0
67.873 -37.422 598.495 1
 
1 0 0 0
0 1 0 0
0 0 1 0
67.904 -44.804 598.373 1
 
1 0 0 0
0 1 0 0
0 0 1 0
67.947 -52.296 598.306 1
 
1 0 0 0
0 1 0 0
0 0 1 0
67.987 -59.766 598.078 1
 
1 0 0 0
0 1 0 0
0 0 1 0
68.092 -67.299 597.845 1
 
1 0 0 0
0 1 0 0
0 0 1 0
60.515 -67.262 597.956 1
 
1 0 0 0
0 1 0 0
0 0 1 0
52.809 -67.275 597.859 1
 
1 0 0 0
0 1 0 0
0 0 1 0
45.080 -67.244 597.933 1
 
1 0 0 0
0 1 0 0
0 0 1 0
37.564 -67.243 598.042 1
 
1 0 0 0
0 1 0 0
0 0 1 0
30.217 -67.274 598.081 1
 
1 0 0 0
0 1 0 0
0 0 1 0
22.712 -67.208 598.059 1
 
1 0 0 0
0 1 0 0
0 0 1 0
15.095 -67.229 598.339 1
 
1 0 0 0
0 1 0 0
0 0 1 0
7.465 -67.259 598.375 1
 
1 0 0 0
0 1 0 0
0 0 1 0
0.285 -67.295 598.093 1
 
1 0 0 0
0 1 0 0
0 0 1 0
-7.311 -67.212 598.268 1
 
1 0 0 0
0 1 0 0
0 0 1 0
-14.882 -67.237 598.421 1
 
1 0 0 0
0 1 0 0
0 0 1 0
-22.300 -67.263 598.368 1
 
1 0 0 0
0 1 0 0
0 0 1 0
-29.858 -67.308 598.622 1
 
1 0 0 0
0 1 0 0
0 0 1 0
-37.403 -67.334 598.673 1
 
1 0 0 0
0 1 0 0
0 0 1 0
-44.771 -67.377 598.809 1
 
1 0 0 0
0 1 0 0
0 0 1 0
-52.159 -67.285 598.635 1
 
1 0 0 0
0 1 0 0
0 0 1 0
-59.889 -67.433 599.033 1
 
1 0 0 0
0 1 0 0
0 0 1 0
-67.372 -67.551 598.917 1
 
1 0 0 0
0 1 0 0
0 0 1 0
-67.375 -59.922 599.108 1
 
1 0 0 0
0 1 0 0
0 0 1 0
-67.386 -52.420 599.16 1
 
1 0 0 0
0 1 0 0
0 0 1 0
-67.406 -44.965 599.439 1
 
1 0 0 0
0 1 0 0
0 0 1 0
-67.414 -37.612 599.689 1
 
1 0 0 0
0 1 0 0
0 0 1 0
-67.423 -30.042 599.501 1
 
1 0 0 0
0 1 0 0
0 0 1 0
-67.494 -22.704 600.052 1
 
1 0 0 0
0 1 0 0
0 0 1 0
-67.513 -14.915 600.11 1
 
1 0 0 0
0 1 0 0
0 0 1 0
-67.526 -7.734 600.074 1
 
1 0 0 0
0 1 0 0
0 0 1 0
-67.572 -0.290 600.313 1
 
1 0 0 0
0 1 0 0
0 0 1 0
-67.606 7.355 600.54 1
 
1 0 0 0
0 1 0 0
0 0 1 0
-67.672 14.703 600.675 1
 
1 0 0 0
0 1 0 0
0 0 1 0
-67.675 22.358 600.678 1
 
1 0 0 0
0 1 0 0
0 0 1 0
-67.652 29.641 600.833 1
 
1 0 0 0
0 1 0 0
0 0 1 0
-67.767 37.276 600.941 1
 
1 0 0 0
0 1 0 0
0 0 1 0
-67.747 44.636 601.319 1
 
1 0 0 0
0 1 0 0
0 0 1 0
-67.817 52.381 601.496 1
 
1 0 0 0
0 1 0 0
0 0 1 0
-67.800 59.942 601.539 1
 
1 0 0 0
0 1 0 0
0 0 1 0
-67.010 66.941 601.787 1
 
1 0 0 0
0 1 0 0
0 0 1 0
-52.654 74.990 601.862 1
 
1 0 0 0
0 1 0 0
0 0 1 0
-37.674 74.795 601.604 1
 
1 0 0 0
0 1 0 0
0 0 1 0
-22.837 74.913 601.564 1
 
1 0 0 0
0 1 0 0
0 0 1 0
-7.821 74.966 601.413 1
 
1 0 0 0
0 1 0 0
0 0 1 0
7.255 74.965 601.332 1
 
1 0 0 0
0 1 0 0
0 0 1 0
22.331 74.975 601.131 1
 
1 0 0 0
0 1 0 0
0 0 1 0
37.729 74.909 600.75 1
 
1 0 0 0
0 1 0 0
0 0 1 0
52.656 74.908 600.851 1
 
1 0 0 0
0 1 0 0
0 0 1 0
75.511 52.358 600.255 1
 
1 0 0 0
0 1 0 0
0 0 1 0
75.469 37.430 599.924 1
 
1 0 0 0
0 1 0 0
0 0 1 0
75.490 22.469 599.819 1
 
1 0 0 0
0 1 0 0
0 0 1 0
73.045 6.146 599.463 1
 
1 0 0 0
0 1 0 0
0 0 1 0
75.357 -7.482 599.16 1
 
1 0 0 0
0 1 0 0
0 0 1 0
75.456 -22.499 598.775 1
 
1 0 0 0
0 1 0 0
0 0 1 0
75.402 -37.370 598.577 1
 
1 0 0 0
0 1 0 0
0 0 1 0
75.354 -52.383 598.238 1
 
1 0 0 0
0 1 0 0
0 0 1 0
52.834 -74.764 597.848 1
 
1 0 0 0
0 1 0 0
0 0 1 0
37.572 -74.789 597.858 1
 
1 0 0 0
0 1 0 0
0 0 1 0
22.746 -74.785 597.909 1
 
1 0 0 0
0 1 0 0
0 0 1 0
7.520 -74.850 598.246 1
 
1 0 0 0
0 1 0 0
0 0 1 0
-7.292 -74.842 598.181 1
 
1 0 0 0
0 1 0 0
0 0 1 0
-22.321 -74.862 598.266 1
 
1 0 0 0
0 1 0 0
0 0 1 0
-37.278 -74.936 598.585 1
 
1 0 0 0
0 1 0 0
0 0 1 0
-52.157 -74.942 598.588 1
 
1 0 0 0
0 1 0 0
0 0 1 0
-75.043 -52.417 599.412 1
 
1 0 0 0
0 1 0 0
0 0 1 0
-74.997 -37.634 599.572 1
 
1 0 0 0
0 1 0 0
0 0 1 0
-74.939 -22.680 599.735 1
 
1 0 0 0
0 1 0 0
0 0 1 0
-75.016 -7.752 600.237 1
 
1 0 0 0
0 1 0 0
0 0 1 0
-75.154 7.328 600.456 1
 
1 0 0 0
0 1 0 0
0 0 1 0
-75.246 22.365 600.784 1
 
1 0 0 0
0 1 0 0
0 0 1 0
-75.266 37.287 601.223 1
 
1 0 0 0
0 1 0 0
0 0 1 0
-75.146 52.407 601.403 1
}
 
 
