 modification of interaction from ../../Cont
  1  1  0.000  0.000  0.000  0.000  0.000  0.000  0.000  0.000  0.000  0.000 dx
  1  1  0.000  0.000  0.000  0.000  0.000  0.000  0.000  0.000  0.000  0.000 da
  1  1  0.000  0.000  0.000  0.000  0.000  0.000  0.000  0.000  0.000  0.000 dm
  1  2  0.000  0.000  0.000  0.000  0.000  0.000  0.000  0.000  0.000  0.000 dx
  1  2  0.000  0.000  0.000  0.000  0.000  0.000  0.000  0.000  0.000  0.000 da
  1  2  0.000  0.000  0.000  0.000  0.000  0.000  0.000  0.000  0.000  0.000 dm
  1  3  0.000  0.000  0.000  0.000  0.000  0.000  0.000  0.000  0.000  0.000 dx
  1  3  0.000  0.000  0.000  0.000  0.000  0.000  0.000  0.000  0.000  0.000 da
  1  3  0.000  0.000  0.000  0.000  0.000  0.000  0.000  0.000  0.000  0.000 dm
  1  4  0.000  0.000  0.000  0.000  0.000  0.000  0.000  0.000  0.000  0.000 dx
  1  4  0.000  0.000  0.000  0.000  0.000  0.000  0.000  0.000  0.000  0.000 da
  1  4  0.000  0.000  0.000  0.000  0.000  0.000  0.000  0.000  0.000  0.000 dm
  1  5  0.000  0.000  0.000  0.000  0.000  0.000  0.000  0.000  0.000  0.000 dx
  1  5  0.000  0.000  0.000  0.000  0.000  0.000  0.000  0.000  0.000  0.000 da
  1  5  0.000  0.000  0.000  0.000  0.000  0.000  0.000  0.000  0.000  0.000 dm
  1  6  0.000  0.000  0.000  0.000  0.000  0.000  0.000  0.000  0.000  0.000 dx
  1  6  0.000  0.000  0.000  0.000  0.000  0.000  0.000  0.000  0.000  0.000 da
  1  6  0.000  0.000  0.000  0.000  0.000  0.000  0.000  0.000  0.000  0.000 dm
  1  7  0.000  0.000  0.000  0.000  0.000  0.000  0.000  0.000  0.000  0.000 dx
  1  7  0.000  0.000  0.000  0.000  0.000  0.000  0.000  0.000  0.000  0.000 da
  1  7  0.000  0.000  0.000  0.000  0.000  0.000  0.000  0.000  0.000  0.000 dm
  1  8  0.000  0.000  0.000  0.000  0.000  0.000  0.000  0.000  0.000  0.000 dx
  1  8  0.000  0.000  0.000  0.000  0.000  0.000  0.000  0.000  0.000  0.000 da
  1  8  0.000  0.000  0.000  0.000  0.000  0.000  0.000  0.000  0.000  0.000 dm
  1  9  0.000  0.000  0.000  0.000  0.000  0.000  0.000  0.000  0.000  0.000 dx
  1  9  0.000  0.000  0.000  0.000  0.000  0.000  0.000  0.000  0.000  0.000 da
  1  9  0.000  0.000  0.000  0.000  0.000  0.000  0.000  0.000  0.000  0.000 dm
  1 10  0.000  0.000  0.000  0.000  0.000  0.000  0.000  0.000  0.000  0.000 dx
  1 10  0.000  0.000  0.000  0.000  0.000  0.000  0.000  0.000  0.000  0.000 da
  1 10  0.000  0.000  0.000  0.000  0.000  0.000  0.000  0.000  0.000  0.000 dm
  1 11  0.000  0.000  0.000  0.000  0.000  0.000  0.000  0.000  0.000  0.000 dx
  1 11  0.000  0.000  0.000  0.000  0.000  0.000  0.000  0.000  0.000  0.000 da
  1 11  0.000  0.000  0.000  0.000  0.000  0.000  0.000  0.000  0.000  0.000 dm
  1 12  0.000  0.000  0.000  0.000  0.000  0.000  0.000  0.000  0.000  0.000 dx
  1 12  0.000  0.000  0.000  0.000  0.000  0.000  0.000  0.000  0.000  0.000 da
  1 12  0.000  0.000  0.000  0.000  0.000  0.000  0.000  0.000  0.000  0.000 dm
  1 13  0.000  0.000  0.000  0.000  0.000  0.000  0.000  0.000  0.000  0.000 dx
  1 13  0.000  0.000  0.000  0.000  0.000  0.000  0.000  0.000  0.000  0.000 da
  1 13  0.000  0.000  0.000  0.000  0.000  0.000  0.000  0.000  0.000  0.000 dm
  1 14  0.000  0.000  0.000  0.000  0.000  0.000  0.000  0.000  0.000  0.000 dx
  1 14  0.000  0.000  0.000  0.000  0.000  0.000  0.000  0.000  0.000  0.000 da
  1 14  0.000  0.000  0.000  0.000  0.000  0.000  0.000  0.000  0.000  0.000 dm
  1 15  0.000  0.000  0.000  0.000  0.000  0.000  0.000  0.000  0.000  0.000 dx
  1 15  0.000  0.000  0.000  0.000  0.000  0.000  0.000  0.000  0.000  0.000 da
  1 15  0.000  0.000  0.000  0.000  0.000  0.000  0.000  0.000  0.000  0.000 dm
  1 16  0.000  0.000  0.000  0.000  0.000  0.000  0.000  0.000  0.000  0.000 dx
  1 16  0.000  0.000  0.000  0.000  0.000  0.000  0.000  0.000  0.000  0.000 da
  1 16  0.000  0.000  0.000  0.000  0.000  0.000  0.000  0.000  0.000  0.000 dm
  2  1  0.000  0.000  0.000  0.000  0.000  0.000  0.000  0.000  0.000  0.000 dx
  2  1  0.000  0.000  0.000  0.000  0.000  0.000  0.000  0.000  0.000  0.000 da
  2  1  0.000  0.000  0.000  0.000  0.000  0.000  0.000  0.000  0.000  0.000 dm
  2  2  0.000  0.000  0.000  0.000  0.000  0.000  0.000  0.000  0.000  0.000 dx
  2  2  0.000  0.000  0.000  0.000  0.000  0.000  0.000  0.000  0.000  0.000 da
  2  2  0.000  0.000  0.000  0.000  0.000  0.000  0.000  0.000  0.000  0.000 dm
  2  3  0.000  0.000  0.000  0.000  0.000  0.000  0.000  0.000  0.000  0.000 dx
  2  3  0.000  0.000  0.000  0.000  0.000  0.000  0.000  0.000  0.000  0.000 da
  2  3  0.000  0.000  0.000  0.000  0.000  0.000  0.000  0.000  0.000  0.000 dm
  2  4  0.000  0.000  0.000  0.000  0.000  0.000  0.000  0.000  0.000  0.000 dx
  2  4  0.000  0.000  0.000  0.000  0.000  0.000  0.000  0.000  0.000  0.000 da
  2  4  0.000  0.000  0.000  0.000  0.000  0.000  0.000  0.000  0.000  0.000 dm
  2  5  0.000  0.000  0.000  0.000  0.000  0.000  0.000  0.000  0.000  0.000 dx
  2  5  0.000  0.000  0.000  0.000  0.000  0.000  0.000  0.000  0.000  0.000 da
  2  5  0.000  0.000  0.000  0.000  0.000  0.000  0.000  0.000  0.000  0.000 dm
  2  6  0.000  0.000  0.000  0.000  0.000  0.000  0.000  0.000  0.000  0.000 dx
  2  6  0.000  0.000  0.000  0.000  0.000  0.000  0.000  0.000  0.000  0.000 da
  2  6  0.000  0.000  0.000  0.000  0.000  0.000  0.000  0.000  0.000  0.000 dm
  2  7  0.000  0.000  0.000  0.000  0.000  0.000  0.000  0.000  0.000  0.000 dx
  2  7  0.000  0.000  0.000  0.000  0.000  0.000  0.000  0.000  0.000  0.000 da
  2  7  0.000  0.000  0.000  0.000  0.000  0.000  0.000  0.000  0.000  0.000 dm
  2  8  0.000  0.000  0.000  0.000  0.000  0.000  0.000  0.000  0.000  0.000 dx
  2  8  0.000  0.000  0.000  0.000  0.000  0.000  0.000  0.000  0.000  0.000 da
  2  8  0.000  0.000  0.000  0.000  0.000  0.000  0.000  0.000  0.000  0.000 dm
  2  9  0.000  0.000  0.000  0.000  0.000  0.000  0.000  0.000  0.000  0.000 dx
  2  9  0.000  0.000  0.000  0.000  0.000  0.000  0.000  0.000  0.000  0.000 da
  2  9  0.000  0.000  0.000  0.000  0.000  0.000  0.000  0.000  0.000  0.000 dm
  2 10  0.000  0.000  0.000  0.000  0.000  0.000  0.000  0.000  0.000  0.000 dx
  2 10  0.000  0.000  0.000  0.000  0.000  0.000  0.000  0.000  0.000  0.000 da
  2 10  0.000  0.000  0.000  0.000  0.000  0.000  0.000  0.000  0.000  0.000 dm
  2 11  0.000  0.000  0.000  0.000  0.000  0.000  0.000  0.000  0.000  0.000 dx
  2 11  0.000  0.000  0.000  0.000  0.000  0.000  0.000  0.000  0.000  0.000 da
  2 11  0.000  0.000  0.000  0.000  0.000  0.000  0.000  0.000  0.000  0.000 dm
  2 12  0.000  0.000  0.000  0.000  0.000  0.000  0.000  0.000  0.000  0.000 dx
  2 12  0.000  0.000  0.000  0.000  0.000  0.000  0.000  0.000  0.000  0.000 da
  2 12  0.000  0.000  0.000  0.000  0.000  0.000  0.000  0.000  0.000  0.000 dm
  2 13  0.000  0.000  0.000  0.000  0.000  0.000  0.000  0.000  0.000  0.000 dx
  2 13  0.000  0.000  0.000  0.000  0.000  0.000  0.000  0.000  0.000  0.000 da
  2 13  0.000  0.000  0.000  0.000  0.000  0.000  0.000  0.000  0.000  0.000 dm
  2 14  0.000  0.000  0.000  0.000  0.000  0.000  0.000  0.000  0.000  0.000 dx
  2 14  0.000  0.000  0.000  0.000  0.000  0.000  0.000  0.000  0.000  0.000 da
  2 14  0.000  0.000  0.000  0.000  0.000  0.000  0.000  0.000  0.000  0.000 dm
  2 15  0.000  0.000  0.000  0.000  0.000  0.000  0.000  0.000  0.000  0.000 dx
  2 15  0.000  0.000  0.000  0.000  0.000  0.000  0.000  0.000  0.000  0.000 da
  2 15  0.000  0.000  0.000  0.000  0.000  0.000  0.000  0.000  0.000  0.000 dm
  2 16  0.000  0.000  0.000  0.000  0.000  0.000  0.000  0.000  0.000  0.000 dx
  2 16  0.000  0.000  0.000  0.000  0.000  0.000  0.000  0.000  0.000  0.000 da
  2 16  0.000  0.000  0.000  0.000  0.000  0.000  0.000  0.000  0.000  0.000 dm
  3  1  0.000  0.000  0.000  0.000  0.000  0.000  0.000  0.000  0.000  0.000 dx
  3  1  0.000  0.000  0.000  0.000  0.000  0.000  0.000  0.000  0.000  0.000 da
  3  1  0.000  0.000  0.000  0.000  0.000  0.000  0.000  0.000  0.000  0.000 dm
  3  2  0.000  0.000  0.000  0.000  0.000  0.000  0.000  0.000  0.000  0.000 dx
  3  2  0.000  0.000  0.000  0.000  0.000  0.000  0.000  0.000  0.000  0.000 da
  3  2  0.000  0.000  0.000  0.000  0.000  0.000  0.000  0.000  0.000  0.000 dm
  3  3  0.000  0.000  0.000  0.000  0.000  0.000  0.000  0.000  0.000  0.000 dx
  3  3  0.000  0.000  0.000  0.000  0.000  0.000  0.000  0.000  0.000  0.000 da
  3  3  0.000  0.000  0.000  0.000  0.000  0.000  0.000  0.000  0.000  0.000 dm
  3  4  0.000  0.000  0.000  0.000  0.000  0.000  0.000  0.000  0.000  0.000 dx
  3  4  0.000  0.000  0.000  0.000  0.000  0.000  0.000  0.000  0.000  0.000 da
  3  4  0.000  0.000  0.000  0.000  0.000  0.000  0.000  0.000  0.000  0.000 dm
  3  5  0.000  0.000  0.000  0.000  0.000  0.000  0.000  0.000  0.000  0.000 dx
  3  5  0.000  0.000  0.000  0.000  0.000  0.000  0.000  0.000  0.000  0.000 da
  3  5  0.000  0.000  0.000  0.000  0.000  0.000  0.000  0.000  0.000  0.000 dm
  3  6  0.000  0.000  0.000  0.000  0.000  0.000  0.000  0.000  0.000  0.000 dx
  3  6  0.000  0.000  0.000  0.000  0.000  0.000  0.000  0.000  0.000  0.000 da
  3  6  0.000  0.000  0.000  0.000  0.000  0.000  0.000  0.000  0.000  0.000 dm
  3  7  0.000  0.000  0.000  0.000  0.000  0.000  0.000  0.000  0.000  0.000 dx
  3  7  0.000  0.000  0.000  0.000  0.000  0.000  0.000  0.000  0.000  0.000 da
  3  7  0.000  0.000  0.000  0.000  0.000  0.000  0.000  0.000  0.000  0.000 dm
  3  8  0.000  0.000  0.000  0.000  0.000  0.000  0.000  0.000  0.000  0.000 dx
  3  8  0.000  0.000  0.000  0.000  0.000  0.000  0.000  0.000  0.000  0.000 da
  3  8  0.000  0.000  0.000  0.000  0.000  0.000  0.000  0.000  0.000  0.000 dm
  3  9  0.000  0.000  0.000  0.000  0.000  0.000  0.000  0.000  0.000  0.000 dx
  3  9  0.000  0.000  0.000  0.000  0.000  0.000  0.000  0.000  0.000  0.000 da
  3  9  0.000  0.000  0.000  0.000  0.000  0.000  0.000  0.000  0.000  0.000 dm
  3 10  0.000  0.000  0.000  0.000  0.000  0.000  0.000  0.000  0.000  0.000 dx
  3 10  0.000  0.000  0.000  0.000  0.000  0.000  0.000  0.000  0.000  0.000 da
  3 10  0.000  0.000  0.000  0.000  0.000  0.000  0.000  0.000  0.000  0.000 dm
  3 11  0.000  0.000  0.000  0.000  0.000  0.000  0.000  0.000  0.000  0.000 dx
  3 11  0.000  0.000  0.000  0.000  0.000  0.000  0.000  0.000  0.000  0.000 da
  3 11  0.000  0.000  0.000  0.000  0.000  0.000  0.000  0.000  0.000  0.000 dm
  3 12  0.000  0.000  0.000  0.000  0.000  0.000  0.000  0.000  0.000  0.000 dx
  3 12  0.000  0.000  0.000  0.000  0.000  0.000  0.000  0.000  0.000  0.000 da
  3 12  0.000  0.000  0.000  0.000  0.000  0.000  0.000  0.000  0.000  0.000 dm
  3 13  0.000  0.000  0.000  0.000  0.000  0.000  0.000  0.000  0.000  0.000 dx
  3 13  0.000  0.000  0.000  0.000  0.000  0.000  0.000  0.000  0.000  0.000 da
  3 13  0.000  0.000  0.000  0.000  0.000  0.000  0.000  0.000  0.000  0.000 dm
  3 14  0.000  0.000  0.000  0.000  0.000  0.000  0.000  0.000  0.000  0.000 dx
  3 14  0.000  0.000  0.000  0.000  0.000  0.000  0.000  0.000  0.000  0.000 da
  3 14  0.000  0.000  0.000  0.000  0.000  0.000  0.000  0.000  0.000  0.000 dm
  3 15  0.000  0.000  0.000  0.000  0.000  0.000  0.000  0.000  0.000  0.000 dx
  3 15  0.000  0.000  0.000  0.000  0.000  0.000  0.000  0.000  0.000  0.000 da
  3 15  0.000  0.000  0.000  0.000  0.000  0.000  0.000  0.000  0.000  0.000 dm
  3 16  0.000  0.000  0.000  0.000  0.000  0.000  0.000  0.000  0.000  0.000 dx
  3 16  0.000  0.000  0.000  0.000  0.000  0.000  0.000  0.000  0.000  0.000 da
  3 16  0.000  0.000  0.000  0.000  0.000  0.000  0.000  0.000  0.000  0.000 dm
  4  1  0.000  0.000  0.000  0.000  0.000  0.000  0.000  0.000  0.000  0.000 dx
  4  1  0.000  0.000  0.000  0.000  0.000  0.000  0.000  0.000  0.000  0.000 da
  4  1  0.000  0.000  0.000  0.000  0.000  0.000  0.000  0.000  0.000  0.000 dm
  4  2  0.000  0.000  0.000  0.000  0.000  0.000  0.000  0.000  0.000  0.000 dx
  4  2  0.000  0.000  0.000  0.000  0.000  0.000  0.000  0.000  0.000  0.000 da
  4  2  0.000  0.000  0.000  0.000  0.000  0.000  0.000  0.000  0.000  0.000 dm
  4  3  0.000  0.000  0.000  0.000  0.000  0.000  0.000  0.000  0.000  0.000 dx
  4  3  0.000  0.000  0.000  0.000  0.000  0.000  0.000  0.000  0.000  0.000 da
  4  3  0.000  0.000  0.000  0.000  0.000  0.000  0.000  0.000  0.000  0.000 dm
  4  4  0.000  0.000  0.000  0.000  0.000  0.000  0.000  0.000  0.000  0.000 dx
  4  4  0.000  0.000  0.000  0.000  0.000  0.000  0.000  0.000  0.000  0.000 da
  4  4  0.000  0.000  0.000  0.000  0.000  0.000  0.000  0.000  0.000  0.000 dm
  4  5  0.000  0.000  0.000  0.000  0.000  0.000  0.000  0.000  0.000  0.000 dx
  4  5  0.000  0.000  0.000  0.000  0.000  0.000  0.000  0.000  0.000  0.000 da
  4  5  0.000  0.000  0.000  0.000  0.000  0.000  0.000  0.000  0.000  0.000 dm
  4  6  0.000  0.000  0.000  0.000  0.000  0.000  0.000  0.000  0.000  0.000 dx
  4  6  0.000  0.000  0.000  0.000  0.000  0.000  0.000  0.000  0.000  0.000 da
  4  6  0.000  0.000  0.000  0.000  0.000  0.000  0.000  0.000  0.000  0.000 dm
  4  7  0.000  0.000  0.000  0.000  0.000  0.000  0.000  0.000  0.000  0.000 dx
  4  7  0.000  0.000  0.000  0.000  0.000  0.000  0.000  0.000  0.000  0.000 da
  4  7  0.000  0.000  0.000  0.000  0.000  0.000  0.000  0.000  0.000  0.000 dm
  4  8  0.000  0.000  0.000  0.000  0.000  0.000  0.000  0.000  0.000  0.000 dx
  4  8  0.000  0.000  0.000  0.000  0.000  0.000  0.000  0.000  0.000  0.000 da
  4  8  0.000  0.000  0.000  0.000  0.000  0.000  0.000  0.000  0.000  0.000 dm
  4  9  0.000  0.000  0.000  0.000  0.000  0.000  0.000  0.000  0.000  0.000 dx
  4  9  0.000  0.000  0.000  0.000  0.000  0.000  0.000  0.000  0.000  0.000 da
  4  9  0.000  0.000  0.000  0.000  0.000  0.000  0.000  0.000  0.000  0.000 dm
  4 10  0.000  0.000  0.000  0.000  0.000  0.000  0.000  0.000  0.000  0.000 dx
  4 10  0.000  0.000  0.000  0.000  0.000  0.000  0.000  0.000  0.000  0.000 da
  4 10  0.000  0.000  0.000  0.000  0.000  0.000  0.000  0.000  0.000  0.000 dm
  4 11  0.000  0.000  0.000  0.000  0.000  0.000  0.000  0.000  0.000  0.000 dx
  4 11  0.000  0.000  0.000  0.000  0.000  0.000  0.000  0.000  0.000  0.000 da
  4 11  0.000  0.000  0.000  0.000  0.000  0.000  0.000  0.000  0.000  0.000 dm
  4 12  0.000  0.000  0.000  0.000  0.000  0.000  0.000  0.000  0.000  0.000 dx
  4 12  0.000  0.000  0.000  0.000  0.000  0.000  0.000  0.000  0.000  0.000 da
  4 12  0.000  0.000  0.000  0.000  0.000  0.000  0.000  0.000  0.000  0.000 dm
  4 13  0.000  0.000  0.000  0.000  0.000  0.000  0.000  0.000  0.000  0.000 dx
  4 13  0.000  0.000  0.000  0.000  0.000  0.000  0.000  0.000  0.000  0.000 da
  4 13  0.000  0.000  0.000  0.000  0.000  0.000  0.000  0.000  0.000  0.000 dm
  4 14  0.000  0.000  0.000  0.000  0.000  0.000  0.000  0.000  0.000  0.000 dx
  4 14  0.000  0.000  0.000  0.000  0.000  0.000  0.000  0.000  0.000  0.000 da
  4 14  0.000  0.000  0.000  0.000  0.000  0.000  0.000  0.000  0.000  0.000 dm
  4 15  0.000  0.000  0.000  0.000  0.000  0.000  0.000  0.000  0.000  0.000 dx
  4 15  0.000  0.000  0.000  0.000  0.000  0.000  0.000  0.000  0.000  0.000 da
  4 15  0.000  0.000  0.000  0.000  0.000  0.000  0.000  0.000  0.000  0.000 dm
  4 16  0.000  0.000  0.000  0.000  0.000  0.000  0.000  0.000  0.000  0.000 dx
  4 16  0.000  0.000  0.000  0.000  0.000  0.000  0.000  0.000  0.000  0.000 da
  4 16  0.000  0.000  0.000  0.000  0.000  0.000  0.000  0.000  0.000  0.000 dm
  5  1  0.000  0.000  0.000  0.000  0.000  0.000  0.000  0.000  0.000  0.000 dx
  5  1  0.000  0.000  0.000  0.000  0.000  0.000  0.000  0.000  0.000  0.000 da
  5  1  0.000  0.000  0.000  0.000  0.000  0.000  0.000  0.000  0.000  0.000 dm
  5  2  0.000  0.000  0.000  0.000  0.000  0.000  0.000  0.000  0.000  0.000 dx
  5  2  0.000  0.000  0.000  0.000  0.000  0.000  0.000  0.000  0.000  0.000 da
  5  2  0.000  0.000  0.000  0.000  0.000  0.000  0.000  0.000  0.000  0.000 dm
  5  3  0.000  0.000  0.000  0.000  0.000  0.000  0.000  0.000  0.000  0.000 dx
  5  3  0.000  0.000  0.000  0.000  0.000  0.000  0.000  0.000  0.000  0.000 da
  5  3  0.000  0.000  0.000  0.000  0.000  0.000  0.000  0.000  0.000  0.000 dm
  5  4  0.000  0.000  0.000  0.000  0.000  0.000  0.000  0.000  0.000  0.000 dx
  5  4  0.000  0.000  0.000  0.000  0.000  0.000  0.000  0.000  0.000  0.000 da
  5  4  0.000  0.000  0.000  0.000  0.000  0.000  0.000  0.000  0.000  0.000 dm
  5  5  0.000  0.000  0.000  0.000  0.000  0.000  0.000  0.000  0.000  0.000 dx
  5  5  0.000  0.000  0.000  0.000  0.000  0.000  0.000  0.000  0.000  0.000 da
  5  5  0.000  0.000  0.000  0.000  0.000  0.000  0.000  0.000  0.000  0.000 dm
  5  6  0.000  0.000  0.000  0.000  0.000  0.000  0.000  0.000  0.000  0.000 dx
  5  6  0.000  0.000  0.000  0.000  0.000  0.000  0.000  0.000  0.000  0.000 da
  5  6  0.000  0.000  0.000  0.000  0.000  0.000  0.000  0.000  0.000  0.000 dm
  5  7  0.000  0.000  0.000  0.000  0.000  0.000  0.000  0.000  0.000  0.000 dx
  5  7  0.000  0.000  0.000  0.000  0.000  0.000  0.000  0.000  0.000  0.000 da
  5  7  0.000  0.000  0.000  0.000  0.000  0.000  0.000  0.000  0.000  0.000 dm
  5  8  0.000  0.000  0.000  0.000  0.000  0.000  0.000  0.000  0.000  0.000 dx
  5  8  0.000  0.000  0.000  0.000  0.000  0.000  0.000  0.000  0.000  0.000 da
  5  8  0.000  0.000  0.000  0.000  0.000  0.000  0.000  0.000  0.000  0.000 dm
  5  9  0.000  0.000  0.000  0.000  0.000  0.000  0.000  0.000  0.000  0.000 dx
  5  9  0.000  0.000  0.000  0.000  0.000  0.000  0.000  0.000  0.000  0.000 da
  5  9  0.000  0.000  0.000  0.000  0.000  0.000  0.000  0.000  0.000  0.000 dm
  5 10  0.000  0.000  0.000  0.000  0.000  0.000  0.000  0.000  0.000  0.000 dx
  5 10  0.000  0.000  0.000  0.000  0.000  0.000  0.000  0.000  0.000  0.000 da
  5 10  0.000  0.000  0.000  0.000  0.000  0.000  0.000  0.000  0.000  0.000 dm
  5 11  0.000  0.000  0.000  0.000  0.000  0.000  0.000  0.000  0.000  0.000 dx
  5 11  0.000  0.000  0.000  0.000  0.000  0.000  0.000  0.000  0.000  0.000 da
  5 11  0.000  0.000  0.000  0.000  0.000  0.000  0.000  0.000  0.000  0.000 dm
  5 12  0.000  0.000  0.000  0.000  0.000  0.000  0.000  0.000  0.000  0.000 dx
  5 12  0.000  0.000  0.000  0.000  0.000  0.000  0.000  0.000  0.000  0.000 da
  5 12  0.000  0.000  0.000  0.000  0.000  0.000  0.000  0.000  0.000  0.000 dm
  5 13  0.000  0.000  0.000  0.000  0.000  0.000  0.000  0.000  0.000  0.000 dx
  5 13  0.000  0.000  0.000  0.000  0.000  0.000  0.000  0.000  0.000  0.000 da
  5 13  0.000  0.000  0.000  0.000  0.000  0.000  0.000  0.000  0.000  0.000 dm
  5 14  0.000  0.000  0.000  0.000  0.000  0.000  0.000  0.000  0.000  0.000 dx
  5 14  0.000  0.000  0.000  0.000  0.000  0.000  0.000  0.000  0.000  0.000 da
  5 14  0.000  0.000  0.000  0.000  0.000  0.000  0.000  0.000  0.000  0.000 dm
  5 15  0.000  0.000  0.000  0.000  0.000  0.000  0.000  0.000  0.000  0.000 dx
  5 15  0.000  0.000  0.000  0.000  0.000  0.000  0.000  0.000  0.000  0.000 da
  5 15  0.000  0.000  0.000  0.000  0.000  0.000  0.000  0.000  0.000  0.000 dm
  5 16  0.000  0.000  0.000  0.000  0.000  0.000  0.000  0.000  0.000  0.000 dx
  5 16  0.000  0.000  0.000  0.000  0.000  0.000  0.000  0.000  0.000  0.000 da
  5 16  0.000  0.000  0.000  0.000  0.000  0.000  0.000  0.000  0.000  0.000 dm
  6  1  0.125  0.100  0.000  0.000  0.000  0.000  0.000  0.000  0.000  0.000 dx
  6  1  0.387  0.392  0.000  0.000  0.000  0.000  0.000  0.000  0.000  0.000 da
  6  1  0.000  0.000  0.000  0.000  0.000  0.000  0.000  0.000  0.000  0.000 dm
  6  2  0.125  0.100  0.150  0.000  0.000  0.000  0.000  0.000  0.000  0.000 dx
  6  2  0.438  0.386  0.581  0.000  0.000  0.000  0.000  0.000  0.000  0.000 da
  6  2  0.000  0.000  0.000  0.000  0.000  0.000  0.000  0.000  0.000  0.000 dm
  6  3  0.125  0.100  0.150  0.000  0.000  0.000  0.000  0.000  0.000  0.000 dx
  6  3  0.491  0.429  0.628  0.000  0.000  0.000  0.000  0.000  0.000  0.000 da
  6  3  0.000  0.000  0.000  0.000  0.000  0.000 -0.005  0.000 -0.005  0.000 dm
  6  4  0.125  0.100  0.150  0.000  0.000  0.000  0.000  0.000  0.000  0.000 dx
  6  4  0.744  0.588  0.868  0.000  0.000  0.000  0.000  0.000  0.000  0.000 da
  6  4  0.000  0.000  0.000  0.000  0.000  0.000 -0.031  0.000 -0.031  0.000 dm
  6  5  0.125  0.100  0.150  0.000  0.000  0.000  0.000  0.000  0.000  0.000 dx
  6  5  0.454  0.358  0.547  0.000  0.000  0.000  0.000  0.000  0.000  0.000 da
  6  5  0.000  0.000  0.000  0.000  0.000  0.000 -0.044  0.000 -0.044  0.000 dm
  6  6  0.050  0.000  0.100  0.000  0.000  0.050  0.000  0.000  0.000  0.000 dx
  6  6  0.118  0.000  0.237  0.000  0.000  0.140  0.000  0.000  0.000  0.000 da
  6  6  0.000  0.000  0.000  0.000  0.000  0.000 -0.034  0.000 -0.034  0.000 dm
  6  7 -0.013  0.000 -0.025  0.000  0.000 -0.013  0.000  0.000  0.000  0.000 dx
  6  7 -0.025  0.000 -0.052  0.000  0.000 -0.041  0.000  0.000  0.000  0.000 da
  6  7  0.000  0.000  0.000  0.000  0.000  0.000  0.013  0.000  0.013  0.000 dm
  6  8  0.043  0.111 -0.025  0.111  0.000 -0.013  0.000  0.000  0.000  0.000 dx
  6  8  0.077  0.202 -0.046  0.277  0.000 -0.032  0.000  0.000  0.000  0.000 da
  6  8  0.000  0.000  0.000  0.000  0.000  0.000 -0.063  0.000 -0.063  0.000 dm
  6  9  0.106  0.166  0.046  0.166  0.000  0.023  0.000  0.000  0.000  0.000 dx
  6  9  0.171  0.270  0.076  0.339  0.000  0.049  0.000  0.000  0.000  0.000 da
  6  9  0.000  0.000  0.000  0.000  0.000  0.000 -0.150  0.000 -0.150  0.000 dm
  6 10  0.170  0.222  0.118  0.222  0.000  0.059  0.000  0.000  0.000  0.000 dx
  6 10  0.246  0.325  0.174  0.384  0.000  0.105  0.000  0.000  0.000  0.000 da
  6 10  0.000  0.000  0.000  0.000  0.000  0.000 -0.242  0.000 -0.242  0.000 dm
  6 11  0.212  0.277  0.147  0.277  0.000  0.073  0.000  0.000  0.000  0.000 dx
  6 11  0.283  0.373  0.199  0.421  0.000  0.114  0.000  0.000  0.000  0.000 da
  6 11  0.000  0.000  0.000  0.000  0.000  0.000 -0.305  0.000 -0.305  0.000 dm
  6 12  0.254  0.332  0.176  0.332  0.000  0.088  0.000  0.000  0.000  0.000 dx
  6 12  0.319  0.420  0.224  0.459  0.000  0.124  0.000  0.000  0.000  0.000 da
  6 12  0.000  0.000  0.000  0.000  0.000  0.000 -0.366  0.000 -0.366  0.000 dm
  6 13  0.297  0.388  0.206  0.388  0.000  0.103  0.000  0.000  0.000  0.000 dx
  6 13  0.355  0.467  0.250  0.499  0.000  0.134  0.000  0.000  0.000  0.000 da
  6 13  0.000  0.000  0.000  0.000  0.000  0.000 -0.425  0.000 -0.425  0.000 dm
  6 14  0.339  0.443  0.235  0.443  0.000  0.118  0.000  0.000  0.000  0.000 dx
  6 14  0.392  0.515  0.275  0.542  0.000  0.145  0.000  0.000  0.000  0.000 da
  6 14  0.000  0.000  0.000  0.000  0.000  0.000 -0.490  0.000 -0.490  0.000 dm
  6 15  0.382  0.499  0.265  0.499  0.000  0.132  0.000  0.000  0.000  0.000 dx
  6 15  0.429  0.564  0.301  0.586  0.000  0.157  0.000  0.000  0.000  0.000 da
  6 15  0.000  0.000  0.000  0.000  0.000  0.000 -0.559  0.000 -0.559  0.000 dm
  6 16  0.424  0.554  0.294  0.554  0.000  0.147  0.000  0.000  0.000  0.000 dx
  6 16  0.467  0.612  0.327  0.631  0.000  0.169  0.000  0.000  0.000  0.000 da
  6 16  0.000  0.000  0.000  0.000  0.000  0.000 -0.630  0.000 -0.630  0.000 dm
  7  1  0.000  0.000  0.000  0.000  0.000  0.000  0.000  0.000  0.000  0.000 dx
  7  1  0.000  0.000  0.000  0.000  0.000  0.000  0.000  0.000  0.000  0.000 da
  7  1  0.000  0.000  0.000  0.000  0.000  0.000  0.000  0.000  0.000  0.000 dm
  7  2  0.000  0.000  0.000  0.000  0.000  0.000  0.000  0.000  0.000  0.000 dx
  7  2  0.000  0.000  0.000  0.000  0.000  0.000  0.000  0.000  0.000  0.000 da
  7  2  0.000  0.000  0.000  0.000  0.000  0.000  0.000  0.000  0.000  0.000 dm
  7  3  0.000  0.000  0.000  0.000  0.000  0.000  0.000  0.000  0.000  0.000 dx
  7  3  0.000  0.000  0.000  0.000  0.000  0.000  0.000  0.000  0.000  0.000 da
  7  3  0.000  0.000  0.000  0.000  0.000  0.000  0.000  0.000  0.000  0.000 dm
  7  4  0.000  0.000  0.000  0.000  0.000  0.000  0.000  0.000  0.000  0.000 dx
  7  4  0.000  0.000  0.000  0.000  0.000  0.000  0.000  0.000  0.000  0.000 da
  7  4  0.000  0.000  0.000  0.000  0.000  0.000  0.000  0.000  0.000  0.000 dm
  7  5  0.000  0.000  0.000  0.000  0.000  0.000  0.000  0.000  0.000  0.000 dx
  7  5  0.000  0.000  0.000  0.000  0.000  0.000  0.000  0.000  0.000  0.000 da
  7  5  0.000  0.000  0.000  0.000  0.000  0.000  0.000  0.000  0.000  0.000 dm
  7  6  0.000  0.000  0.000  0.000  0.000  0.000  0.000  0.000  0.000  0.000 dx
  7  6  0.000  0.000  0.000  0.000  0.000  0.000  0.000  0.000  0.000  0.000 da
  7  6  0.000  0.000  0.000  0.000  0.000  0.000  0.000  0.000  0.000  0.000 dm
  7  7  0.000  0.000  0.000  0.000  0.000  0.000  0.000  0.000  0.000  0.000 dx
  7  7  0.000  0.000  0.000  0.000  0.000  0.000  0.000  0.000  0.000  0.000 da
  7  7  0.000  0.000  0.000  0.000  0.000  0.000  0.000  0.000  0.000  0.000 dm
  7  8  0.000  0.000  0.000  0.000  0.000  0.000  0.000  0.000  0.000  0.000 dx
  7  8  0.000  0.000  0.000  0.000  0.000  0.000  0.000  0.000  0.000  0.000 da
  7  8  0.000  0.000  0.000  0.000  0.000  0.000  0.000  0.000  0.000  0.000 dm
  7  9  0.000  0.000  0.000  0.000  0.000  0.000  0.000  0.000  0.000  0.000 dx
  7  9  0.000  0.000  0.000  0.000  0.000  0.000  0.000  0.000  0.000  0.000 da
  7  9  0.000  0.000  0.000  0.000  0.000  0.000  0.000  0.000  0.000  0.000 dm
  7 10  0.000  0.000  0.000  0.000  0.000  0.000  0.000  0.000  0.000  0.000 dx
  7 10  0.000  0.000  0.000  0.000  0.000  0.000  0.000  0.000  0.000  0.000 da
  7 10  0.000  0.000  0.000  0.000  0.000  0.000  0.000  0.000  0.000  0.000 dm
  7 11  0.000  0.000  0.000  0.000  0.000  0.000  0.000  0.000  0.000  0.000 dx
  7 11  0.000  0.000  0.000  0.000  0.000  0.000  0.000  0.000  0.000  0.000 da
  7 11  0.000  0.000  0.000  0.000  0.000  0.000  0.000  0.000  0.000  0.000 dm
  7 12  0.000  0.000  0.000  0.000  0.000  0.000  0.000  0.000  0.000  0.000 dx
  7 12  0.000  0.000  0.000  0.000  0.000  0.000  0.000  0.000  0.000  0.000 da
  7 12  0.000  0.000  0.000  0.000  0.000  0.000  0.000  0.000  0.000  0.000 dm
  7 13  0.000  0.000  0.000  0.000  0.000  0.000  0.000  0.000  0.000  0.000 dx
  7 13  0.000  0.000  0.000  0.000  0.000  0.000  0.000  0.000  0.000  0.000 da
  7 13  0.000  0.000  0.000  0.000  0.000  0.000  0.000  0.000  0.000  0.000 dm
  7 14  0.000  0.000  0.000  0.000  0.000  0.000  0.000  0.000  0.000  0.000 dx
  7 14  0.000  0.000  0.000  0.000  0.000  0.000  0.000  0.000  0.000  0.000 da
  7 14  0.000  0.000  0.000  0.000  0.000  0.000  0.000  0.000  0.000  0.000 dm
  7 15  0.000  0.000  0.000  0.000  0.000  0.000  0.000  0.000  0.000  0.000 dx
  7 15  0.000  0.000  0.000  0.000  0.000  0.000  0.000  0.000  0.000  0.000 da
  7 15  0.000  0.000  0.000  0.000  0.000  0.000  0.000  0.000  0.000  0.000 dm
  7 16  0.000  0.000  0.000  0.000  0.000  0.000  0.000  0.000  0.000  0.000 dx
  7 16  0.000  0.000  0.000  0.000  0.000  0.000  0.000  0.000  0.000  0.000 da
  7 16  0.000  0.000  0.000  0.000  0.000  0.000  0.000  0.000  0.000  0.000 dm
  8  1  0.125  0.000  0.100  0.000  0.000  0.000  0.000  0.000  0.000  0.000 dx
  8  1  0.385  0.000  0.377  0.000  0.000  0.000  0.000  0.000  0.000  0.000 da
  8  1  0.000  0.000  0.000  0.000  0.000  0.000  0.000  0.000  0.000  0.000 dm
  8  2  0.125  0.150  0.100  0.000  0.000  0.000  0.000  0.000  0.000  0.000 dx
  8  2  0.427  0.587  0.377  0.000  0.000  0.000  0.000  0.000  0.000  0.000 da
  8  2  0.000  0.000  0.000  0.000  0.000  0.000  0.000  0.000  0.000  0.000 dm
  8  3  0.125  0.150  0.100  0.000  0.000  0.000  0.000  0.000  0.000  0.000 dx
  8  3  0.485  0.649  0.432  0.000  0.000  0.000  0.000  0.000  0.000  0.000 da
  8  3  0.000  0.000  0.000  0.000  0.000  0.000 -0.005  0.000 -0.005  0.000 dm
  8  4  0.125  0.150  0.100  0.000  0.000  0.000  0.000  0.000  0.000  0.000 dx
  8  4  0.763  0.865  0.566  0.000  0.000  0.000  0.000  0.000  0.000  0.000 da
  8  4  0.000  0.000  0.000  0.000  0.000  0.000 -0.033  0.000 -0.033  0.000 dm
  8  5  0.125  0.150  0.100  0.000  0.000  0.000  0.000  0.000  0.000  0.000 dx
  8  5  0.447  0.550  0.359  0.000  0.000  0.000  0.000  0.000  0.000  0.000 da
  8  5  0.000  0.000  0.000  0.000  0.000  0.000 -0.044  0.000 -0.044  0.000 dm
  8  6  0.050  0.100  0.000  0.100  0.000  0.000  0.000  0.000  0.000  0.000 dx
  8  6  0.118  0.240  0.000  0.280  0.000  0.000  0.000  0.000  0.000  0.000 da
  8  6  0.000  0.000  0.000  0.000  0.000  0.000 -0.034  0.000 -0.034  0.000 dm
  8  7 -0.013 -0.025  0.000 -0.025  0.000  0.000  0.000  0.000  0.000  0.000 dx
  8  7 -0.025 -0.052  0.000 -0.082  0.000  0.000  0.000  0.000  0.000  0.000 da
  8  7  0.000  0.000  0.000  0.000  0.000  0.000  0.013  0.000  0.013  0.000 dm
  8  8  0.043 -0.025  0.111 -0.025  0.000  0.055  0.000  0.000  0.000  0.000 dx
  8  8  0.077 -0.046  0.200 -0.063  0.000  0.142  0.000  0.000  0.000  0.000 da
  8  8  0.000  0.000  0.000  0.000  0.000  0.000 -0.061  0.000 -0.061  0.000 dm
  8  9  0.106  0.046  0.166  0.046  0.000  0.083  0.000  0.000  0.000  0.000 dx
  8  9  0.170  0.076  0.268  0.096  0.000  0.175  0.000  0.000  0.000  0.000 da
  8  9  0.000  0.000  0.000  0.000  0.000  0.000 -0.147  0.000 -0.147  0.000 dm
  8 10  0.170  0.118  0.222  0.118  0.000  0.111  0.000  0.000  0.000  0.000 dx
  8 10  0.246  0.174  0.323  0.205  0.000  0.196  0.000  0.000  0.000  0.000 da
  8 10  0.000  0.000  0.000  0.000  0.000  0.000 -0.235  0.000 -0.235  0.000 dm
  8 11  0.212  0.147  0.277  0.147  0.000  0.138  0.000  0.000  0.000  0.000 dx
  8 11  0.283  0.200  0.371  0.225  0.000  0.214  0.000  0.000  0.000  0.000 da
  8 11  0.000  0.000  0.000  0.000  0.000  0.000 -0.290  0.000 -0.290  0.000 dm
  8 12  0.254  0.176  0.332  0.176  0.000  0.166  0.000  0.000  0.000  0.000 dx
  8 12  0.318  0.225  0.418  0.244  0.000  0.232  0.000  0.000  0.000  0.000 da
  8 12  0.000  0.000  0.000  0.000  0.000  0.000 -0.338  0.000 -0.338  0.000 dm
  8 13  0.297  0.206  0.388  0.206  0.000  0.194  0.000  0.000  0.000  0.000 dx
  8 13  0.354  0.250  0.466  0.265  0.000  0.252  0.000  0.000  0.000  0.000 da
  8 13  0.000  0.000  0.000  0.000  0.000  0.000 -0.379  0.000 -0.379  0.000 dm
  8 14  0.339  0.235  0.443  0.235  0.000  0.222  0.000  0.000  0.000  0.000 dx
  8 14  0.390  0.275  0.513  0.287  0.000  0.273  0.000  0.000  0.000  0.000 da
  8 14  0.000  0.000  0.000  0.000  0.000  0.000 -0.415  0.000 -0.415  0.000 dm
  8 15  0.382  0.265  0.499  0.265  0.000  0.249  0.000  0.000  0.000  0.000 dx
  8 15  0.427  0.300  0.562  0.311  0.000  0.294  0.000  0.000  0.000  0.000 da
  8 15  0.000  0.000  0.000  0.000  0.000  0.000 -0.453  0.000 -0.453  0.000 dm
  8 16  0.424  0.294  0.554  0.294  0.000  0.277  0.000  0.000  0.000  0.000 dx
  8 16  0.465  0.326  0.610  0.334  0.000  0.317  0.000  0.000  0.000  0.000 da
  8 16  0.000  0.000  0.000  0.000  0.000  0.000 -0.498  0.000 -0.498  0.000 dm
  9  1  0.000  0.000  0.000  0.000  0.000  0.000  0.000  0.000  0.000  0.000 dx
  9  1  0.000  0.000  0.000  0.000  0.000  0.000  0.000  0.000  0.000  0.000 da
  9  1  0.000  0.000  0.000  0.000  0.000  0.000  0.000  0.000  0.000  0.000 dm
  9  2  0.000  0.000  0.000  0.000  0.000  0.000  0.000  0.000  0.000  0.000 dx
  9  2  0.000  0.000  0.000  0.000  0.000  0.000  0.000  0.000  0.000  0.000 da
  9  2  0.000  0.000  0.000  0.000  0.000  0.000  0.000  0.000  0.000  0.000 dm
  9  3  0.000  0.000  0.000  0.000  0.000  0.000  0.000  0.000  0.000  0.000 dx
  9  3  0.000  0.000  0.000  0.000  0.000  0.000  0.000  0.000  0.000  0.000 da
  9  3  0.000  0.000  0.000  0.000  0.000  0.000  0.000  0.000  0.000  0.000 dm
  9  4  0.000  0.000  0.000  0.000  0.000  0.000  0.000  0.000  0.000  0.000 dx
  9  4  0.000  0.000  0.000  0.000  0.000  0.000  0.000  0.000  0.000  0.000 da
  9  4  0.000  0.000  0.000  0.000  0.000  0.000  0.000  0.000  0.000  0.000 dm
  9  5  0.000  0.000  0.000  0.000  0.000  0.000  0.000  0.000  0.000  0.000 dx
  9  5  0.000  0.000  0.000  0.000  0.000  0.000  0.000  0.000  0.000  0.000 da
  9  5  0.000  0.000  0.000  0.000  0.000  0.000  0.000  0.000  0.000  0.000 dm
  9  6  0.000  0.000  0.000  0.000  0.000  0.000  0.000  0.000  0.000  0.000 dx
  9  6  0.000  0.000  0.000  0.000  0.000  0.000  0.000  0.000  0.000  0.000 da
  9  6  0.000  0.000  0.000  0.000  0.000  0.000  0.000  0.000  0.000  0.000 dm
  9  7  0.000  0.000  0.000  0.000  0.000  0.000  0.000  0.000  0.000  0.000 dx
  9  7  0.000  0.000  0.000  0.000  0.000  0.000  0.000  0.000  0.000  0.000 da
  9  7  0.000  0.000  0.000  0.000  0.000  0.000  0.000  0.000  0.000  0.000 dm
  9  8  0.000  0.000  0.000  0.000  0.000  0.000  0.000  0.000  0.000  0.000 dx
  9  8  0.000  0.000  0.000  0.000  0.000  0.000  0.000  0.000  0.000  0.000 da
  9  8  0.000  0.000  0.000  0.000  0.000  0.000  0.000  0.000  0.000  0.000 dm
  9  9  0.000  0.000  0.000  0.000  0.000  0.000  0.000  0.000  0.000  0.000 dx
  9  9  0.000  0.000  0.000  0.000  0.000  0.000  0.000  0.000  0.000  0.000 da
  9  9  0.000  0.000  0.000  0.000  0.000  0.000  0.000  0.000  0.000  0.000 dm
  9 10  0.000  0.000  0.000  0.000  0.000  0.000  0.000  0.000  0.000  0.000 dx
  9 10  0.000  0.000  0.000  0.000  0.000  0.000  0.000  0.000  0.000  0.000 da
  9 10  0.000  0.000  0.000  0.000  0.000  0.000  0.000  0.000  0.000  0.000 dm
  9 11  0.000  0.000  0.000  0.000  0.000  0.000  0.000  0.000  0.000  0.000 dx
  9 11  0.000  0.000  0.000  0.000  0.000  0.000  0.000  0.000  0.000  0.000 da
  9 11  0.000  0.000  0.000  0.000  0.000  0.000  0.000  0.000  0.000  0.000 dm
  9 12  0.000  0.000  0.000  0.000  0.000  0.000  0.000  0.000  0.000  0.000 dx
  9 12  0.000  0.000  0.000  0.000  0.000  0.000  0.000  0.000  0.000  0.000 da
  9 12  0.000  0.000  0.000  0.000  0.000  0.000  0.000  0.000  0.000  0.000 dm
  9 13  0.000  0.000  0.000  0.000  0.000  0.000  0.000  0.000  0.000  0.000 dx
  9 13  0.000  0.000  0.000  0.000  0.000  0.000  0.000  0.000  0.000  0.000 da
  9 13  0.000  0.000  0.000  0.000  0.000  0.000  0.000  0.000  0.000  0.000 dm
  9 14  0.000  0.000  0.000  0.000  0.000  0.000  0.000  0.000  0.000  0.000 dx
  9 14  0.000  0.000  0.000  0.000  0.000  0.000  0.000  0.000  0.000  0.000 da
  9 14  0.000  0.000  0.000  0.000  0.000  0.000  0.000  0.000  0.000  0.000 dm
  9 15  0.000  0.000  0.000  0.000  0.000  0.000  0.000  0.000  0.000  0.000 dx
  9 15  0.000  0.000  0.000  0.000  0.000  0.000  0.000  0.000  0.000  0.000 da
  9 15  0.000  0.000  0.000  0.000  0.000  0.000  0.000  0.000  0.000  0.000 dm
  9 16  0.000  0.000  0.000  0.000  0.000  0.000  0.000  0.000  0.000  0.000 dx
  9 16  0.000  0.000  0.000  0.000  0.000  0.000  0.000  0.000  0.000  0.000 da
  9 16  0.000  0.000  0.000  0.000  0.000  0.000  0.000  0.000  0.000  0.000 dm
