 #  Total cross section table (last run of 'elscata').
 #
 #  Z =  34,   projectile: electron
 #
 #   Energy         ECS         TCS1         TCS2         ABSCS      error
 #    (eV)        (cm**2)      (cm**2)      (cm**2)      (cm**2)
 #--------------------------------------------------------------------------
   1.00000E+02  5.83129E-16  1.04932E-16  1.51341E-16  5.23653E-16  1.0E-05
   1.25000E+02  5.15576E-16  1.08437E-16  1.41310E-16  4.62201E-16  6.1E-06
   1.50000E+02  4.71056E-16  1.09445E-16  1.30088E-16  4.13014E-16  1.1E-06
   1.75000E+02  4.38738E-16  1.08571E-16  1.18811E-16  3.73013E-16  5.3E-06
   2.00000E+02  4.13443E-16  1.06330E-16  1.08207E-16  3.40084E-16  4.1E-06
   2.50000E+02  3.74804E-16  9.94723E-17  9.02973E-17  2.89382E-16  4.9E-07
   3.00000E+02  3.45476E-16  9.14609E-17  7.69286E-17  2.52246E-16  5.0E-07
   3.50000E+02  3.21788E-16  8.35264E-17  6.71874E-17  2.23886E-16  2.7E-06
   4.00000E+02  3.01969E-16  7.61636E-17  6.00444E-17  2.01507E-16  9.0E-07
   4.50000E+02  2.85006E-16  6.95291E-17  5.46944E-17  1.83380E-16  8.4E-07
   5.00000E+02  2.70253E-16  6.36340E-17  5.05741E-17  1.68382E-16  3.8E-06
   6.00000E+02  2.45669E-16  5.37880E-17  4.45750E-17  1.44981E-16  4.9E-06
   7.00000E+02  2.25591E-16  4.60778E-17  4.02610E-17  1.27522E-16  1.8E-06
   8.00000E+02  2.09166E-16  3.99720E-17  3.69114E-17  1.13976E-16  2.3E-06
   9.00000E+02  1.95601E-16  3.50609E-17  3.41454E-17  1.03146E-16  2.4E-04
   1.00000E+03  1.84166E-16  3.10521E-17  3.17711E-17  9.42768E-17  3.6E-04
   1.25000E+03  1.61960E-16  2.37189E-17  2.69521E-17  7.78125E-17  5.3E-04
   1.50000E+03  1.45683E-16  1.88244E-17  2.32221E-17  6.64166E-17  6.5E-04
   1.75000E+03  1.33287E-16  1.54440E-17  2.03342E-17  5.79260E-17  4.1E-04
   2.00000E+03  1.23418E-16  1.29840E-17  1.80224E-17  5.13548E-17  6.8E-04
   2.50000E+03  1.08429E-16  9.65715E-18  1.45310E-17  4.18721E-17  5.2E-04
   3.00000E+03  9.73847E-17  7.53430E-18  1.20266E-17  3.53678E-17  4.9E-04
   3.50000E+03  8.87905E-17  6.07999E-18  1.01558E-17  3.06310E-17  8.3E-04
   4.00000E+03  8.18522E-17  5.03242E-18  8.71551E-18  2.70274E-17  2.4E-03
   4.50000E+03  7.60992E-17  4.24873E-18  7.57953E-18  2.41934E-17  2.1E-03
   5.00000E+03  7.12304E-17  3.64473E-18  6.66538E-18  2.19060E-17  2.7E-03
   6.00000E+03  6.33935E-17  2.78374E-18  5.29579E-18  1.84399E-17  2.2E-03
   7.00000E+03  5.73206E-17  2.20794E-18  4.32938E-18  1.59368E-17  2.6E-03
   8.00000E+03  5.24495E-17  1.80234E-18  3.61974E-18  1.40424E-17  2.5E-03
   9.00000E+03  4.84382E-17  1.50435E-18  3.08087E-18  1.25585E-17  3.6E-03
   1.00000E+04  4.50665E-17  1.27804E-18  2.66049E-18  1.13649E-17  2.9E-03
   1.25000E+04  3.83434E-17  9.01043E-19  1.93543E-18  9.20124E-18  5.4E-07
   1.50000E+04  3.36897E-17  6.74393E-19  1.48190E-18  7.74795E-18  7.0E-07
   1.75000E+04  3.01371E-17  5.26402E-19  1.17704E-18  6.70449E-18  7.8E-07
   2.00000E+04  2.73265E-17  4.23913E-19  9.61152E-19  5.91885E-18  7.8E-07
   2.50000E+04  2.31460E-17  2.94140E-19  6.81107E-19  4.81455E-18  9.6E-07
   3.00000E+04  2.01742E-17  2.17572E-19  5.11639E-19  4.07547E-18  9.6E-07
   3.50000E+04  1.79469E-17  1.68329E-19  4.00605E-19  3.54614E-18  1.2E-06
   4.00000E+04  1.62130E-17  1.34647E-19  3.23557E-19  3.14841E-18  1.0E-07
   4.50000E+04  1.48236E-17  1.10516E-19  2.67715E-19  2.83865E-18  1.0E-07
   5.00000E+04  1.36846E-17  9.25925E-20  2.25837E-19  2.59056E-18  1.0E-07
   6.00000E+04  1.19275E-17  6.81483E-20  1.68082E-19  2.21802E-18  3.4E-07
   7.00000E+04  1.06346E-17  5.25934E-20  1.30870E-19  1.95192E-18  1.0E-07
   8.00000E+04  9.64331E-18  4.20348E-20  1.05364E-19  1.75224E-18  1.0E-07
   9.00000E+04  8.85905E-18  3.45120E-20  8.70445E-20  1.59698E-18  1.0E-07
   1.00000E+05  8.22322E-18  2.89458E-20  7.33985E-20  1.47284E-18  2.5E-06
   1.25000E+05  7.06000E-18  1.99865E-20  5.12344E-20  1.24972E-18  6.6E-06
   1.50000E+05  6.27180E-18  1.48078E-20  3.82813E-20  1.10150E-18  6.4E-06
   1.75000E+05  5.70337E-18  1.15176E-20  2.99804E-20  9.96054E-19  1.5E-05
   2.00000E+05  5.27473E-18  9.28209E-21  2.43006E-20  9.17325E-19  5.6E-05
   2.50000E+05  4.67300E-18  6.49918E-21  1.71716E-20  8.07885E-19  4.1E-04
   3.00000E+05  4.27258E-18  4.87671E-21  1.29762E-20  7.35528E-19  1.8E-03
   3.50000E+05  3.98836E-18  3.83584E-21  1.02645E-20  6.83924E-19  6.0E-03
   4.00000E+05  3.77712E-18  3.12151E-21  8.39198E-21  6.44623E-19  1.6E-02
   4.50000E+05  3.61461E-18  2.60612E-21  7.03382E-21  6.12821E-19  3.6E-02
   5.00000E+05  3.48620E-18  2.21963E-21  6.01069E-21  5.96544E-19  1.1E-05
   6.00000E+05  3.29733E-18  1.68399E-21  4.58490E-21  5.63422E-19  1.6E-05
   7.00000E+05  3.16627E-18  1.33470E-21  3.64922E-21  5.40535E-19  1.0E-07
   8.00000E+05  3.07089E-18  1.09160E-21  2.99466E-21  5.23944E-19  1.6E-07
   9.00000E+05  2.99895E-18  9.14123E-22  2.51477E-21  5.11439E-19  5.9E-07
   1.00000E+06  2.94314E-18  7.79722E-22  2.15006E-21  5.01829E-19  1.0E-07
   1.25000E+06  2.85452E-18  5.58939E-22  1.54822E-21  0.00000E+00  1.0E-05
   1.50000E+06  2.79371E-18  4.22603E-22  1.17445E-21  0.00000E+00  1.0E-05
   1.75000E+06  2.75346E-18  3.32794E-22  9.27228E-22  0.00000E+00  1.0E-05
   2.00000E+06  2.72518E-18  2.69995E-22  7.53815E-22  0.00000E+00  1.0E-05
   2.50000E+06  2.68951E-18  1.89424E-22  5.30555E-22  0.00000E+00  1.0E-05
   3.00000E+06  2.66854E-18  1.41101E-22  3.96161E-22  0.00000E+00  1.0E-05
   3.50000E+06  2.65502E-18  1.09609E-22  3.08334E-22  0.00000E+00  1.0E-05
   4.00000E+06  2.64593E-18  8.78394E-23  2.47489E-22  0.00000E+00  1.0E-05
   4.50000E+06  2.63845E-18  7.21107E-23  2.03450E-22  0.00000E+00  1.0E-05
   5.00000E+06  2.63744E-18  6.03651E-23  1.70517E-22  0.00000E+00  1.0E-05
   6.00000E+06  2.62710E-18  4.41980E-23  1.25099E-22  0.00000E+00  1.0E-05
   7.00000E+06  2.62195E-18  3.38550E-23  9.59851E-23  0.00000E+00  1.0E-05
   8.00000E+06  2.61877E-18  2.68137E-23  7.61327E-23  0.00000E+00  1.0E-05
   9.00000E+06  2.61654E-18  2.17928E-23  6.19572E-23  0.00000E+00  1.0E-05
   1.00000E+07  2.61460E-18  1.80799E-23  5.14625E-23  0.00000E+00  1.0E-05
   1.25000E+07  2.61246E-18  1.21281E-23  3.46125E-23  0.00000E+00  1.0E-05
   1.50000E+07  2.61117E-18  8.71948E-24  2.49426E-23  0.00000E+00  1.0E-05
   1.75000E+07  2.61022E-18  6.57963E-24  1.88620E-23  0.00000E+00  1.0E-05
   2.00000E+07  2.60969E-18  5.14566E-24  1.47812E-23  0.00000E+00  1.0E-05
   2.50000E+07  2.60926E-18  3.39833E-24  9.79944E-24  0.00000E+00  1.0E-05
   3.00000E+07  2.60954E-18  2.41209E-24  6.98062E-24  0.00000E+00  1.0E-05
   3.50000E+07  2.60954E-18  1.80024E-24  5.22759E-24  0.00000E+00  1.0E-05
   4.00000E+07  2.60965E-18  1.39442E-24  4.06200E-24  0.00000E+00  1.0E-05
   4.50000E+07  2.61010E-18  1.11140E-24  3.24707E-24  0.00000E+00  1.0E-05
   5.00000E+07  2.60901E-18  9.06234E-25  2.65476E-24  0.00000E+00  1.0E-05
   6.00000E+07  2.60873E-18  6.35132E-25  1.86915E-24  0.00000E+00  1.0E-05
   7.00000E+07  2.60885E-18  4.69330E-25  1.38625E-24  0.00000E+00  1.0E-05
   8.00000E+07  2.60829E-18  3.60702E-25  1.06841E-24  0.00000E+00  1.0E-05
   9.00000E+07  2.60792E-18  2.85762E-25  8.48276E-25  0.00000E+00  1.0E-05
   1.00000E+08  2.60804E-18  2.31926E-25  6.89627E-25  0.00000E+00  1.0E-05
   1.25000E+08  2.60770E-18  1.48888E-25  4.43969E-25  0.00000E+00  1.0E-05
   1.50000E+08  2.60768E-18  1.03576E-25  3.09373E-25  0.00000E+00  1.0E-05
   1.75000E+08  2.60764E-18  7.61781E-26  2.27784E-25  0.00000E+00  1.0E-05
   2.00000E+08  2.60758E-18  5.83643E-26  1.74645E-25  0.00000E+00  1.0E-05
   2.50000E+08  2.60780E-18  3.73823E-26  1.11959E-25  0.00000E+00  7.7E-05
   3.00000E+08  2.60822E-18  2.59706E-26  7.78200E-26  0.00000E+00  1.5E-04
   3.50000E+08  2.60850E-18  1.90848E-26  5.72045E-26  0.00000E+00  2.7E-04
   4.00000E+08  2.60859E-18  1.46143E-26  4.38133E-26  0.00000E+00  4.6E-04
   4.50000E+08  2.60879E-18  1.15485E-26  3.46268E-26  0.00000E+00  1.0E+00
   5.00000E+08  2.60766E-18  9.35527E-27  2.80536E-26  0.00000E+00  1.0E+00
   6.00000E+08  2.60626E-18  6.49795E-27  1.94879E-26  0.00000E+00  1.0E+00
   7.00000E+08  2.60492E-18  4.77500E-27  1.43218E-26  0.00000E+00  1.0E+00
   8.00000E+08  2.60200E-18  3.65657E-27  1.09678E-26  0.00000E+00  1.0E+00
   9.00000E+08  2.59834E-18  2.88983E-27  8.66832E-27  0.00000E+00  1.0E+00
   1.00000E+09  2.59404E-18  2.34149E-27  7.02369E-27  0.00000E+00  1.0E+00
