0.000275 4.987
0.0003 5.043
0.000325 5.105
0.00035 5.1746
0.000375 5.2491
0.0004 5.3294
0.00045 5.5042
0.0005 5.6958
0.00055 5.9011
0.0006 6.1154
0.00065 6.3357
0.0007 6.5589
0.0008 7.0081
0.0009 7.4509
0.001 7.881
0.0011 8.2966
0.0012 8.6965
0.0013 9.0818
0.0014 9.453
0.0015 9.8125
0.0016 10.16
0.0017 10.5011
0.0018 10.8275
0.002 11.454
0.00225 12.1995
0.0025 12.8993
0.00275 13.5823
0.003 14.2178
0.00325 14.8351
0.0035 15.4241
0.00375 15.9943
0.004 16.5357
0.0045 17.5408
0.005 18.4486
0.0055 19.2684
0.006 20.0197
0.0065 20.6822
0.007 21.2856
0.008 22.3047
0.009 23.126
0.01 23.7788
0.011 24.2928
0.012 24.6977
0.013 25.0034
0.014 25.2196
0.015 25.3762
0.016 25.4733
0.017 25.5206
0.018 25.5282
0.02 25.4341
0.0225 25.17
0.025 24.8165
0.0275 24.3937
0.03 23.9313
0.0325 23.4592
0.035 22.9674
0.0375 22.4858
0.04 22.0144
0.045 21.0921
0.05 20.2401
0.055 19.4386
0.06 18.9272
0.065 18.3861
0.07 17.755
0.08 16.6334
0.09 15.6621
0.1 14.831
0.11 14.0901
0.12 13.4494
0.13 12.8687
0.14 12.3382
0.15 11.8677
0.16 11.4373
0.17 11.0369
0.18 10.6666
0.2 10.016
0.225 9.31039
0.25 8.7099
0.275 8.1875
0.3 7.72917
0.325 7.32288
0.35 6.95963
0.375 6.63242
0.4 6.33622
0.45 5.8209
0.5 5.38864
0.55 5.02042
0.6 4.70524
0.65 4.43109
0.7 4.19195
0.8 3.79773
0.9 3.47656
1.00 3.20341
1.10 2.9683
1.20 2.7682
1.30 2.59611
1.40 2.44704
1.50 2.31698
1.60 2.20092
1.70 2.09787
1.80 2.00583
2.00 1.84675
2.25 1.68568
2.50 1.55561
2.75 1.44656
3.00 1.35552
3.25 1.27748
3.50 1.21045
3.75 1.15142
4.00 1.0994
4.50 1.01236
5.00 0.942526
5.50 0.884699
6.00 0.836176
6.50 0.794956
7.00 0.759439
8.00 0.701612
9.00 0.65649
10.00 0.620472
11.00 0.590958
12.00 0.566546
13.00 0.545935
14.00 0.528326
15.00 0.513319
16.00 0.500212
17.00 0.488706
18.00 0.4787
20.00 0.461791
22.50 0.445481
25.00 0.432774
27.50 0.422868
30.00 0.414962
32.50 0.408558
35.00 0.403254
37.50 0.399051
40.00 0.395448
45.00 0.390143
50.00 0.386439
55.00 0.383936
60.00 0.382233
65.00 0.38113
70.00 0.380528
80.00 0.380225
90.00 0.380722
100.00 0.38172
110.00 0.382919
120.00 0.384417
130.00 0.385916
140.00 0.387515
150.00 0.389114
160.00 0.390813
170.00 0.392412
180.00 0.394012
200.00 0.397011
225.00 0.40071
250.00 0.404209
