0.0006 8.945
0.00065 9.016
0.0007 9.083
0.0008 9.209
0.0009 9.327
0.001 9.445
0.0011 9.57
0.0012 9.703
0.0013 9.847
0.0014 10
0.0015 10.162
0.0016 10.333
0.0017 10.512
0.0018 10.696
0.002 11.084
0.00225 11.594
0.0025 12.125
0.00275 12.674
0.003 13.236
0.00325 13.809
0.0035 14.381
0.00375 14.97
0.004 15.555
0.0045 16.72
0.005 17.891
0.0055 19.0435
0.006 20.1754
0.0065 21.2848
0.007 22.3702
0.008 24.4352
0.009 26.3844
0.01 28.1841
0.011 29.8616
0.012 31.4051
0.013 32.8336
0.014 34.1459
0.015 35.3614
0.016 36.4896
0.017 37.5301
0.018 38.5024
0.02 40.2517
0.0225 42.1502
0.025 43.7742
0.0275 45.1724
0.03 46.3939
0.0325 47.4579
0.035 48.374
0.0375 49.1817
0.04 49.8808
0.045 51.0122
0.05 51.857
0.055 52.4643
0.06 52.9035
0.065 53.1843
0.07 53.3462
0.08 53.4128
0.09 53.2222
0.1 52.8635
0.11 52.3862
0.12 51.83
0.13 51.3848
0.14 51.3502
0.15 50.9762
0.16 50.3426
0.17 49.6794
0.18 49.0366
0.2 47.7717
0.225 46.2667
0.25 44.8326
0.275 43.4892
0.3 42.2064
0.325 40.9939
0.35 39.8518
0.375 38.77
0.4 37.7383
0.45 35.8455
0.5 34.1333
0.55 32.5814
0.6 31.1698
0.65 29.8785
0.7 28.7073
0.8 26.6354
0.9 24.8739
1.00 23.3526
1.10 22.0316
1.20 20.8807
1.30 19.85
1.40 18.9294
1.50 18.0888
1.60 17.3283
1.70 16.6279
1.80 15.9775
2.00 14.8168
2.25 13.6261
2.50 12.6356
2.75 11.7951
3.00 11.0747
3.25 10.4444
3.50 9.89712
3.75 9.41287
4.00 8.98065
4.50 8.24528
5.00 7.64098
5.50 7.12474
6.00 6.67953
6.50 6.29735
7.00 5.9662
8.00 5.41995
9.00 4.98875
10.00 4.63759
11.00 4.34846
12.00 4.10435
13.00 3.89625
14.00 3.71717
15.00 3.5611
16.00 3.42403
17.00 3.30298
18.00 3.19493
20.00 3.00984
22.50 2.82576
25.00 2.67769
27.50 2.55763
30.00 2.45758
32.50 2.37354
35.00 2.3025
37.50 2.24047
40.00 2.18745
45.00 2.1004
50.00 2.03336
55.00 1.97933
60.00 1.93531
65.00 1.90029
70.00 1.87127
80.00 1.82624
90.00 1.79521
100.00 1.77219
110.00 1.75618
120.00 1.74416
130.00 1.73615
140.00 1.73014
150.00 1.72613
160.00 1.72412
170.00 1.72312
180.00 1.72211
200.00 1.7241
225.00 1.72809
250.00 1.73408
