0.0005 7.623
0.00055 7.636
0.0006 7.655
0.00065 7.679
0.0007 7.712
0.0008 7.803
0.0009 7.93
0.001 8.09
0.0011 8.28
0.0012 8.494
0.0013 8.726
0.0014 8.974
0.0015 9.235
0.0016 9.505
0.0017 9.782
0.0018 10.066
0.002 10.645
0.00225 11.3846
0.0025 12.1259
0.00275 12.8773
0.003 13.6167
0.00325 14.3525
0.0035 15.0735
0.00375 15.7888
0.004 16.4978
0.0045 17.8643
0.005 19.18
0.0055 20.4425
0.006 21.6403
0.0065 22.7824
0.007 23.8679
0.008 25.8569
0.009 27.6438
0.01 29.2165
0.011 30.6235
0.012 31.864
0.013 32.977
0.014 33.9722
0.015 34.8692
0.016 35.6676
0.017 36.3872
0.018 37.0478
0.02 38.1816
0.0225 39.3249
0.025 40.2313
0.0275 40.9298
0.03 41.4701
0.0325 41.8818
0.035 42.1845
0.0375 42.3981
0.04 42.5324
0.045 42.6128
0.05 42.5149
0.055 42.2884
0.06 41.9728
0.065 41.5881
0.07 41.1639
0.08 40.237
0.09 39.2516
0.1 38.2571
0.11 37.7834
0.12 37.1103
0.13 36.2076
0.14 35.3353
0.15 34.5032
0.16 33.7214
0.17 32.9698
0.18 32.2684
0.2 30.9359
0.225 29.4334
0.25 28.0913
0.275 26.8696
0.3 25.7581
0.325 24.7369
0.35 23.8058
0.375 22.9449
0.4 22.1441
0.45 20.7227
0.5 19.4916
0.55 18.4106
0.6 17.4598
0.65 16.6192
0.7 15.8586
0.8 14.5676
0.9 13.4969
1.00 12.5862
1.10 11.8157
1.20 11.1353
1.30 10.5249
1.40 9.97662
1.50 9.47135
1.60 9.0261
1.70 8.63188
1.80 8.27469
2.00 7.65335
2.25 7.01102
2.50 6.48174
2.75 6.03852
3.00 5.66033
3.25 5.32616
3.50 5.03002
3.75 4.7709
4.00 4.54179
4.50 4.15461
5.00 3.83946
5.50 3.57834
6.00 3.35724
6.50 3.16915
7.00 3.00608
8.00 2.73795
9.00 2.52786
10.00 2.35678
11.00 2.21671
12.00 2.09966
13.00 1.99961
14.00 1.91357
15.00 1.83854
16.00 1.77351
17.00 1.71548
18.00 1.66445
20.00 1.57641
22.50 1.49037
25.00 1.42134
27.50 1.36531
30.00 1.31928
32.50 1.28026
35.00 1.24825
37.50 1.22023
40.00 1.19722
45.00 1.15819
50.00 1.12818
55.00 1.10516
60.00 1.08715
65.00 1.07314
70.00 1.06113
80.00 1.04411
90.00 1.0321
100.00 1.02409
110.00 1.02009
120.00 1.01708
130.00 1.01507
140.00 1.01407
150.00 1.01506
160.00 1.01506
170.00 1.01706
180.00 1.01805
200.00 1.02205
225.00 1.02704
250.00 1.03304
