0.0006 7.265
0.00065 7.329
0.0007 7.398
0.0008 7.542
0.0009 7.689
0.001 7.841
0.0011 7.996
0.0012 8.156
0.0013 8.321
0.0014 8.491
0.0015 8.664
0.0016 8.841
0.0017 9.021
0.0018 9.204
0.002 9.575
0.00225 10.05
0.0025 10.534
0.00275 11.028
0.003 11.533
0.00325 12.04
0.0035 12.546
0.00375 13.068
0.004 13.587
0.0045 14.648
0.005 15.7135
0.0055 16.7803
0.006 17.8559
0.0065 18.9184
0.007 19.9667
0.008 22.0165
0.009 23.9897
0.01 25.8626
0.011 27.6328
0.012 29.2988
0.013 30.8593
0.014 32.3135
0.015 33.6807
0.016 34.9503
0.017 36.1421
0.018 37.2556
0.02 39.287
0.0225 41.4776
0.025 43.3534
0.0275 44.9631
0.03 46.3559
0.0325 47.551
0.035 48.578
0.0375 49.4566
0.04 50.2064
0.045 51.3891
0.05 52.225
0.055 52.7932
0.06 53.1532
0.065 53.3546
0.07 53.4271
0.08 53.2846
0.09 52.8847
0.1 52.3166
0.11 51.6499
0.12 50.9142
0.13 50.4593
0.14 50.205
0.15 49.6313
0.16 48.858
0.17 48.0951
0.18 47.3524
0.2 45.9379
0.225 44.2732
0.25 42.7295
0.275 41.2863
0.3 39.9437
0.325 38.6914
0.35 37.5195
0.375 36.4177
0.4 35.3862
0.45 33.5037
0.5 31.8216
0.55 30.3198
0.6 28.9684
0.65 27.7471
0.7 26.636
0.8 24.6942
0.9 23.0628
1.00 21.6617
1.10 20.4507
1.20 19.3799
1.30 18.4293
1.40 17.5787
1.50 16.7981
1.60 16.0877
1.70 15.4173
1.80 14.7969
2.00 13.6963
2.25 12.5957
2.50 11.6752
2.75 10.8947
3.00 10.2344
3.25 9.65207
3.50 9.14481
3.75 8.69658
4.00 8.29837
4.50 7.61803
5.00 7.06076
5.50 6.58153
6.00 6.17034
6.50 5.81817
7.00 5.51203
8.00 5.0088
9.00 4.60962
10.00 4.28647
11.00 4.01935
12.00 3.79524
13.00 3.60316
14.00 3.43908
15.00 3.29501
16.00 3.16896
17.00 3.0569
18.00 2.95686
20.00 2.78778
22.50 2.6177
25.00 2.48164
27.50 2.37158
30.00 2.27954
32.50 2.2025
35.00 2.13647
37.50 2.08044
40.00 2.03141
45.00 1.95137
50.00 1.88934
55.00 1.84031
60.00 1.80028
65.00 1.76826
70.00 1.74125
80.00 1.70122
90.00 1.67219
100.00 1.65218
110.00 1.63716
120.00 1.62715
130.00 1.61914
140.00 1.61413
150.00 1.61112
160.00 1.60911
170.00 1.60811
180.00 1.6081
200.00 1.61009
225.00 1.61408
250.00 1.62008
