0.0001 0.939817
0.00011 0.91971
0.00012 0.897519
0.00013 0.874341
0.00014 0.850873
0.00015 0.827713
0.00016 0.80496
0.00017 0.782912
0.00018 0.761769
0.0002 0.722096
0.000225 0.67772
0.00025 0.638559
0.000275 0.604008
0.0003 0.573364
0.000325 0.546127
0.00035 0.521795
0.000375 0.499866
0.0004 0.480041
0.00045 0.445499
0.0005 0.416464
0.00055 0.391735
0.0006 0.370211
0.00065 0.35149
0.0007 0.334872
0.0008 0.306942
0.0009 0.284119
0.001 0.265199
0.0011 0.251683
0.0012 0.23857
0.0013 0.225458
0.0014 0.213748
0.0015 0.20334
0.0016 0.194032
0.0017 0.185625
0.0018 0.177919
0.002 0.164408
0.00225 0.150398
0.0025 0.138789
0.00275 0.128982
0.003 0.120676
0.00325 0.11337
0.0035 0.107066
0.00375 0.101462
0.004 0.0964085
0.0045 0.0878726
0.005 0.0808379
0.0055 0.074944
0.006 0.0699107
0.0065 0.0655779
0.007 0.0617854
0.008 0.0554814
0.009 0.0504382
0.01 0.0463057
0.011 0.0428535
0.012 0.0399218
0.013 0.0374002
0.014 0.0351989
0.015 0.0332678
0.016 0.0315568
0.017 0.0300259
0.018 0.0286551
0.02 0.0262837
0.0225 0.0238723
0.025 0.0219012
0.0275 0.0202603
0.03 0.0188695
0.0325 0.0176788
0.035 0.0166482
0.0375 0.0157377
0.04 0.0149373
0.045 0.0135865
0.05 0.0124859
0.055 0.0115754
0.06 0.010805
0.065 0.0101447
0.07 0.00957436
0.08 0.00863485
0.09 0.00789146
0.1 0.00728914
0.11 0.00679087
0.12 0.00637165
0.13 0.00601346
0.14 0.0057043
0.15 0.00543516
0.16 0.00519703
0.17 0.00498692
0.18 0.00479882
0.2 0.00447665
0.225 0.00415248
0.25 0.00389235
0.275 0.00367823
0.3 0.00349914
0.325 0.00334705
0.35 0.00321698
0.375 0.00310492
0.4 0.00300587
0.45 0.00284278
0.5 0.00271371
0.55 0.00260865
0.6 0.0025216
0.65 0.00244955
0.7 0.00238952
0.8 0.00229246
0.9 0.00222041
1.00 0.00216537
1.10 0.00212234
1.20 0.00208831
1.30 0.00206129
1.40 0.00204027
1.50 0.00202225
1.60 0.00200824
1.70 0.00199723
1.80 0.00198721
2.00 0.00197419
2.25 0.00196417
2.50 0.00195916
2.75 0.00195814
3.00 0.00195913
3.25 0.00196112
3.50 0.00196511
3.75 0.00197011
4.00 0.0019751
4.50 0.00198609
5.00 0.00199708
