0.00016 3.3017
0.00017 3.3451
0.00018 3.3869
0.0002 3.466
0.000225 3.5587
0.00025 3.6509
0.000275 3.7435
0.0003 3.8379
0.000325 3.9344
0.00035 4.0338
0.000375 4.1356
0.0004 4.2387
0.00045 4.4489
0.0005 4.6602
0.00055 4.872
0.0006 5.0836
0.00065 5.2926
0.0007 5.4999
0.0008 5.9073
0.0009 6.3025
0.001 6.6867
0.0011 7.0565
0.0012 7.4135
0.0013 7.75742
0.0014 8.0881
0.0015 8.4044
0.0016 8.70822
0.0017 8.99747
0.0018 9.27309
0.002 9.78523
0.00225 10.3502
0.0025 10.8453
0.00275 11.2711
0.003 11.6276
0.00325 11.9346
0.0035 12.1919
0.00375 12.3996
0.004 12.5775
0.0045 12.844
0.005 13.0112
0.0055 13.1188
0.006 13.1668
0.0065 13.175
0.007 13.1535
0.008 13.041
0.009 12.879
0.01 12.6674
0.011 12.446
0.012 12.2048
0.013 11.9639
0.014 11.723
0.015 11.4823
0.016 11.2416
0.017 11.011
0.018 10.7905
0.02 10.3596
0.0225 9.85963
0.025 9.40387
0.0275 8.98724
0.03 8.60571
0.0325 8.28126
0.035 8.05187
0.0375 7.79552
0.04 7.52122
0.045 7.0247
0.05 6.59629
0.055 6.22094
0.06 5.88965
0.065 5.5944
0.07 5.32918
0.08 4.87183
0.09 4.48955
0.1 4.16632
0.11 3.88813
0.12 3.64597
0.13 3.43483
0.14 3.24772
0.15 3.08261
0.16 2.93352
0.17 2.80044
0.18 2.67937
0.2 2.47025
0.225 2.25412
0.25 2.07802
0.275 1.92994
0.3 1.80387
0.325 1.69381
0.35 1.59575
0.375 1.50871
0.4 1.42867
0.45 1.2846
0.5 1.16654
0.55 1.0795
0.6 1.00546
0.65 0.942129
0.7 0.887301
0.8 0.796755
0.9 0.725019
1.00 0.66679
1.10 0.618466
1.20 0.577745
1.30 0.542928
1.40 0.512913
1.50 0.4866
1.60 0.463389
1.70 0.442778
1.80 0.424369
2.00 0.392754
2.25 0.360838
2.50 0.335125
2.75 0.313815
3.00 0.296006
3.25 0.280798
3.50 0.267792
3.75 0.256386
4.00 0.246381
4.50 0.229773
5.00 0.216366
5.50 0.205461
6.00 0.196356
6.50 0.188652
7.00 0.182048
8.00 0.171443
9.00 0.163338
10.00 0.156935
11.00 0.151832
12.00 0.147629
13.00 0.144127
14.00 0.141225
15.00 0.138824
16.00 0.136722
17.00 0.134921
18.00 0.13342
20.00 0.130918
22.50 0.128716
25.00 0.127115
27.50 0.125914
30.00 0.125113
32.50 0.124512
35.00 0.124111
37.50 0.12381
40.00 0.12361
45.00 0.123509
50.00 0.123608
55.00 0.123907
60.00 0.124207
65.00 0.124606
70.00 0.125006
80.00 0.125905
