#1        W-E corrected
PLACE        LAT     LONG   MAG. DEC col step(fai)  row step(zenith)  
'GRANSASO' 42.50     13.65      999.0  'deg' 10 36       'deg' 10 19                                        
#--------------------------- FOR FAI=0 TO 360, TETA=0 TO 180 STEP 10 DEG         
  4.45  4.45  4.45  4.45  4.45  4.45  4.45  4.45  4.45  4.45  4.45  4.45  4.45
  4.45  4.45  4.45  4.45  4.45  4.45  4.45  4.45  4.45  4.45  4.45  4.45  4.45
  4.45  4.45  4.45  4.45  4.45  4.45  4.45  4.45  4.45  4.45
  4.50  4.52  4.60  4.58  4.61  4.69  4.64  4.73  4.66  4.70  4.67  4.56  4.52
  4.50  4.42  4.35  3.75  4.26  4.25  3.75  3.73  3.72  4.20  3.69  4.21  3.72
  4.26  4.28  3.86  3.94  3.96  4.00  4.05  4.38  4.43  4.47
  4.51  4.59  4.34  4.70  4.85  5.01  4.84  4.90  4.84  4.83  4.72  4.60  5.12
  5.06  4.24  4.16  4.78  3.73  3.71  3.68  3.90  3.91  3.91  4.08  3.92  3.97
  4.09  3.66  3.44  4.08  3.94  4.00  4.18  4.25  4.11  4.45
  4.50  4.60  5.02  5.18  5.02  4.99  5.50  5.18  5.60  4.99  5.53  4.53  5.33
  5.17  5.01  4.19  4.68  4.17  3.94  3.75  3.68  3.60  3.54  3.40  3.47  3.30
  3.79  3.91  3.63  3.76  3.91  3.97  4.01  4.06  4.27  4.44
  4.70  5.03  5.28  4.97  5.64  5.77  5.85  5.91  5.47  5.88  5.79  5.96  5.38
  5.16  4.93  4.35  4.15  4.02  3.90  3.78  3.67  3.57  3.47  3.38  3.31  3.28
  3.26  3.36  3.79  3.59  3.84  3.90  3.95  4.04  4.06  4.41
  4.86  5.25  5.48  5.70  5.89  6.04  6.16  6.23  6.24  6.17  6.51  6.30  5.37
  5.63  4.69  4.50  4.37  4.25  4.12  3.98  3.85  3.11  3.58  3.45  3.34  3.25
  3.19  3.18  3.34  3.77  3.36  3.85  3.90  3.98  4.06  4.38
  4.93  5.32  5.61  5.88  6.11  6.56  6.44  6.94  7.03  7.08  6.07  5.75  5.57
  5.13  5.09  4.86  4.74  3.90  3.81  3.43  3.41  3.90  3.29  3.55  3.08  3.33
  3.23  3.15  3.14  3.31  3.82  3.87  3.90  3.97  4.10  4.38
  4.50  5.63  5.73  6.04  6.76  7.03  7.27  7.46  7.60  7.66  9.67 10.86 11.37
 11.33 10.86 10.07  9.05  7.85  6.55  5.16  3.73  3.38  3.22  3.09  3.01  3.42
  3.35  3.24  3.16  3.16  3.70  3.51  3.96  4.01  4.11  4.21
  4.61  5.31  5.73  6.12  6.51  7.47  8.71 13.16 16.48 18.69 19.91 20.31 20.02
 19.18 17.91 16.33 14.56 12.68 10.78  8.90  7.09  5.33  3.64  3.30  3.13  2.99
  3.09  2.97  3.28  3.21  3.23  3.81  3.66  4.12  4.19  4.33
  4.63  4.90  4.98 11.12 17.84 23.71 28.53 32.15 34.56 35.82 36.01 35.27 33.71
 31.48 28.73 25.65 22.43 19.23 16.19 13.40 10.89  8.63  6.58  4.71  3.24  3.20
  3.04  2.97  2.95  3.37  3.31  3.35  3.95  3.75  4.35  4.46
 16.74 17.96 18.73 18.89 18.19 16.33 13.05  9.41  6.93  7.52  7.78  7.87  7.86
  7.79  7.59  7.10  6.18  4.82  3.19  1.55  0.17  0.17  0.18  0.21  1.87  3.58
  5.10  5.70  7.14  8.56  9.00  9.63 10.63 12.00 13.59 15.23
 19.39 20.32 21.07 21.46 21.26 20.11 17.36 12.23  7.66  2.56  0.15  0.14  0.14
  0.14  0.14  0.14  0.14  0.14  0.14  0.14  0.14  0.15  0.15  0.58  3.52  5.31
  8.36  9.87 10.66 11.62 12.69 13.73 14.90 16.04 17.22 18.33
 14.69 16.02 17.34 18.58 19.56 20.02 19.60 17.64 12.41  4.05  0.20  0.14  0.13
  0.13  0.13  0.14  0.13  0.13  0.13  0.13  0.14  0.14  1.56  5.08  8.03 10.58
 11.77 12.74 13.25 12.89 12.51 11.90  8.92  8.51  7.19 12.60
  1.01 11.71 13.66 15.38 17.01 18.42 19.43 19.81 19.15 16.56  6.61  2.49  0.16
  0.14  0.13  0.13  0.12  0.12  0.13  0.15  2.90  5.64  8.44 10.90 12.47 13.72
 14.37 14.25 13.29 11.54  9.06  5.01  3.03  1.61  0.20  0.21
  0.16  0.18  2.83 11.72 13.95 15.91 17.64 19.02 19.90 20.10 19.43 17.69 12.75
  7.55  5.13  4.49  3.44  4.64  6.14 10.12 10.00 12.42 13.56 14.51 15.14 15.22
 14.50 10.60  6.26  2.49  0.15  0.14  0.13  0.14  0.14  0.15
  0.13  0.14  0.16  3.05  5.79  8.79 12.85 15.37 17.13 18.32 18.95 18.99 18.52
 17.69 16.74 15.90 15.34 15.09 15.12 15.29 15.53 15.74 15.82 15.62 14.97 12.22
  7.46  4.55  0.15  0.13  0.12  0.11  0.11  0.11  0.12  0.12
  0.11  0.11  0.12  0.13  0.14  2.09  4.97  7.36  9.99 13.78 15.27 16.24 16.82
 17.08 17.11 17.01 16.85 16.66 16.45 16.18 15.81 15.25 14.40  9.47  9.63  5.50
  2.01  0.14  0.12  0.12  0.11  0.11  0.11  0.11  0.12  0.13
  0.11  0.11  0.12  0.12  0.12  0.14  0.16  2.16  3.74  5.47  6.25  8.17  9.91
 11.05 11.77 12.08 12.15  9.72 11.37 10.76  8.61  6.68  5.60  3.75  3.20  0.19
  0.14  0.13  0.12  0.12  0.11  0.11  0.11  0.11  0.11  0.11
  0.15  0.15  0.15  0.15  0.15  0.15  0.15  0.15  0.15  0.15  0.15  0.15  0.15
  0.15  0.15  0.15  0.15  0.15  0.15  0.15  0.15  0.15  0.15  0.15  0.15  0.15
  0.15  0.15  0.15  0.15  0.15  0.15  0.15  0.15  0.15  0.15
