#1       W-E corrected
PLACE        LAT     LONG   MAG. DEC   col step(fai) row step(zenith) 
'KGF'      12.88    78.26   999.       'deg' 10 36        'deg' 10 19                                       
#--------------------------- FOR FAI=0 TO 360, TETA=0 TO 180 STEP 10 DEG         
 16.29 16.29 16.29 16.29 16.29 16.29 16.29 16.29 16.29 16.29 16.29 16.29 16.29
 16.29 16.29 16.29 16.29 16.29 16.29 16.29 16.29 16.29 16.29 16.29 16.29 16.29
 16.29 16.29 16.29 16.29 16.29 16.29 16.29 16.29 16.29 16.29
 16.44 16.68 16.91 17.14 17.34 17.52 17.66 17.76 17.83 17.84 17.80 17.73 17.61
 17.45 17.26 17.04 16.81 16.57 16.33 16.09 15.87 15.66 15.48 15.32 15.20 15.11
 15.06 15.05 15.08 15.14 15.25 15.39 15.55 15.74 15.96 16.19
 16.77 17.27 17.77 18.25 18.69 19.07 19.39 19.62 19.75 19.78 19.71 19.53 19.27
 18.92 18.51 18.05 17.56 17.06 16.56 16.08 15.63 15.22 14.87 14.57 14.34 14.18
 14.08 14.07 14.12 14.24 14.43 14.69 15.01 15.39 15.81 16.28
 17.30 18.09 18.89 19.67 20.39 21.04 21.57 21.96 22.19 22.24 22.12 21.82 21.37
 20.79 20.10 19.35 18.56 17.75 16.97 16.24 15.56 14.96 14.44 14.01 13.68 13.44
 13.31 13.28 13.35 13.53 13.80 14.18 14.64 15.20 15.84 16.55
 18.06 19.18 20.32 21.47 22.55 23.52 24.34 24.94 25.31 25.39 25.21 24.75 24.05
 23.16 22.13 21.01 19.84 18.69 17.59 16.57 15.66 14.85 14.17 13.61 13.18 12.88
 12.70 12.66 12.75 12.97 13.33 13.82 14.44 15.18 16.04 17.01
 19.03 20.56 22.13 23.73 25.28 26.70 27.90 28.81 29.35 29.49 29.21 28.54 27.51
 26.21 24.71 23.10 21.48 19.90 18.42 17.08 15.90 55.71 14.04 13.35 12.82 12.45
 12.24 12.18 12.29 12.57 13.01 13.61 14.38 15.31 16.41 17.66
 20.26 22.24 24.37 26.56 28.75 30.79 32.54 33.88 34.69 34.91 34.51 33.52 32.04
 30.16 28.02 25.77 23.53 21.41 19.47 17.76 16.30 15.06 14.04 13.23 12.60 12.16
 11.91 11.84 11.96 12.28 12.80 13.52 14.22 15.55 16.91 18.48
 21.62 24.18 26.99 30.12 33.19 36.13 38.71 40.71 41.94 42.28 41.69 40.24 38.06
 35.35 32.32 29.17 26.09 23.23 20.71 18.59 16.82 15.36 14.17 13.22 12.50 11.99
 11.69 11.60 11.73 12.10 12.68 13.51 14.60 15.74 17.40 19.36
 23.44 26.69 30.39 34.51 38.90 43.25 47.12 50.16 52.05 52.57 51.69 49.54 46.38
 42.42 37.97 33.50 29.16 25.19 21.91 19.40 17.41 15.77 14.41 13.34 12.52 11.94
 11.59 11.48 11.62 12.03 12.72 13.63 14.89 16.29 18.28 20.65
 25.44 29.40 34.23 40.02 47.22 54.17 60.18 64.93 68.07 69.22 68.19 65.09 60.31
 54.33 47.69 40.89 34.32 28.27 22.94 18.45 14.84 16.19 14.76 13.56 12.64 12.00
 11.60 11.46 11.61 12.06 12.82 13.85 15.07 16.96 19.30 55.00
 22.18 24.65 27.73 31.38 35.46 39.88 43.90 47.10 48.97 49.17 47.62 44.55 40.59
 35.86 30.89 26.26 22.16 18.64 15.64 13.06 10.78 10.03 11.12 12.99 12.66 12.11
 11.89 12.22 13.05 14.12 15.22 16.20 16.98 17.83 18.91 20.30
  6.88  8.73 10.39 14.13 23.37 28.19 32.50 35.84 37.61 37.30 34.78 30.28 23.72
 13.85  8.90  5.05  2.08  0.19  0.19  1.25  2.98  5.16  7.54 11.20 11.96 11.93
 12.13 12.91 13.73 12.85  9.07  8.04  5.80  5.29  7.69  5.32
  0.17  0.18  1.37  3.58  7.10 18.26 23.94 27.71 29.68 29.19 25.83 19.56  7.81
  1.27  0.15  0.15  0.14  0.14  0.14  0.15  0.16  1.84  5.64 10.27 11.26 11.71
 12.40 13.08  9.80  7.21  3.70  0.21  0.16  0.15  0.15  0.16
  0.15  0.16  0.17  0.18  1.49  4.86 18.65 22.06 23.89 23.46 19.96 12.70  5.00
  0.15  0.13  0.12  0.12  0.16  0.12  0.12  0.13  0.69  5.04  8.58 10.89 11.85
 12.64 12.01 10.11  4.24  0.17  0.14  0.13  0.13  0.13  0.14
  0.13  0.13  0.15  0.16  2.61 12.41 16.51 18.65 19.91 19.61 16.98 10.58  3.29
  0.14  0.12  0.12  0.12  0.12  0.12  0.12  0.13  1.97  5.11  8.55 11.29 12.28
 12.72 10.98  6.79  3.60  0.15  0.13  0.12  0.12  0.14  3.06
  0.12  0.14  2.55  4.18 11.88 13.96 15.52 16.75 17.46 17.31 15.96  9.90  5.04
  2.12  0.13  0.12  0.12  0.12  0.12  0.13  2.43  4.28  7.78  9.68 12.16 12.77
 12.75 11.91  9.00  4.70  0.19  0.13  0.12  0.12  0.12  0.12
  2.49  4.55  6.40 10.06 12.06 13.60 14.73 15.55 16.02 16.09 15.70 14.79 13.36
  6.96  5.91  4.31  4.06  4.38  4.39  5.30  8.85  9.82 12.34 13.01 13.27 13.25
 12.89 11.40 10.73  7.18  5.22  3.04  1.28  0.16  0.15  0.35
 10.16 10.76 11.47 12.21 12.93 13.59 14.16 14.62 14.96 15.17 15.24 15.21 15.08
 14.88 14.66 14.45 14.28 14.17 14.12 14.11 14.12 14.13 14.10 14.02 13.86 13.62
 13.27 12.82 12.28 11.67 10.61 10.43  9.93  9.60  9.53  9.72
 13.99 13.99 13.99 13.99 13.99 13.99 13.99 13.99 13.99 13.99 13.99 13.99 13.99
 13.99 13.99 13.99 13.99 13.99 13.99 13.99 13.99 13.99 13.99 13.99 13.99 13.99
 13.99 13.99 13.99 13.99 13.99 13.99 13.99 13.99 13.99 13.99
