#1  W-E corrected
PLACE        LAT     LONG   MAG. DEC   col step(fai) row step(zenith)
'SUDBURY'   46.51   278.82   70.0   'deg' 10 36     'deg' 10  19                                            
#--------------------------- FOR FAI=0 TO 360, TETA=0 TO 180 STEP 10 DEG         
  0.12  0.12  0.12  0.12  0.12  0.12  0.12  0.12  0.12  0.12  0.12  0.12  0.12
  0.12  0.12  0.12  0.12  0.12  0.12  0.12  0.12  0.12  0.12  0.12  0.12  0.12
  0.12  0.12  0.12  0.12  0.12  0.12  0.12  0.12  0.12  0.12
  0.12  0.12  0.12  0.12  0.12  0.12  0.12  0.12  0.12  0.12  0.12  0.12  0.12
  0.12  0.12  0.12  0.12  0.12  0.12  0.12  0.12  0.12  0.12  0.12  0.12  0.12
  0.12  0.12  0.12  0.12  0.12  0.12  0.12  0.12  0.12  0.12
  0.12  0.12  0.12  0.12  0.12  0.12  0.12  0.12  0.12  0.12  0.12  0.12  0.12
  0.12  0.12  0.12  0.12  0.12  0.12  0.12  0.12  0.12  0.12  0.12  0.12  0.12
  0.12  0.12  0.12  0.12  0.12  0.12  0.12  0.12  0.12  0.12
  0.12  0.12  0.12  0.12  0.12  0.12  0.12  0.12  0.12  0.12  0.13  0.13  0.13
  0.13  0.13  0.13  0.13  0.13  0.13  0.13  0.13  0.13  0.13  0.13  0.13  0.13
  0.12  0.12  0.12  0.12  0.12  0.12  0.12  0.12  0.12  0.12
  0.12  0.12  0.12  0.12  0.12  0.12  0.12  0.13  0.13  0.13  0.13  0.13  0.13
  0.14  0.14  0.14  0.14  0.14  0.14  0.14  0.14  0.14  0.14  0.14  0.13  0.13
  0.13  0.13  0.13  0.13  0.12  0.12  0.12  0.12  0.12  0.12
  0.12  0.13  0.13  0.13  0.13  0.13  0.13  0.13  0.13  0.14  0.14  0.14  0.14
  0.14  0.15  0.15  0.15  0.15  0.15  0.15  0.15  0.15  0.14  0.14  0.14  0.14
  0.14  0.14  0.13  0.13  0.13  0.13  0.13  0.13  0.13  0.12
  0.13  0.13  0.13  0.13  0.13  0.14  0.14  0.14  0.14  0.14  0.15  0.15  0.15
  0.15  0.16  0.16  0.16  0.16  0.16  0.16  0.16  0.16  0.16  0.15  0.15  0.15
  0.15  0.14  0.14  0.14  0.14  0.14  0.13  0.13  0.13  0.13
  0.14  0.14  0.14  0.14  0.14  0.14  0.15  0.15  0.15  0.16  0.16  0.16  0.16
  0.17  0.17  0.17  0.17  0.17  0.17  0.17  0.17  0.17  0.17  0.17  0.16  0.16
  0.16  0.15  0.15  0.15  0.15  0.14  0.14  0.14  0.14  0.14
  0.15  0.15  0.15  0.15  0.15  0.16  0.16  0.16  0.16  0.17  2.89  5.05  6.46
  7.20  7.41  7.20  6.71  6.01  5.17  4.23  3.22  2.14  1.01  0.18  0.18  0.17
  0.17  0.17  0.16  0.16  0.16  0.15  0.15  0.15  0.15  0.15
  0.16  0.16  0.16  0.16  1.17  6.24 11.09 15.36 18.79 21.21 22.62 23.05 22.68
 21.69 20.29 18.63 16.85 15.05 13.28 11.57  9.92  8.33  6.79  5.28  3.81  2.37
  0.98  0.18  0.18  0.17  0.17  0.17  0.16  0.16  0.16  0.16
  3.81  3.83  3.90  4.00  1.35  0.63  0.18  3.06  5.18  6.05  5.76  4.42  2.22
  0.17  0.17  0.17  0.17  0.17  0.17  0.17  0.86  1.10  0.78  0.17  0.17  0.17
  0.18  0.18  0.18  0.20  1.10  1.49  2.07  2.70  3.90  3.84
 12.05 15.61 18.71 20.91 22.07 21.97 19.69  8.76  4.17  1.32  0.17  0.16  0.15
  0.15  0.14  0.14  0.15  0.18  0.14  0.14  0.14  0.14  0.15  0.16  0.18  1.51
  3.12  4.49  6.35  6.62  7.93  8.77  9.21  9.88 11.11  9.99
 16.58 19.35 21.75 23.83 25.49 26.42 26.57 25.93 24.24 20.02 10.05  5.84  2.52
  0.14  0.13  0.13  0.13  0.13  0.13  0.13  0.13  0.14  0.86  3.94  5.89  8.03
  8.55  9.32 10.07 10.23 10.42 10.80 11.52 12.57 13.75 14.95
  8.76  9.32 11.77 16.91 20.29 23.09 25.02 25.94 25.95 25.16 23.58 21.05 17.19
  8.60  5.88  2.55  0.15  0.14  0.14  0.17  2.76  5.04  7.73  9.36 10.51 11.23
 11.45 11.22 10.69 10.18  9.86 10.01 10.08  9.68  9.11  8.64
  1.04  0.65  1.68  3.97  6.73  9.69 17.04 21.14 23.13 23.93 23.87 23.07 21.57
 19.43 16.86 14.28 12.26 10.93 10.51 10.68 11.26 11.85 12.34 12.59 12.47 11.18
 10.97  8.72  4.98  3.35  2.43  2.28  4.12  4.67  3.56  2.16
  0.12  0.12  0.12  0.12  0.13  0.15  3.26  7.25 14.28 18.51 20.36 21.22 21.40
 21.07 20.37 19.44 18.44 17.48 16.64 15.89 15.19 14.46 13.62 12.51 10.50  8.66
  5.17  3.47  1.54  0.15  0.14  0.14  0.14  0.14  0.14  0.13
  1.39  0.11  0.11  0.11  0.11  0.12  0.12  0.13  0.89  4.14  7.03 12.10 15.85
 16.86 17.28 17.29 16.98 16.44 15.70 14.81 13.76 12.56 11.13  8.06  7.70  3.86
  1.72  0.14  0.13  0.12  0.12  0.12  0.12  0.11  0.11  4.80
  0.11  0.11  0.11  0.11  0.11  0.11  0.11  0.11  0.12  0.12  0.13  0.14  0.46
  2.45  3.38  3.88  4.04  4.41  4.38  4.06  3.10  2.25  1.58  0.15  0.14  0.13
  0.12  0.12  0.12  0.11  0.11  0.11  0.11  0.11  0.11  0.11
  0.11  0.11  0.11  0.11  0.11  0.11  0.11  0.11  0.11  0.11  0.11  0.11  0.11
  0.11  0.11  0.11  0.11  0.11  0.11  0.11  0.11  0.11  0.11  0.11  0.11  0.11
  0.11  0.11  0.11  0.11  0.11  0.11  0.11  0.11  0.11  0.11
