# W  xmin =   1.0000E-03 norm= 1
 # norm=1: /r.l, 2: mb/ingredient, 3: /(g/cm2), 4:/cm, 5: area norm 
#  Ee- masele, tprob*NC, tprob, NC 
   0.1000        8.425       3.8033E+05   2.2152E-05
   0.1259        8.447       3.8130E+05   2.2152E-05
   0.1585        8.465       3.8213E+05   2.2152E-05
   0.1995        8.481       3.8284E+05   2.2152E-05
   0.2512        8.494       3.8345E+05   2.2152E-05
   0.3162        8.506       3.8397E+05   2.2152E-05
   0.3981        8.516       3.8441E+05   2.2152E-05
   0.5012        8.524       3.8478E+05   2.2152E-05
   0.6310        8.531       3.8509E+05   2.2152E-05
   0.7943        8.536       3.8535E+05   2.2152E-05
    1.000        8.541       3.8556E+05   2.2152E-05
    1.259        8.545       3.8575E+05   2.2152E-05
    1.585        8.549       3.8590E+05   2.2152E-05
    1.995        8.551       3.8603E+05   2.2152E-05
    2.512        8.554       3.8613E+05   2.2152E-05
    3.162        8.556       3.8622E+05   2.2152E-05
    3.981        8.557       3.8629E+05   2.2152E-05
    5.012        8.559       3.8635E+05   2.2152E-05
    6.310        8.560       3.8640E+05   2.2152E-05
    7.943        8.561       3.8644E+05   2.2152E-05
    10.00        8.561       3.8647E+05   2.2152E-05
    12.59        8.562       3.8650E+05   2.2152E-05
    15.85        8.562       3.8652E+05   2.2152E-05
    19.95        8.563       3.8654E+05   2.2152E-05
    25.12        8.563       3.8656E+05   2.2152E-05
    31.62        8.563       3.8657E+05   2.2152E-05
    39.81        8.564       3.8658E+05   2.2152E-05
    50.12        8.564       3.8659E+05   2.2152E-05
    63.10        8.564       3.8659E+05   2.2152E-05
    79.43        8.564       3.8660E+05   2.2152E-05
