# pj= 9  56 26
# tg=  12 1.000
    100.0        1733.    
    125.9        1733.    
    158.5        1733.    
    199.5        1733.    
    251.2        1733.    
    316.2        1733.    
    398.1        1734.    
    501.2        1734.    
    631.0        1735.    
    794.3        1736.    
    1000.        1737.    
    1259.        1739.    
    1585.        1740.    
    1995.        1742.    
    2512.        1744.    
    3162.        1746.    
    3981.        1749.    
    5012.        1751.    
    6310.        1754.    
    7943.        1759.    
   1.0000E+04    1763.    
   1.2589E+04    1768.    
   1.5849E+04    1773.    
   1.9953E+04    1778.    
   2.5119E+04    1783.    
   3.1623E+04    1788.    
   3.9811E+04    1793.    
   5.0119E+04    1798.    
   6.3096E+04    1803.    
   7.9433E+04    1808.    
   1.0000E+05    1813.    
   1.2589E+05    1819.    
   1.5849E+05    1824.    
   1.9953E+05    1830.    
   2.5119E+05    1835.    
   3.1623E+05    1841.    
   3.9811E+05    1847.    
   5.0119E+05    1852.    
   6.3096E+05    1858.    
   7.9433E+05    1863.    
   1.0000E+06    1868.    
   1.2589E+06    1873.    
   1.5849E+06    1878.    
   1.9953E+06    1883.    
   2.5119E+06    1889.    
   3.1623E+06    1894.    
   3.9811E+06    1900.    
   5.0119E+06    1907.    
   6.3096E+06    1913.    
   7.9433E+06    1920.    
   1.0000E+07    1926.    
   1.2589E+07    1933.    
   1.5849E+07    1941.    
   1.9953E+07    1948.    
   2.5119E+07    1956.    
   3.1623E+07    1964.    
   3.9811E+07    1972.    
   5.0119E+07    1981.    
   6.3096E+07    1989.    
   7.9433E+07    2001.    
   1.0000E+08    2013.    
   1.2589E+08    2024.    
   1.5849E+08    2036.    
   1.9953E+08    2048.    
   2.5119E+08    2060.    
   3.1623E+08    2072.    
   3.9811E+08    2084.    
   5.0119E+08    2095.    
   6.3096E+08    2107.    
   7.9433E+08    2119.    
   1.0000E+09    2130.    
   1.2589E+09    2142.    
   1.5849E+09    2153.    
   1.9953E+09    2165.    
   2.5119E+09    2176.    
   3.1623E+09    2188.    
   3.9811E+09    2199.    
   5.0119E+09    2210.    
   6.3096E+09    2222.    
   7.9433E+09    2232.    
   1.0000E+10    2242.    
   1.2589E+10    2253.    
   1.5849E+10    2263.    
   1.9953E+10    2274.    
   2.5119E+10    2284.    
   3.1623E+10    2295.    
   3.9811E+10    2305.    
   5.0119E+10    2316.    
   6.3096E+10    2326.    
   7.9433E+10    2337.    
   1.0000E+11    2348.    
   1.2589E+11    2358.    
   1.5849E+11    2369.    
   1.9953E+11    2380.    
   2.5119E+11    2391.    
   3.1623E+11    2401.    
   3.9811E+11    2412.    
   5.0119E+11    2423.    
   6.3096E+11    2434.    
   7.9433E+11    2445.    
