# pj= 5  -1  1
# tg= 207 1.000
    100.0        1352.    
    125.9        1357.    
    158.5        1364.    
    199.5        1370.    
    251.2        1377.    
    316.2        1383.    
    398.1        1390.    
    501.2        1397.    
    631.0        1404.    
    794.3        1411.    
    1000.        1418.    
    1259.        1425.    
    1585.        1433.    
    1995.        1440.    
    2512.        1447.    
    3162.        1455.    
    3981.        1463.    
    5012.        1470.    
    6310.        1478.    
    7943.        1486.    
   1.0000E+04    1494.    
   1.2589E+04    1502.    
   1.5849E+04    1510.    
   1.9953E+04    1518.    
   2.5119E+04    1526.    
   3.1623E+04    1535.    
   3.9811E+04    1543.    
   5.0119E+04    1552.    
   6.3096E+04    1561.    
   7.9433E+04    1569.    
   1.0000E+05    1578.    
   1.2589E+05    1588.    
   1.5849E+05    1597.    
   1.9953E+05    1606.    
   2.5119E+05    1616.    
   3.1623E+05    1626.    
   3.9811E+05    1636.    
   5.0119E+05    1646.    
   6.3096E+05    1656.    
   7.9433E+05    1666.    
   1.0000E+06    1677.    
   1.2589E+06    1688.    
   1.5849E+06    1701.    
   1.9953E+06    1713.    
   2.5119E+06    1726.    
   3.1623E+06    1739.    
   3.9811E+06    1751.    
   5.0119E+06    1764.    
   6.3096E+06    1777.    
   7.9433E+06    1789.    
   1.0000E+07    1802.    
   1.2589E+07    1814.    
   1.5849E+07    1827.    
   1.9953E+07    1840.    
   2.5119E+07    1852.    
   3.1623E+07    1865.    
   3.9811E+07    1877.    
   5.0119E+07    1890.    
   6.3096E+07    1902.    
   7.9433E+07    1914.    
   1.0000E+08    1927.    
   1.2589E+08    1939.    
   1.5849E+08    1952.    
   1.9953E+08    1964.    
   2.5119E+08    1977.    
   3.1623E+08    1989.    
   3.9811E+08    2002.    
   5.0119E+08    2014.    
   6.3096E+08    2026.    
   7.9433E+08    2038.    
   1.0000E+09    2050.    
   1.2589E+09    2062.    
   1.5849E+09    2074.    
   1.9953E+09    2086.    
   2.5119E+09    2097.    
   3.1623E+09    2109.    
   3.9811E+09    2120.    
   5.0119E+09    2132.    
   6.3096E+09    2143.    
   7.9433E+09    2154.    
   1.0000E+10    2165.    
   1.2589E+10    2176.    
   1.5849E+10    2187.    
   1.9953E+10    2198.    
   2.5119E+10    2208.    
   3.1623E+10    2219.    
   3.9811E+10    2229.    
   5.0119E+10    2239.    
   6.3096E+10    2249.    
   7.9433E+10    2259.    
   1.0000E+11    2269.    
   1.2589E+11    2279.    
   1.5849E+11    2289.    
   1.9953E+11    2298.    
   2.5119E+11    2307.    
   3.1623E+11    2317.    
   3.9811E+11    2326.    
   5.0119E+11    2335.    
   6.3096E+11    2343.    
   7.9433E+11    2352.    
