# pj= 6  -1  1
# tg=   1 1.000
    100.0        31.56    
    125.9        31.81    
    158.5        32.16    
    199.5        32.51    
    251.2        32.88    
    316.2        33.25    
    398.1        33.64    
    501.2        34.03    
    631.0        34.44    
    794.3        34.85    
    1000.        35.28    
    1259.        35.71    
    1585.        36.16    
    1995.        36.62    
    2512.        37.08    
    3162.        37.56    
    3981.        38.06    
    5012.        38.56    
    6310.        39.08    
    7943.        39.61    
   1.0000E+04    40.15    
   1.2589E+04    40.70    
   1.5849E+04    41.24    
   1.9953E+04    41.80    
   2.5119E+04    42.38    
   3.1623E+04    42.97    
   3.9811E+04    43.58    
   5.0119E+04    44.21    
   6.3096E+04    44.86    
   7.9433E+04    45.53    
   1.0000E+05    46.22    
   1.2589E+05    46.93    
   1.5849E+05    47.66    
   1.9953E+05    48.41    
   2.5119E+05    49.19    
   3.1623E+05    49.99    
   3.9811E+05    50.81    
   5.0119E+05    51.66    
   6.3096E+05    52.54    
   7.9433E+05    53.44    
   1.0000E+06    54.37    
   1.2589E+06    55.38    
   1.5849E+06    56.59    
   1.9953E+06    57.81    
   2.5119E+06    59.06    
   3.1623E+06    60.31    
   3.9811E+06    61.58    
   5.0119E+06    62.87    
   6.3096E+06    64.16    
   7.9433E+06    65.48    
   1.0000E+07    66.80    
   1.2589E+07    68.14    
   1.5849E+07    69.49    
   1.9953E+07    70.85    
   2.5119E+07    72.23    
   3.1623E+07    73.61    
   3.9811E+07    75.01    
   5.0119E+07    76.42    
   6.3096E+07    77.84    
   7.9433E+07    79.27    
   1.0000E+08    80.71    
   1.2589E+08    82.17    
   1.5849E+08    83.63    
   1.9953E+08    85.11    
   2.5119E+08    86.59    
   3.1623E+08    88.08    
   3.9811E+08    89.57    
   5.0119E+08    91.08    
   6.3096E+08    92.58    
   7.9433E+08    94.10    
   1.0000E+09    95.61    
   1.2589E+09    97.14    
   1.5849E+09    98.66    
   1.9953E+09    100.2    
   2.5119E+09    101.7    
   3.1623E+09    103.2    
   3.9811E+09    104.8    
   5.0119E+09    106.3    
   6.3096E+09    107.8    
   7.9433E+09    109.4    
   1.0000E+10    110.9    
   1.2589E+10    112.4    
   1.5849E+10    114.0    
   1.9953E+10    115.5    
   2.5119E+10    117.0    
   3.1623E+10    118.5    
   3.9811E+10    120.0    
   5.0119E+10    121.5    
   6.3096E+10    123.0    
   7.9433E+10    124.5    
   1.0000E+11    126.0    
   1.2589E+11    127.4    
   1.5849E+11    128.9    
   1.9953E+11    130.3    
   2.5119E+11    131.8    
   3.1623E+11    133.2    
   3.9811E+11    134.6    
   5.0119E+11    136.0    
   6.3096E+11    137.4    
   7.9433E+11    138.7    
