# pj= 9  56 26
# tg=  56 1.000
    100.0        2900.    
    125.9        2900.    
    158.5        2899.    
    199.5        2899.    
    251.2        2899.    
    316.2        2899.    
    398.1        2899.    
    501.2        2900.    
    631.0        2901.    
    794.3        2902.    
    1000.        2903.    
    1259.        2905.    
    1585.        2907.    
    1995.        2909.    
    2512.        2912.    
    3162.        2915.    
    3981.        2918.    
    5012.        2921.    
    6310.        2925.    
    7943.        2931.    
   1.0000E+04    2938.    
   1.2589E+04    2944.    
   1.5849E+04    2951.    
   1.9953E+04    2958.    
   2.5119E+04    2965.    
   3.1623E+04    2972.    
   3.9811E+04    2979.    
   5.0119E+04    2986.    
   6.3096E+04    2993.    
   7.9433E+04    3000.    
   1.0000E+05    3007.    
   1.2589E+05    3015.    
   1.5849E+05    3022.    
   1.9953E+05    3030.    
   2.5119E+05    3037.    
   3.1623E+05    3045.    
   3.9811E+05    3053.    
   5.0119E+05    3061.    
   6.3096E+05    3069.    
   7.9433E+05    3075.    
   1.0000E+06    3082.    
   1.2589E+06    3089.    
   1.5849E+06    3096.    
   1.9953E+06    3103.    
   2.5119E+06    3111.    
   3.1623E+06    3119.    
   3.9811E+06    3127.    
   5.0119E+06    3135.    
   6.3096E+06    3144.    
   7.9433E+06    3153.    
   1.0000E+07    3162.    
   1.2589E+07    3171.    
   1.5849E+07    3181.    
   1.9953E+07    3191.    
   2.5119E+07    3201.    
   3.1623E+07    3211.    
   3.9811E+07    3222.    
   5.0119E+07    3233.    
   6.3096E+07    3244.    
   7.9433E+07    3258.    
   1.0000E+08    3272.    
   1.2589E+08    3287.    
   1.5849E+08    3301.    
   1.9953E+08    3316.    
   2.5119E+08    3330.    
   3.1623E+08    3345.    
   3.9811E+08    3359.    
   5.0119E+08    3374.    
   6.3096E+08    3388.    
   7.9433E+08    3402.    
   1.0000E+09    3417.    
   1.2589E+09    3431.    
   1.5849E+09    3445.    
   1.9953E+09    3460.    
   2.5119E+09    3474.    
   3.1623E+09    3488.    
   3.9811E+09    3502.    
   5.0119E+09    3516.    
   6.3096E+09    3531.    
   7.9433E+09    3544.    
   1.0000E+10    3558.    
   1.2589E+10    3572.    
   1.5849E+10    3585.    
   1.9953E+10    3599.    
   2.5119E+10    3613.    
   3.1623E+10    3626.    
   3.9811E+10    3640.    
   5.0119E+10    3654.    
   6.3096E+10    3668.    
   7.9433E+10    3681.    
   1.0000E+11    3695.    
   1.2589E+11    3709.    
   1.5849E+11    3722.    
   1.9953E+11    3736.    
   2.5119E+11    3750.    
   3.1623E+11    3764.    
   3.9811E+11    3777.    
   5.0119E+11    3791.    
   6.3096E+11    3805.    
   7.9433E+11    3818.    
