# pj= 9  56 26
# tg=  14 0.781  16 0.210  40 0.009
    100.0        1852.    
    125.9        1852.    
    158.5        1852.    
    199.5        1852.    
    251.2        1853.    
    316.2        1853.    
    398.1        1854.    
    501.2        1854.    
    631.0        1855.    
    794.3        1856.    
    1000.        1858.    
    1259.        1859.    
    1585.        1861.    
    1995.        1863.    
    2512.        1865.    
    3162.        1867.    
    3981.        1870.    
    5012.        1873.    
    6310.        1876.    
    7943.        1880.    
   1.0000E+04    1885.    
   1.2589E+04    1889.    
   1.5849E+04    1894.    
   1.9953E+04    1899.    
   2.5119E+04    1904.    
   3.1623E+04    1909.    
   3.9811E+04    1915.    
   5.0119E+04    1920.    
   6.3096E+04    1925.    
   7.9433E+04    1930.    
   1.0000E+05    1936.    
   1.2589E+05    1941.    
   1.5849E+05    1947.    
   1.9953E+05    1953.    
   2.5119E+05    1958.    
   3.1623E+05    1964.    
   3.9811E+05    1970.    
   5.0119E+05    1976.    
   6.3096E+05    1982.    
   7.9433E+05    1987.    
   1.0000E+06    1992.    
   1.2589E+06    1997.    
   1.5849E+06    2002.    
   1.9953E+06    2008.    
   2.5119E+06    2013.    
   3.1623E+06    2019.    
   3.9811E+06    2025.    
   5.0119E+06    2032.    
   6.3096E+06    2038.    
   7.9433E+06    2045.    
   1.0000E+07    2052.    
   1.2589E+07    2060.    
   1.5849E+07    2067.    
   1.9953E+07    2075.    
   2.5119E+07    2083.    
   3.1623E+07    2091.    
   3.9811E+07    2100.    
   5.0119E+07    2108.    
   6.3096E+07    2117.    
   7.9433E+07    2129.    
   1.0000E+08    2141.    
   1.2589E+08    2153.    
   1.5849E+08    2166.    
   1.9953E+08    2178.    
   2.5119E+08    2190.    
   3.1623E+08    2202.    
   3.9811E+08    2214.    
   5.0119E+08    2226.    
   6.3096E+08    2238.    
   7.9433E+08    2250.    
   1.0000E+09    2262.    
   1.2589E+09    2274.    
   1.5849E+09    2286.    
   1.9953E+09    2298.    
   2.5119E+09    2309.    
   3.1623E+09    2321.    
   3.9811E+09    2333.    
   5.0119E+09    2344.    
   6.3096E+09    2356.    
   7.9433E+09    2367.    
   1.0000E+10    2378.    
   1.2589E+10    2388.    
   1.5849E+10    2399.    
   1.9953E+10    2410.    
   2.5119E+10    2421.    
   3.1623E+10    2431.    
   3.9811E+10    2442.    
   5.0119E+10    2453.    
   6.3096E+10    2464.    
   7.9433E+10    2475.    
   1.0000E+11    2486.    
   1.2589E+11    2497.    
   1.5849E+11    2508.    
   1.9953E+11    2519.    
   2.5119E+11    2530.    
   3.1623E+11    2541.    
   3.9811E+11    2552.    
   5.0119E+11    2564.    
   6.3096E+11    2575.    
   7.9433E+11    2586.    
