# pj= 5  -1  1
# tg=  12 1.000
    100.0        151.8    
    125.9        152.5    
    158.5        153.3    
    199.5        154.2    
    251.2        155.1    
    316.2        156.0    
    398.1        157.0    
    501.2        158.1    
    631.0        159.2    
    794.3        160.3    
    1000.        161.6    
    1259.        162.8    
    1585.        164.1    
    1995.        165.5    
    2512.        167.0    
    3162.        168.5    
    3981.        170.0    
    5012.        171.6    
    6310.        173.3    
    7943.        175.1    
   1.0000E+04    176.9    
   1.2589E+04    178.8    
   1.5849E+04    181.0    
   1.9953E+04    183.2    
   2.5119E+04    185.5    
   3.1623E+04    187.8    
   3.9811E+04    190.2    
   5.0119E+04    192.6    
   6.3096E+04    195.2    
   7.9433E+04    197.7    
   1.0000E+05    200.4    
   1.2589E+05    203.1    
   1.5849E+05    205.9    
   1.9953E+05    208.7    
   2.5119E+05    211.7    
   3.1623E+05    214.7    
   3.9811E+05    217.7    
   5.0119E+05    220.9    
   6.3096E+05    224.1    
   7.9433E+05    227.4    
   1.0000E+06    230.9    
   1.2589E+06    234.5    
   1.5849E+06    238.9    
   1.9953E+06    243.3    
   2.5119E+06    247.8    
   3.1623E+06    252.3    
   3.9811E+06    256.8    
   5.0119E+06    261.3    
   6.3096E+06    265.9    
   7.9433E+06    270.5    
   1.0000E+07    275.1    
   1.2589E+07    279.7    
   1.5849E+07    284.4    
   1.9953E+07    289.1    
   2.5119E+07    293.8    
   3.1623E+07    298.5    
   3.9811E+07    303.2    
   5.0119E+07    308.0    
   6.3096E+07    312.8    
   7.9433E+07    317.5    
   1.0000E+08    322.3    
   1.2589E+08    327.1    
   1.5849E+08    331.8    
   1.9953E+08    336.5    
   2.5119E+08    341.3    
   3.1623E+08    346.0    
   3.9811E+08    350.7    
   5.0119E+08    355.5    
   6.3096E+08    360.2    
   7.9433E+08    365.0    
   1.0000E+09    369.7    
   1.2589E+09    374.5    
   1.5849E+09    379.2    
   1.9953E+09    383.9    
   2.5119E+09    388.7    
   3.1623E+09    393.4    
   3.9811E+09    398.1    
   5.0119E+09    402.8    
   6.3096E+09    407.4    
   7.9433E+09    412.1    
   1.0000E+10    416.7    
   1.2589E+10    421.4    
   1.5849E+10    426.0    
   1.9953E+10    430.5    
   2.5119E+10    435.1    
   3.1623E+10    439.6    
   3.9811E+10    444.1    
   5.0119E+10    448.5    
   6.3096E+10    453.0    
   7.9433E+10    457.3    
   1.0000E+11    461.7    
   1.2589E+11    466.0    
   1.5849E+11    470.3    
   1.9953E+11    474.5    
   2.5119E+11    478.7    
   3.1623E+11    482.8    
   3.9811E+11    486.9    
   5.0119E+11    490.9    
   6.3096E+11    494.9    
   7.9433E+11    498.8    
