# pj= 6  -1  1
# tg=  56 1.000
    100.0        693.6    
    125.9        696.3    
    158.5        700.2    
    199.5        704.1    
    251.2        708.0    
    316.2        712.0    
    398.1        716.1    
    501.2        720.2    
    631.0        724.3    
    794.3        728.5    
    1000.        732.8    
    1259.        737.0    
    1585.        741.3    
    1995.        745.7    
    2512.        750.1    
    3162.        754.6    
    3981.        759.1    
    5012.        763.6    
    6310.        768.2    
    7943.        772.9    
   1.0000E+04    777.6    
   1.2589E+04    782.2    
   1.5849E+04    786.6    
   1.9953E+04    791.0    
   2.5119E+04    795.6    
   3.1623E+04    800.2    
   3.9811E+04    804.9    
   5.0119E+04    809.8    
   6.3096E+04    814.7    
   7.9433E+04    819.7    
   1.0000E+05    824.8    
   1.2589E+05    830.1    
   1.5849E+05    835.4    
   1.9953E+05    840.9    
   2.5119E+05    846.4    
   3.1623E+05    852.1    
   3.9811E+05    857.8    
   5.0119E+05    863.7    
   6.3096E+05    869.7    
   7.9433E+05    875.8    
   1.0000E+06    882.1    
   1.2589E+06    888.7    
   1.5849E+06    896.4    
   1.9953E+06    904.1    
   2.5119E+06    911.9    
   3.1623E+06    919.6    
   3.9811E+06    927.3    
   5.0119E+06    935.1    
   6.3096E+06    942.9    
   7.9433E+06    950.6    
   1.0000E+07    958.4    
   1.2589E+07    966.1    
   1.5849E+07    973.9    
   1.9953E+07    981.6    
   2.5119E+07    989.4    
   3.1623E+07    997.1    
   3.9811E+07    1005.    
   5.0119E+07    1013.    
   6.3096E+07    1020.    
   7.9433E+07    1028.    
   1.0000E+08    1036.    
   1.2589E+08    1044.    
   1.5849E+08    1051.    
   1.9953E+08    1059.    
   2.5119E+08    1066.    
   3.1623E+08    1074.    
   3.9811E+08    1082.    
   5.0119E+08    1089.    
   6.3096E+08    1097.    
   7.9433E+08    1105.    
   1.0000E+09    1112.    
   1.2589E+09    1120.    
   1.5849E+09    1127.    
   1.9953E+09    1135.    
   2.5119E+09    1142.    
   3.1623E+09    1150.    
   3.9811E+09    1157.    
   5.0119E+09    1165.    
   6.3096E+09    1172.    
   7.9433E+09    1179.    
   1.0000E+10    1187.    
   1.2589E+10    1194.    
   1.5849E+10    1201.    
   1.9953E+10    1209.    
   2.5119E+10    1216.    
   3.1623E+10    1223.    
   3.9811E+10    1230.    
   5.0119E+10    1237.    
   6.3096E+10    1244.    
   7.9433E+10    1251.    
   1.0000E+11    1258.    
   1.2589E+11    1265.    
   1.5849E+11    1272.    
   1.9953E+11    1279.    
   2.5119E+11    1286.    
   3.1623E+11    1293.    
   3.9811E+11    1300.    
   5.0119E+11    1307.    
   6.3096E+11    1313.    
   7.9433E+11    1320.    
