# pj= 5  -1  1
# tg=   1 1.000
    100.0        18.19    
    125.9        18.31    
    158.5        18.42    
    199.5        18.55    
    251.2        18.69    
    316.2        18.84    
    398.1        18.99    
    501.2        19.16    
    631.0        19.33    
    794.3        19.52    
    1000.        19.72    
    1259.        19.93    
    1585.        20.15    
    1995.        20.38    
    2512.        20.63    
    3162.        20.89    
    3981.        21.16    
    5012.        21.44    
    6310.        21.74    
    7943.        22.05    
   1.0000E+04    22.38    
   1.2589E+04    22.74    
   1.5849E+04    23.15    
   1.9953E+04    23.57    
   2.5119E+04    24.01    
   3.1623E+04    24.46    
   3.9811E+04    24.93    
   5.0119E+04    25.41    
   6.3096E+04    25.90    
   7.9433E+04    26.41    
   1.0000E+05    26.94    
   1.2589E+05    27.48    
   1.5849E+05    28.03    
   1.9953E+05    28.61    
   2.5119E+05    29.20    
   3.1623E+05    29.81    
   3.9811E+05    30.44    
   5.0119E+05    31.09    
   6.3096E+05    31.76    
   7.9433E+05    32.45    
   1.0000E+06    33.17    
   1.2589E+06    33.94    
   1.5849E+06    34.84    
   1.9953E+06    35.75    
   2.5119E+06    36.68    
   3.1623E+06    37.63    
   3.9811E+06    38.59    
   5.0119E+06    39.57    
   6.3096E+06    40.57    
   7.9433E+06    41.58    
   1.0000E+07    42.60    
   1.2589E+07    43.65    
   1.5849E+07    44.70    
   1.9953E+07    45.78    
   2.5119E+07    46.86    
   3.1623E+07    47.97    
   3.9811E+07    49.08    
   5.0119E+07    50.22    
   6.3096E+07    51.36    
   7.9433E+07    52.52    
   1.0000E+08    53.70    
   1.2589E+08    54.90    
   1.5849E+08    56.15    
   1.9953E+08    57.42    
   2.5119E+08    58.69    
   3.1623E+08    59.97    
   3.9811E+08    61.26    
   5.0119E+08    62.56    
   6.3096E+08    63.86    
   7.9433E+08    65.18    
   1.0000E+09    66.49    
   1.2589E+09    67.81    
   1.5849E+09    69.14    
   1.9953E+09    70.47    
   2.5119E+09    71.80    
   3.1623E+09    73.13    
   3.9811E+09    74.47    
   5.0119E+09    75.80    
   6.3096E+09    77.14    
   7.9433E+09    78.47    
   1.0000E+10    79.80    
   1.2589E+10    81.12    
   1.5849E+10    82.44    
   1.9953E+10    83.76    
   2.5119E+10    85.07    
   3.1623E+10    86.37    
   3.9811E+10    87.66    
   5.0119E+10    88.95    
   6.3096E+10    90.22    
   7.9433E+10    91.48    
   1.0000E+11    92.73    
   1.2589E+11    93.97    
   1.5849E+11    95.19    
   1.9953E+11    96.40    
   2.5119E+11    97.60    
   3.1623E+11    98.77    
   3.9811E+11    99.93    
   5.0119E+11    101.1    
   6.3096E+11    102.2    
   7.9433E+11    103.3    
