# pj= 9  12  6
# tg=  14 0.781  16 0.210  40 0.009
    100.0        958.0    
    125.9        958.7    
    158.5        959.5    
    199.5        960.5    
    251.2        961.6    
    316.2        962.9    
    398.1        964.3    
    501.2        965.8    
    631.0        967.5    
    794.3        969.4    
    1000.        971.4    
    1259.        973.5    
    1585.        976.3    
    1995.        979.6    
    2512.        983.1    
    3162.        986.5    
    3981.        990.1    
    5012.        993.7    
    6310.        997.3    
    7943.        1001.    
   1.0000E+04    1005.    
   1.2589E+04    1009.    
   1.5849E+04    1013.    
   1.9953E+04    1017.    
   2.5119E+04    1021.    
   3.1623E+04    1025.    
   3.9811E+04    1029.    
   5.0119E+04    1033.    
   6.3096E+04    1037.    
   7.9433E+04    1042.    
   1.0000E+05    1046.    
   1.2589E+05    1051.    
   1.5849E+05    1055.    
   1.9953E+05    1059.    
   2.5119E+05    1063.    
   3.1623E+05    1068.    
   3.9811E+05    1072.    
   5.0119E+05    1077.    
   6.3096E+05    1082.    
   7.9433E+05    1087.    
   1.0000E+06    1092.    
   1.2589E+06    1097.    
   1.5849E+06    1102.    
   1.9953E+06    1107.    
   2.5119E+06    1113.    
   3.1623E+06    1119.    
   3.9811E+06    1125.    
   5.0119E+06    1131.    
   6.3096E+06    1137.    
   7.9433E+06    1143.    
   1.0000E+07    1149.    
   1.2589E+07    1156.    
   1.5849E+07    1164.    
   1.9953E+07    1172.    
   2.5119E+07    1181.    
   3.1623E+07    1189.    
   3.9811E+07    1198.    
   5.0119E+07    1206.    
   6.3096E+07    1215.    
   7.9433E+07    1223.    
   1.0000E+08    1232.    
   1.2589E+08    1240.    
   1.5849E+08    1249.    
   1.9953E+08    1257.    
   2.5119E+08    1266.    
   3.1623E+08    1274.    
   3.9811E+08    1283.    
   5.0119E+08    1291.    
   6.3096E+08    1300.    
   7.9433E+08    1309.    
   1.0000E+09    1317.    
   1.2589E+09    1326.    
   1.5849E+09    1334.    
   1.9953E+09    1343.    
   2.5119E+09    1351.    
   3.1623E+09    1360.    
   3.9811E+09    1368.    
   5.0119E+09    1377.    
   6.3096E+09    1385.    
   7.9433E+09    1394.    
   1.0000E+10    1402.    
   1.2589E+10    1411.    
   1.5849E+10    1419.    
   1.9953E+10    1428.    
   2.5119E+10    1436.    
   3.1623E+10    1444.    
   3.9811E+10    1453.    
   5.0119E+10    1461.    
   6.3096E+10    1469.    
   7.9433E+10    1478.    
   1.0000E+11    1486.    
   1.2589E+11    1494.    
   1.5849E+11    1503.    
   1.9953E+11    1511.    
   2.5119E+11    1519.    
   3.1623E+11    1527.    
   3.9811E+11    1535.    
   5.0119E+11    1543.    
   6.3096E+11    1552.    
   7.9433E+11    1560.    
