# pj= 5  -1  1
# tg= 184 1.000
    100.0        1243.    
    125.9        1247.    
    158.5        1253.    
    199.5        1259.    
    251.2        1265.    
    316.2        1271.    
    398.1        1277.    
    501.2        1283.    
    631.0        1290.    
    794.3        1296.    
    1000.        1302.    
    1259.        1309.    
    1585.        1316.    
    1995.        1323.    
    2512.        1330.    
    3162.        1337.    
    3981.        1344.    
    5012.        1351.    
    6310.        1359.    
    7943.        1366.    
   1.0000E+04    1374.    
   1.2589E+04    1381.    
   1.5849E+04    1389.    
   1.9953E+04    1397.    
   2.5119E+04    1405.    
   3.1623E+04    1414.    
   3.9811E+04    1422.    
   5.0119E+04    1430.    
   6.3096E+04    1439.    
   7.9433E+04    1448.    
   1.0000E+05    1456.    
   1.2589E+05    1465.    
   1.5849E+05    1475.    
   1.9953E+05    1484.    
   2.5119E+05    1493.    
   3.1623E+05    1503.    
   3.9811E+05    1512.    
   5.0119E+05    1522.    
   6.3096E+05    1532.    
   7.9433E+05    1542.    
   1.0000E+06    1553.    
   1.2589E+06    1564.    
   1.5849E+06    1576.    
   1.9953E+06    1588.    
   2.5119E+06    1601.    
   3.1623E+06    1613.    
   3.9811E+06    1625.    
   5.0119E+06    1637.    
   6.3096E+06    1650.    
   7.9433E+06    1662.    
   1.0000E+07    1674.    
   1.2589E+07    1686.    
   1.5849E+07    1699.    
   1.9953E+07    1711.    
   2.5119E+07    1723.    
   3.1623E+07    1735.    
   3.9811E+07    1747.    
   5.0119E+07    1759.    
   6.3096E+07    1771.    
   7.9433E+07    1783.    
   1.0000E+08    1795.    
   1.2589E+08    1807.    
   1.5849E+08    1819.    
   1.9953E+08    1831.    
   2.5119E+08    1842.    
   3.1623E+08    1854.    
   3.9811E+08    1866.    
   5.0119E+08    1878.    
   6.3096E+08    1889.    
   7.9433E+08    1901.    
   1.0000E+09    1912.    
   1.2589E+09    1923.    
   1.5849E+09    1935.    
   1.9953E+09    1946.    
   2.5119E+09    1957.    
   3.1623E+09    1968.    
   3.9811E+09    1979.    
   5.0119E+09    1990.    
   6.3096E+09    2001.    
   7.9433E+09    2012.    
   1.0000E+10    2022.    
   1.2589E+10    2033.    
   1.5849E+10    2043.    
   1.9953E+10    2054.    
   2.5119E+10    2064.    
   3.1623E+10    2074.    
   3.9811E+10    2084.    
   5.0119E+10    2094.    
   6.3096E+10    2104.    
   7.9433E+10    2114.    
   1.0000E+11    2123.    
   1.2589E+11    2133.    
   1.5849E+11    2142.    
   1.9953E+11    2152.    
   2.5119E+11    2161.    
   3.1623E+11    2170.    
   3.9811E+11    2179.    
   5.0119E+11    2188.    
   6.3096E+11    2197.    
   7.9433E+11    2205.    
