# pj= 4  -1  1
# tg=  14 0.781  16 0.210  40 0.009
    100.0        204.2    
    125.9        205.4    
    158.5        207.2    
    199.5        209.0    
    251.2        210.8    
    316.2        212.6    
    398.1        214.5    
    501.2        216.4    
    631.0        218.4    
    794.3        220.4    
    1000.        222.4    
    1259.        224.5    
    1585.        226.6    
    1995.        228.7    
    2512.        230.9    
    3162.        233.1    
    3981.        235.3    
    5012.        237.6    
    6310.        239.9    
    7943.        242.3    
   1.0000E+04    244.7    
   1.2589E+04    247.0    
   1.5849E+04    249.2    
   1.9953E+04    251.4    
   2.5119E+04    253.8    
   3.1623E+04    256.1    
   3.9811E+04    258.6    
   5.0119E+04    261.1    
   6.3096E+04    263.8    
   7.9433E+04    266.5    
   1.0000E+05    269.3    
   1.2589E+05    272.2    
   1.5849E+05    275.1    
   1.9953E+05    278.2    
   2.5119E+05    281.4    
   3.1623E+05    284.6    
   3.9811E+05    288.0    
   5.0119E+05    291.4    
   6.3096E+05    295.0    
   7.9433E+05    298.7    
   1.0000E+06    302.4    
   1.2589E+06    306.6    
   1.5849E+06    311.8    
   1.9953E+06    317.0    
   2.5119E+06    322.3    
   3.1623E+06    327.6    
   3.9811E+06    332.9    
   5.0119E+06    338.2    
   6.3096E+06    343.5    
   7.9433E+06    348.9    
   1.0000E+07    354.2    
   1.2589E+07    359.6    
   1.5849E+07    365.0    
   1.9953E+07    370.4    
   2.5119E+07    375.8    
   3.1623E+07    381.2    
   3.9811E+07    386.6    
   5.0119E+07    392.0    
   6.3096E+07    397.4    
   7.9433E+07    402.8    
   1.0000E+08    408.2    
   1.2589E+08    413.6    
   1.5849E+08    418.6    
   1.9953E+08    423.7    
   2.5119E+08    428.9    
   3.1623E+08    434.0    
   3.9811E+08    439.1    
   5.0119E+08    444.2    
   6.3096E+08    449.4    
   7.9433E+08    454.5    
   1.0000E+09    459.6    
   1.2589E+09    464.8    
   1.5849E+09    469.9    
   1.9953E+09    475.1    
   2.5119E+09    480.2    
   3.1623E+09    485.3    
   3.9811E+09    490.5    
   5.0119E+09    495.6    
   6.3096E+09    500.7    
   7.9433E+09    505.8    
   1.0000E+10    510.9    
   1.2589E+10    516.0    
   1.5849E+10    521.0    
   1.9953E+10    526.1    
   2.5119E+10    531.1    
   3.1623E+10    536.2    
   3.9811E+10    541.1    
   5.0119E+10    546.1    
   6.3096E+10    551.1    
   7.9433E+10    556.0    
   1.0000E+11    560.9    
   1.2589E+11    565.8    
   1.5849E+11    570.6    
   1.9953E+11    575.5    
   2.5119E+11    580.3    
   3.1623E+11    585.0    
   3.9811E+11    589.7    
   5.0119E+11    594.4    
   6.3096E+11    599.1    
   7.9433E+11    603.7    
