# pj= 6  -1  1
# tg=  12 1.000
    100.0        230.6    
    125.9        231.8    
    158.5        233.7    
    199.5        235.5    
    251.2        237.4    
    316.2        239.3    
    398.1        241.3    
    501.2        243.3    
    631.0        245.3    
    794.3        247.4    
    1000.        249.5    
    1259.        251.6    
    1585.        253.8    
    1995.        256.0    
    2512.        258.2    
    3162.        260.5    
    3981.        262.8    
    5012.        265.1    
    6310.        267.5    
    7943.        269.9    
   1.0000E+04    272.4    
   1.2589E+04    274.8    
   1.5849E+04    277.2    
   1.9953E+04    279.6    
   2.5119E+04    282.0    
   3.1623E+04    284.6    
   3.9811E+04    287.2    
   5.0119E+04    289.8    
   6.3096E+04    292.5    
   7.9433E+04    295.3    
   1.0000E+05    298.1    
   1.2589E+05    301.0    
   1.5849E+05    304.0    
   1.9953E+05    307.1    
   2.5119E+05    310.2    
   3.1623E+05    313.4    
   3.9811E+05    316.7    
   5.0119E+05    320.0    
   6.3096E+05    323.4    
   7.9433E+05    326.9    
   1.0000E+06    330.5    
   1.2589E+06    334.4    
   1.5849E+06    338.9    
   1.9953E+06    343.5    
   2.5119E+06    348.1    
   3.1623E+06    352.7    
   3.9811E+06    357.4    
   5.0119E+06    362.0    
   6.3096E+06    366.7    
   7.9433E+06    371.4    
   1.0000E+07    376.0    
   1.2589E+07    380.8    
   1.5849E+07    385.5    
   1.9953E+07    390.2    
   2.5119E+07    395.0    
   3.1623E+07    399.7    
   3.9811E+07    404.5    
   5.0119E+07    409.2    
   6.3096E+07    414.0    
   7.9433E+07    418.8    
   1.0000E+08    423.6    
   1.2589E+08    428.4    
   1.5849E+08    433.1    
   1.9953E+08    437.9    
   2.5119E+08    442.6    
   3.1623E+08    447.4    
   3.9811E+08    452.1    
   5.0119E+08    456.9    
   6.3096E+08    461.6    
   7.9433E+08    466.4    
   1.0000E+09    471.2    
   1.2589E+09    475.9    
   1.5849E+09    480.6    
   1.9953E+09    485.4    
   2.5119E+09    490.1    
   3.1623E+09    494.8    
   3.9811E+09    499.5    
   5.0119E+09    504.2    
   6.3096E+09    508.9    
   7.9433E+09    513.6    
   1.0000E+10    518.3    
   1.2589E+10    522.9    
   1.5849E+10    527.6    
   1.9953E+10    532.2    
   2.5119E+10    536.8    
   3.1623E+10    541.3    
   3.9811E+10    545.9    
   5.0119E+10    550.4    
   6.3096E+10    554.9    
   7.9433E+10    559.4    
   1.0000E+11    563.9    
   1.2589E+11    568.3    
   1.5849E+11    572.7    
   1.9953E+11    577.1    
   2.5119E+11    581.4    
   3.1623E+11    585.7    
   3.9811E+11    590.0    
   5.0119E+11    594.2    
   6.3096E+11    598.4    
   7.9433E+11    602.6    
