# pj= 9  56 26
# tg= 184 1.000
    100.0        4529.    
    125.9        4528.    
    158.5        4528.    
    199.5        4528.    
    251.2        4528.    
    316.2        4528.    
    398.1        4528.    
    501.2        4529.    
    631.0        4530.    
    794.3        4532.    
    1000.        4534.    
    1259.        4536.    
    1585.        4538.    
    1995.        4541.    
    2512.        4544.    
    3162.        4548.    
    3981.        4552.    
    5012.        4556.    
    6310.        4560.    
    7943.        4568.    
   1.0000E+04    4576.    
   1.2589E+04    4584.    
   1.5849E+04    4592.    
   1.9953E+04    4600.    
   2.5119E+04    4608.    
   3.1623E+04    4617.    
   3.9811E+04    4625.    
   5.0119E+04    4634.    
   6.3096E+04    4642.    
   7.9433E+04    4651.    
   1.0000E+05    4659.    
   1.2589E+05    4668.    
   1.5849E+05    4677.    
   1.9953E+05    4686.    
   2.5119E+05    4695.    
   3.1623E+05    4704.    
   3.9811E+05    4713.    
   5.0119E+05    4722.    
   6.3096E+05    4731.    
   7.9433E+05    4739.    
   1.0000E+06    4747.    
   1.2589E+06    4754.    
   1.5849E+06    4762.    
   1.9953E+06    4771.    
   2.5119E+06    4779.    
   3.1623E+06    4788.    
   3.9811E+06    4797.    
   5.0119E+06    4807.    
   6.3096E+06    4817.    
   7.9433E+06    4827.    
   1.0000E+07    4837.    
   1.2589E+07    4848.    
   1.5849E+07    4858.    
   1.9953E+07    4870.    
   2.5119E+07    4881.    
   3.1623E+07    4893.    
   3.9811E+07    4905.    
   5.0119E+07    4917.    
   6.3096E+07    4930.    
   7.9433E+07    4945.    
   1.0000E+08    4960.    
   1.2589E+08    4975.    
   1.5849E+08    4990.    
   1.9953E+08    5006.    
   2.5119E+08    5022.    
   3.1623E+08    5037.    
   3.9811E+08    5053.    
   5.0119E+08    5069.    
   6.3096E+08    5085.    
   7.9433E+08    5101.    
   1.0000E+09    5118.    
   1.2589E+09    5134.    
   1.5849E+09    5151.    
   1.9953E+09    5168.    
   2.5119E+09    5184.    
   3.1623E+09    5201.    
   3.9811E+09    5218.    
   5.0119E+09    5236.    
   6.3096E+09    5253.    
   7.9433E+09    5273.    
   1.0000E+10    5293.    
   1.2589E+10    5313.    
   1.5849E+10    5333.    
   1.9953E+10    5353.    
   2.5119E+10    5372.    
   3.1623E+10    5392.    
   3.9811E+10    5411.    
   5.0119E+10    5430.    
   6.3096E+10    5449.    
   7.9433E+10    5468.    
   1.0000E+11    5486.    
   1.2589E+11    5505.    
   1.5849E+11    5523.    
   1.9953E+11    5541.    
   2.5119E+11    5559.    
   3.1623E+11    5577.    
   3.9811E+11    5595.    
   5.0119E+11    5612.    
   6.3096E+11    5630.    
   7.9433E+11    5647.    
