# pj= 4  -1  1
# tg=  12 1.000
    100.0        173.7    
    125.9        174.8    
    158.5        176.3    
    199.5        177.9    
    251.2        179.5    
    316.2        181.2    
    398.1        182.8    
    501.2        184.5    
    631.0        186.3    
    794.3        188.0    
    1000.        189.8    
    1259.        191.6    
    1585.        193.5    
    1995.        195.4    
    2512.        197.3    
    3162.        199.3    
    3981.        201.3    
    5012.        203.3    
    6310.        205.4    
    7943.        207.5    
   1.0000E+04    209.6    
   1.2589E+04    211.7    
   1.5849E+04    213.6    
   1.9953E+04    215.6    
   2.5119E+04    217.7    
   3.1623E+04    219.8    
   3.9811E+04    222.0    
   5.0119E+04    224.2    
   6.3096E+04    226.6    
   7.9433E+04    229.0    
   1.0000E+05    231.5    
   1.2589E+05    234.1    
   1.5849E+05    236.7    
   1.9953E+05    239.5    
   2.5119E+05    242.3    
   3.1623E+05    245.3    
   3.9811E+05    248.3    
   5.0119E+05    251.4    
   6.3096E+05    254.6    
   7.9433E+05    257.9    
   1.0000E+06    261.3    
   1.2589E+06    265.1    
   1.5849E+06    269.8    
   1.9953E+06    274.6    
   2.5119E+06    279.4    
   3.1623E+06    284.2    
   3.9811E+06    289.0    
   5.0119E+06    293.9    
   6.3096E+06    298.7    
   7.9433E+06    303.6    
   1.0000E+07    308.6    
   1.2589E+07    313.5    
   1.5849E+07    318.4    
   1.9953E+07    323.4    
   2.5119E+07    328.3    
   3.1623E+07    333.3    
   3.9811E+07    338.3    
   5.0119E+07    343.3    
   6.3096E+07    348.2    
   7.9433E+07    353.2    
   1.0000E+08    358.2    
   1.2589E+08    363.1    
   1.5849E+08    367.9    
   1.9953E+08    372.6    
   2.5119E+08    377.4    
   3.1623E+08    382.1    
   3.9811E+08    386.9    
   5.0119E+08    391.7    
   6.3096E+08    396.5    
   7.9433E+08    401.3    
   1.0000E+09    406.0    
   1.2589E+09    410.8    
   1.5849E+09    415.6    
   1.9953E+09    420.4    
   2.5119E+09    425.2    
   3.1623E+09    430.0    
   3.9811E+09    434.8    
   5.0119E+09    439.6    
   6.3096E+09    444.4    
   7.9433E+09    449.1    
   1.0000E+10    453.9    
   1.2589E+10    458.6    
   1.5849E+10    463.4    
   1.9953E+10    468.1    
   2.5119E+10    472.8    
   3.1623E+10    477.5    
   3.9811E+10    482.1    
   5.0119E+10    486.8    
   6.3096E+10    491.4    
   7.9433E+10    496.0    
   1.0000E+11    500.6    
   1.2589E+11    505.2    
   1.5849E+11    509.7    
   1.9953E+11    514.2    
   2.5119E+11    518.7    
   3.1623E+11    523.1    
   3.9811E+11    527.5    
   5.0119E+11    531.9    
   6.3096E+11    536.2    
   7.9433E+11    540.5    
