   1   1   1
  1  1.391E+00  1.413E+00
  2  1.757E+00  1.792E+00
  3  2.211E+00  2.252E+00
  4  2.762E+00  2.796E+00
  5  3.485E+00  3.549E+00
  6  4.373E+00  4.450E+00
  7  5.501E+00  5.594E+00
  8  6.927E+00  7.026E+00
  9  8.782E+00  8.887E+00
 10  1.099E+01  1.115E+01
 11  1.389E+01  1.416E+01
 12  1.754E+01  1.788E+01
 13  2.218E+01  2.263E+01
 14  2.796E+01  2.849E+01
 15  3.551E+01  3.632E+01
 16  4.491E+01  4.591E+01
 17  5.669E+01  5.796E+01
 18  7.200E+01  7.379E+01
 19  9.110E+01  9.365E+01
 20  1.155E+02  1.187E+02
 21  1.470E+02  1.516E+02
 22  1.874E+02  1.938E+02
 23  2.389E+02  2.477E+02
 24  3.064E+02  3.186E+02
 25  3.912E+02  4.067E+02
 26  5.025E+02  5.261E+02
 27  6.439E+02  6.751E+02
 28  8.318E+02  8.720E+02
 29  1.067E+03  1.122E+03
 30  1.359E+03  1.432E+03
 31  1.756E+03  1.850E+03
 32  2.253E+03  2.375E+03
 33  2.878E+03  3.047E+03
 34  3.619E+03  3.821E+03
 35  4.708E+03  4.996E+03
 36  6.149E+03  6.439E+03
 37  7.834E+03  8.243E+03
 38  1.064E+04  1.129E+04
 39  1.369E+04  1.435E+04
 40  1.852E+04  2.064E+04
 41  2.656E+04  2.664E+04
0 0 0 0 0 0 0 0 0 0 0 0 
   2   1   1
  1  1.395E+00  1.418E+00
  2  1.752E+00  1.782E+00
  3  2.193E+00  2.229E+00
  4  2.769E+00  2.811E+00
  5  3.493E+00  3.555E+00
  6  4.363E+00  4.445E+00
  7  5.532E+00  5.618E+00
  8  6.930E+00  7.036E+00
  9  8.775E+00  8.923E+00
 10  1.106E+01  1.124E+01
 11  1.378E+01  1.396E+01
 12  1.759E+01  1.792E+01
 13  2.221E+01  2.258E+01
 14  2.805E+01  2.867E+01
 15  3.549E+01  3.625E+01
 16  4.474E+01  4.579E+01
 17  5.682E+01  5.812E+01
 18  7.185E+01  7.359E+01
 19  9.147E+01  9.383E+01
 20  1.163E+02  1.198E+02
 21  1.479E+02  1.526E+02
 22  1.882E+02  1.943E+02
 23  2.400E+02  2.487E+02
 24  3.060E+02  3.182E+02
 25  3.922E+02  4.100E+02
 26  5.065E+02  5.299E+02
 27  6.501E+02  6.796E+02
 28  8.304E+02  8.731E+02
 29  1.069E+03  1.129E+03
 30  1.381E+03  1.461E+03
 31  1.772E+03  1.871E+03
 32  2.252E+03  2.395E+03
 33  2.927E+03  3.057E+03
 34  3.742E+03  3.912E+03
 35  4.863E+03  5.124E+03
 36  6.259E+03  6.570E+03
 37  8.491E+03  8.937E+03
 38  1.130E+04  1.184E+04
 39  1.397E+04  1.441E+04
 40  1.954E+04  1.966E+04
0 0 0 0 0 0 0 0 0 0 0 0 
   3   1   1
  1  1.396E+00  1.420E+00
  2  1.740E+00  1.771E+00
  3  2.194E+00  2.233E+00
  4  2.780E+00  2.834E+00
  5  3.459E+00  3.508E+00
  6  4.417E+00  4.506E+00
  7  5.519E+00  5.610E+00
  8  6.940E+00  7.045E+00
  9  8.823E+00  8.958E+00
 10  1.105E+01  1.125E+01
 11  1.406E+01  1.432E+01
 12  1.771E+01  1.800E+01
 13  2.223E+01  2.268E+01
 14  2.830E+01  2.890E+01
 15  3.545E+01  3.622E+01
 16  4.514E+01  4.627E+01
 17  5.691E+01  5.825E+01
 18  7.248E+01  7.426E+01
 19  9.182E+01  9.450E+01
 20  1.164E+02  1.199E+02
 21  1.487E+02  1.536E+02
 22  1.898E+02  1.965E+02
 23  2.419E+02  2.510E+02
 24  3.101E+02  3.226E+02
 25  3.996E+02  4.186E+02
 26  5.100E+02  5.338E+02
 27  6.599E+02  6.964E+02
 28  8.458E+02  8.916E+02
 29  1.086E+03  1.148E+03
 30  1.408E+03  1.498E+03
 31  1.802E+03  1.908E+03
 32  2.264E+03  2.420E+03
 33  2.857E+03  3.020E+03
 34  3.837E+03  3.994E+03
 35  4.849E+03  5.198E+03
 36  6.400E+03  6.902E+03
 37  7.661E+03  8.414E+03
 38  1.095E+04  1.127E+04
 39  1.308E+04  1.338E+04
 40  2.304E+04  2.330E+04
 41  1.950E+04  1.952E+04
0 0 0 0 0 0 0 0 0 0 0 0 
   4   1   1
  1  1.406E+00  1.437E+00
  2  1.754E+00  1.783E+00
  3  2.201E+00  2.242E+00
  4  2.756E+00  2.794E+00
  5  3.486E+00  3.543E+00
  6  4.405E+00  4.487E+00
  7  5.518E+00  5.619E+00
  8  6.916E+00  7.027E+00
  9  8.845E+00  8.955E+00
 10  1.115E+01  1.142E+01
 11  1.398E+01  1.426E+01
 12  1.762E+01  1.788E+01
 13  2.232E+01  2.272E+01
 14  2.825E+01  2.881E+01
 15  3.555E+01  3.633E+01
 16  4.504E+01  4.599E+01
 17  5.720E+01  5.858E+01
 18  7.248E+01  7.415E+01
 19  9.178E+01  9.444E+01
 20  1.170E+02  1.206E+02
 21  1.488E+02  1.536E+02
 22  1.902E+02  1.972E+02
 23  2.423E+02  2.518E+02
 24  3.099E+02  3.224E+02
 25  3.985E+02  4.152E+02
 26  5.119E+02  5.361E+02
 27  6.555E+02  6.908E+02
 28  8.433E+02  8.848E+02
 29  1.085E+03  1.148E+03
 30  1.401E+03  1.464E+03
 31  1.809E+03  1.896E+03
 32  2.318E+03  2.453E+03
 33  2.880E+03  3.105E+03
 34  3.729E+03  3.929E+03
 35  4.930E+03  5.170E+03
 36  6.132E+03  6.501E+03
 37  8.273E+03  8.908E+03
 38  1.076E+04  1.200E+04
 39  1.503E+04  1.517E+04
0 0 0 0 0 0 0 0 0 0 0 0 
   5   1   1
  1  1.395E+00  1.417E+00
  2  1.749E+00  1.785E+00
  3  2.180E+00  2.219E+00
  4  2.742E+00  2.784E+00
  5  3.490E+00  3.550E+00
  6  4.341E+00  4.407E+00
  7  5.524E+00  5.607E+00
  8  6.952E+00  7.088E+00
  9  8.779E+00  8.930E+00
 10  1.111E+01  1.135E+01
 11  1.397E+01  1.423E+01
 12  1.769E+01  1.809E+01
 13  2.217E+01  2.263E+01
 14  2.813E+01  2.870E+01
 15  3.548E+01  3.615E+01
 16  4.501E+01  4.612E+01
 17  5.703E+01  5.838E+01
 18  7.205E+01  7.378E+01
 19  9.174E+01  9.419E+01
 20  1.164E+02  1.198E+02
 21  1.475E+02  1.522E+02
 22  1.878E+02  1.943E+02
 23  2.406E+02  2.489E+02
 24  3.061E+02  3.185E+02
 25  3.929E+02  4.101E+02
 26  5.072E+02  5.289E+02
 27  6.460E+02  6.749E+02
 28  8.241E+02  8.644E+02
 29  1.071E+03  1.123E+03
 30  1.373E+03  1.438E+03
 31  1.770E+03  1.836E+03
 32  2.231E+03  2.358E+03
 33  2.848E+03  2.984E+03
 34  3.632E+03  3.787E+03
 35  4.644E+03  4.876E+03
 36  5.659E+03  6.050E+03
 37  7.488E+03  7.709E+03
 38  1.067E+04  1.096E+04
 39  1.232E+04  1.522E+04
 40  1.596E+04  1.602E+04
0 0 0 0 0 0 0 0 0 0 0 0 
   6   1   1
  1  1.389E+00  1.410E+00
  2  1.758E+00  1.782E+00
  3  2.210E+00  2.251E+00
  4  2.744E+00  2.791E+00
  5  3.455E+00  3.509E+00
  6  4.401E+00  4.484E+00
  7  5.522E+00  5.622E+00
  8  6.977E+00  7.088E+00
  9  8.763E+00  8.915E+00
 10  1.109E+01  1.129E+01
 11  1.389E+01  1.411E+01
 12  1.762E+01  1.796E+01
 13  2.214E+01  2.256E+01
 14  2.806E+01  2.857E+01
 15  3.522E+01  3.601E+01
 16  4.485E+01  4.570E+01
 17  5.659E+01  5.798E+01
 18  7.167E+01  7.332E+01
 19  9.056E+01  9.303E+01
 20  1.156E+02  1.185E+02
 21  1.466E+02  1.507E+02
 22  1.868E+02  1.923E+02
 23  2.377E+02  2.454E+02
 24  3.022E+02  3.118E+02
 25  3.869E+02  4.012E+02
 26  4.935E+02  5.133E+02
 27  6.343E+02  6.605E+02
 28  8.104E+02  8.441E+02
 29  1.032E+03  1.075E+03
 30  1.327E+03  1.382E+03
 31  1.703E+03  1.749E+03
 32  2.165E+03  2.258E+03
 33  2.744E+03  2.895E+03
 34  3.533E+03  3.713E+03
 35  4.320E+03  4.571E+03
 36  5.696E+03  5.943E+03
 37  7.182E+03  7.453E+03
 38  9.466E+03  9.871E+03
 39  1.102E+04  1.195E+04
 40  1.850E+04  1.855E+04
0 0 0 0 0 0 0 0 0 0 0 0 
   7   1   1
  1  1.398E+00  1.423E+00
  2  1.753E+00  1.773E+00
  3  2.203E+00  2.248E+00
  4  2.755E+00  2.802E+00
  5  3.469E+00  3.536E+00
  6  4.378E+00  4.451E+00
  7  5.530E+00  5.629E+00
  8  6.968E+00  7.096E+00
  9  8.716E+00  8.865E+00
 10  1.107E+01  1.128E+01
 11  1.388E+01  1.412E+01
 12  1.758E+01  1.791E+01
 13  2.216E+01  2.247E+01
 14  2.774E+01  2.832E+01
 15  3.548E+01  3.616E+01
 16  4.469E+01  4.562E+01
 17  5.646E+01  5.764E+01
 18  7.152E+01  7.304E+01
 19  9.043E+01  9.268E+01
 20  1.149E+02  1.179E+02
 21  1.460E+02  1.497E+02
 22  1.851E+02  1.909E+02
 23  2.354E+02  2.425E+02
 24  2.994E+02  3.088E+02
 25  3.832E+02  3.961E+02
 26  4.889E+02  5.073E+02
 27  6.277E+02  6.525E+02
 28  8.005E+02  8.333E+02
 29  1.025E+03  1.060E+03
 30  1.300E+03  1.364E+03
 31  1.687E+03  1.753E+03
 32  2.136E+03  2.213E+03
 33  2.729E+03  2.853E+03
 34  3.412E+03  3.602E+03
 35  4.298E+03  4.464E+03
 36  5.701E+03  5.889E+03
 37  7.092E+03  7.484E+03
 38  9.371E+03  9.928E+03
 39  1.324E+04  1.343E+04
 40  1.466E+04  1.478E+04
0 0 0 0 0 0 0 0 0 0 0 0 
   8   1   1
  1  1.398E+00  1.422E+00
  2  1.748E+00  1.781E+00
  3  2.188E+00  2.221E+00
  4  2.749E+00  2.795E+00
  5  3.469E+00  3.536E+00
  6  4.367E+00  4.448E+00
  7  5.521E+00  5.610E+00
  8  6.965E+00  7.076E+00
  9  8.753E+00  8.927E+00
 10  1.105E+01  1.123E+01
 11  1.393E+01  1.418E+01
 12  1.758E+01  1.791E+01
 13  2.218E+01  2.252E+01
 14  2.797E+01  2.853E+01
 15  3.546E+01  3.612E+01
 16  4.485E+01  4.580E+01
 17  5.679E+01  5.795E+01
 18  7.168E+01  7.325E+01
 19  9.107E+01  9.334E+01
 20  1.157E+02  1.187E+02
 21  1.465E+02  1.506E+02
 22  1.861E+02  1.918E+02
 23  2.366E+02  2.438E+02
 24  3.026E+02  3.129E+02
 25  3.858E+02  4.007E+02
 26  4.912E+02  5.115E+02
 27  6.297E+02  6.585E+02
 28  8.088E+02  8.419E+02
 29  1.035E+03  1.077E+03
 30  1.331E+03  1.390E+03
 31  1.705E+03  1.787E+03
 32  2.200E+03  2.282E+03
 33  2.745E+03  2.824E+03
 34  3.581E+03  3.738E+03
 35  4.461E+03  4.746E+03
 36  5.675E+03  5.961E+03
 37  7.184E+03  7.972E+03
 38  9.640E+03  9.958E+03
 39  1.169E+04  1.185E+04
 40  1.704E+04  1.711E+04
 41  2.365E+04  2.368E+04
0 0 0 0 0 0 0 0 0 0 0 0 
   9   1   1
  1  1.390E+00  1.411E+00
  2  1.762E+00  1.788E+00
  3  2.203E+00  2.250E+00
  4  2.779E+00  2.824E+00
  5  3.473E+00  3.539E+00
  6  4.368E+00  4.441E+00
  7  5.538E+00  5.633E+00
  8  6.964E+00  7.097E+00
  9  8.797E+00  8.952E+00
 10  1.106E+01  1.125E+01
 11  1.390E+01  1.411E+01
 12  1.756E+01  1.788E+01
 13  2.227E+01  2.273E+01
 14  2.802E+01  2.855E+01
 15  3.565E+01  3.651E+01
 16  4.486E+01  4.577E+01
 17  5.694E+01  5.827E+01
 18  7.231E+01  7.400E+01
 19  9.147E+01  9.397E+01
 20  1.166E+02  1.202E+02
 21  1.480E+02  1.525E+02
 22  1.891E+02  1.952E+02
 23  2.405E+02  2.487E+02
 24  3.077E+02  3.200E+02
 25  3.945E+02  4.100E+02
 26  5.043E+02  5.255E+02
 27  6.478E+02  6.811E+02
 28  8.211E+02  8.662E+02
 29  1.072E+03  1.119E+03
 30  1.341E+03  1.425E+03
 31  1.747E+03  1.823E+03
 32  2.212E+03  2.339E+03
 33  2.859E+03  3.006E+03
 34  3.651E+03  3.865E+03
 35  4.643E+03  4.870E+03
 36  5.866E+03  6.246E+03
 37  8.039E+03  8.335E+03
 38  9.319E+03  9.541E+03
 39  1.262E+04  1.278E+04
0 0 0 0 0 0 0 0 0 0 0 0 
  10   1   1
  1  1.392E+00  1.413E+00
  2  1.755E+00  1.778E+00
  3  2.203E+00  2.234E+00
  4  2.759E+00  2.807E+00
  5  3.480E+00  3.546E+00
  6  4.409E+00  4.480E+00
  7  5.531E+00  5.634E+00
  8  6.972E+00  7.095E+00
  9  8.785E+00  8.929E+00
 10  1.112E+01  1.132E+01
 11  1.395E+01  1.421E+01
 12  1.774E+01  1.803E+01
 13  2.233E+01  2.278E+01
 14  2.802E+01  2.857E+01
 15  3.540E+01  3.620E+01
 16  4.502E+01  4.605E+01
 17  5.716E+01  5.845E+01
 18  7.250E+01  7.443E+01
 19  9.201E+01  9.436E+01
 20  1.171E+02  1.206E+02
 21  1.487E+02  1.541E+02
 22  1.906E+02  1.972E+02
 23  2.421E+02  2.508E+02
 24  3.107E+02  3.244E+02
 25  3.996E+02  4.157E+02
 26  5.124E+02  5.367E+02
 27  6.548E+02  6.853E+02
 28  8.405E+02  8.813E+02
 29  1.085E+03  1.138E+03
 30  1.388E+03  1.473E+03
 31  1.781E+03  1.884E+03
 32  2.295E+03  2.437E+03
 33  2.942E+03  3.115E+03
 34  3.719E+03  3.890E+03
 35  4.828E+03  5.110E+03
 36  6.084E+03  6.654E+03
 37  8.036E+03  8.388E+03
 38  1.127E+04  1.187E+04
 39  1.583E+04  1.585E+04
 40  2.620E+04  2.979E+04
0 0 0 0 0 0 0 0 0 0 0 0 
  11   1   1
  1  1.401E+00  1.426E+00
  2  1.760E+00  1.791E+00
  3  2.196E+00  2.232E+00
  4  2.746E+00  2.795E+00
  5  3.505E+00  3.564E+00
  6  4.367E+00  4.446E+00
  7  5.537E+00  5.640E+00
  8  6.967E+00  7.099E+00
  9  8.758E+00  8.909E+00
 10  1.105E+01  1.124E+01
 11  1.399E+01  1.427E+01
 12  1.766E+01  1.801E+01
 13  2.229E+01  2.273E+01
 14  2.813E+01  2.868E+01
 15  3.562E+01  3.636E+01
 16  4.516E+01  4.625E+01
 17  5.715E+01  5.868E+01
 18  7.241E+01  7.428E+01
 19  9.170E+01  9.418E+01
 20  1.170E+02  1.206E+02
 21  1.488E+02  1.536E+02
 22  1.893E+02  1.964E+02
 23  2.414E+02  2.510E+02
 24  3.094E+02  3.228E+02
 25  3.994E+02  4.171E+02
 26  5.105E+02  5.353E+02
 27  6.593E+02  6.929E+02
 28  8.441E+02  8.898E+02
 29  1.091E+03  1.146E+03
 30  1.386E+03  1.471E+03
 31  1.794E+03  1.887E+03
 32  2.287E+03  2.418E+03
 33  2.916E+03  3.116E+03
 34  3.791E+03  3.941E+03
 35  4.931E+03  5.206E+03
 36  6.255E+03  6.499E+03
 37  8.506E+03  8.934E+03
 38  1.095E+04  1.198E+04
 39  1.434E+04  1.475E+04
 40  2.156E+04  2.163E+04
0 0 0 0 0 0 0 0 0 0 0 0 
  12   1   1
  1  1.389E+00  1.409E+00
  2  1.758E+00  1.786E+00
  3  2.215E+00  2.251E+00
  4  2.766E+00  2.815E+00
  5  3.465E+00  3.524E+00
  6  4.405E+00  4.479E+00
  7  5.536E+00  5.556E+00
  8  6.941E+00  7.028E+00
  9  8.759E+00  8.905E+00
 10  1.107E+01  1.130E+01
 11  1.392E+01  1.415E+01
 12  1.759E+01  1.793E+01
 13  2.239E+01  2.280E+01
 14  2.806E+01  2.866E+01
 15  3.546E+01  3.616E+01
 16  4.481E+01  4.585E+01
 17  5.682E+01  5.826E+01
 18  7.204E+01  7.395E+01
 19  9.150E+01  9.387E+01
 20  1.161E+02  1.194E+02
 21  1.478E+02  1.526E+02
 22  1.891E+02  1.954E+02
 23  2.405E+02  2.499E+02
 24  3.076E+02  3.199E+02
 25  3.932E+02  4.094E+02
 26  5.040E+02  5.278E+02
 27  6.451E+02  6.792E+02
 28  8.291E+02  8.712E+02
 29  1.076E+03  1.129E+03
 30  1.385E+03  1.464E+03
 31  1.762E+03  1.862E+03
 32  2.297E+03  2.412E+03
 33  2.865E+03  3.052E+03
 34  3.715E+03  3.961E+03
 35  4.863E+03  5.096E+03
 36  6.310E+03  6.609E+03
 37  7.083E+03  8.087E+03
 38  1.090E+04  1.136E+04
 39  1.404E+04  1.445E+04
 40  2.091E+04  2.154E+04
0 0 0 0 0 0 0 0 0 0 0 0 
   1   2   1
  1  1.404E+00  1.431E+00
  2  1.766E+00  1.798E+00
  3  2.216E+00  2.256E+00
  4  2.794E+00  2.845E+00
  5  3.517E+00  3.601E+00
  6  4.437E+00  4.525E+00
  7  5.587E+00  5.709E+00
  8  7.042E+00  7.190E+00
  9  8.874E+00  9.054E+00
 10  1.121E+01  1.146E+01
 11  1.412E+01  1.451E+01
 12  1.791E+01  1.832E+01
 13  2.246E+01  2.299E+01
 14  2.839E+01  2.915E+01
 15  3.591E+01  3.678E+01
 16  4.553E+01  4.663E+01
 17  5.742E+01  5.895E+01
 18  7.242E+01  7.431E+01
 19  9.125E+01  9.376E+01
 20  1.152E+02  1.180E+02
 21  1.454E+02  1.490E+02
 22  1.837E+02  1.880E+02
 23  2.334E+02  2.390E+02
 24  2.964E+02  3.034E+02
 25  3.743E+02  3.833E+02
 26  4.785E+02  4.927E+02
 27  5.983E+02  6.136E+02
 28  7.804E+02  8.039E+02
 29  9.928E+02  1.036E+03
 30  1.239E+03  1.278E+03
 31  1.635E+03  1.685E+03
 32  2.040E+03  2.088E+03
 33  2.718E+03  2.839E+03
 34  3.515E+03  3.767E+03
 35  4.662E+03  4.873E+03
 36  6.049E+03  6.450E+03
 37  7.288E+03  7.921E+03
 38  1.070E+04  1.159E+04
 39  1.370E+04  1.524E+04
 40  1.960E+04  1.969E+04
0 0 0 0 0 0 0 0 0 0 0 0 
   2   2   1
  1  1.402E+00  1.431E+00
  2  1.765E+00  1.798E+00
  3  2.213E+00  2.249E+00
  4  2.794E+00  2.850E+00
  5  3.515E+00  3.581E+00
  6  4.445E+00  4.543E+00
  7  5.583E+00  5.696E+00
  8  7.042E+00  7.204E+00
  9  8.905E+00  9.090E+00
 10  1.121E+01  1.146E+01
 11  1.418E+01  1.451E+01
 12  1.780E+01  1.816E+01
 13  2.268E+01  2.323E+01
 14  2.852E+01  2.924E+01
 15  3.605E+01  3.694E+01
 16  4.540E+01  4.649E+01
 17  5.742E+01  5.881E+01
 18  7.235E+01  7.402E+01
 19  9.175E+01  9.385E+01
 20  1.154E+02  1.178E+02
 21  1.458E+02  1.492E+02
 22  1.838E+02  1.890E+02
 23  2.323E+02  2.381E+02
 24  2.964E+02  3.049E+02
 25  3.744E+02  3.861E+02
 26  4.792E+02  4.924E+02
 27  6.086E+02  6.294E+02
 28  7.811E+02  8.083E+02
 29  1.005E+03  1.033E+03
 30  1.304E+03  1.356E+03
 31  1.649E+03  1.686E+03
 32  2.116E+03  2.249E+03
 33  2.692E+03  2.831E+03
 34  3.616E+03  3.729E+03
 35  4.693E+03  4.965E+03
 36  5.942E+03  6.155E+03
 37  8.546E+03  8.635E+03
 38  1.121E+04  1.266E+04
 39  1.443E+04  1.448E+04
0 0 0 0 0 0 0 0 0 0 0 0 
   3   2   1
  1  1.401E+00  1.429E+00
  2  1.768E+00  1.805E+00
  3  2.222E+00  2.264E+00
  4  2.792E+00  2.848E+00
  5  3.516E+00  3.589E+00
  6  4.458E+00  4.558E+00
  7  5.557E+00  5.668E+00
  8  7.068E+00  7.230E+00
  9  8.933E+00  9.161E+00
 10  1.122E+01  1.148E+01
 11  1.423E+01  1.462E+01
 12  1.791E+01  1.840E+01
 13  2.262E+01  2.322E+01
 14  2.851E+01  2.929E+01
 15  3.596E+01  3.682E+01
 16  4.577E+01  4.695E+01
 17  5.767E+01  5.923E+01
 18  7.291E+01  7.484E+01
 19  9.206E+01  9.440E+01
 20  1.161E+02  1.185E+02
 21  1.468E+02  1.503E+02
 22  1.867E+02  1.919E+02
 23  2.344E+02  2.405E+02
 24  2.994E+02  3.079E+02
 25  3.756E+02  3.823E+02
 26  4.822E+02  4.972E+02
 27  6.211E+02  6.337E+02
 28  7.897E+02  8.174E+02
 29  1.032E+03  1.067E+03
 30  1.317E+03  1.354E+03
 31  1.700E+03  1.750E+03
 32  2.111E+03  2.163E+03
 33  2.747E+03  2.810E+03
 34  3.604E+03  3.778E+03
 35  4.698E+03  4.871E+03
 36  6.000E+03  6.821E+03
 37  7.418E+03  7.960E+03
 38  9.982E+03  1.015E+04
 39  1.444E+04  1.449E+04
0 0 0 0 0 0 0 0 0 0 0 0 
   4   2   1
  1  1.413E+00  1.442E+00
  2  1.766E+00  1.801E+00
  3  2.219E+00  2.263E+00
  4  2.785E+00  2.833E+00
  5  3.514E+00  3.588E+00
  6  4.426E+00  4.509E+00
  7  5.591E+00  5.730E+00
  8  7.072E+00  7.234E+00
  9  8.940E+00  9.160E+00
 10  1.118E+01  1.142E+01
 11  1.416E+01  1.448E+01
 12  1.797E+01  1.842E+01
 13  2.267E+01  2.314E+01
 14  2.856E+01  2.920E+01
 15  3.625E+01  3.720E+01
 16  4.568E+01  4.687E+01
 17  5.758E+01  5.890E+01
 18  7.268E+01  7.432E+01
 19  9.209E+01  9.431E+01
 20  1.165E+02  1.199E+02
 21  1.482E+02  1.514E+02
 22  1.849E+02  1.901E+02
 23  2.362E+02  2.421E+02
 24  2.986E+02  3.052E+02
 25  3.780E+02  3.884E+02
 26  4.828E+02  4.996E+02
 27  6.086E+02  6.339E+02
 28  8.052E+02  8.328E+02
 29  1.012E+03  1.060E+03
 30  1.279E+03  1.326E+03
 31  1.721E+03  1.817E+03
 32  2.083E+03  2.197E+03
 33  2.754E+03  2.907E+03
 34  3.678E+03  3.882E+03
 35  4.755E+03  5.123E+03
 36  6.252E+03  6.486E+03
 37  6.997E+03  7.836E+03
 38  1.256E+04  1.262E+04
0 0 0 0 0 0 0 0 0 0 0 0 
   5   2   1
  1  1.403E+00  1.429E+00
  2  1.767E+00  1.805E+00
  3  2.225E+00  2.274E+00
  4  2.780E+00  2.829E+00
  5  3.515E+00  3.580E+00
  6  4.462E+00  4.562E+00
  7  5.592E+00  5.705E+00
  8  7.035E+00  7.170E+00
  9  8.937E+00  9.137E+00
 10  1.123E+01  1.148E+01
 11  1.418E+01  1.453E+01
 12  1.783E+01  1.825E+01
 13  2.257E+01  2.306E+01
 14  2.841E+01  2.912E+01
 15  3.596E+01  3.688E+01
 16  4.560E+01  4.666E+01
 17  5.763E+01  5.922E+01
 18  7.251E+01  7.422E+01
 19  9.152E+01  9.387E+01
 20  1.160E+02  1.183E+02
 21  1.456E+02  1.493E+02
 22  1.848E+02  1.893E+02
 23  2.321E+02  2.398E+02
 24  2.969E+02  3.040E+02
 25  3.771E+02  3.882E+02
 26  4.803E+02  4.915E+02
 27  6.091E+02  6.271E+02
 28  7.813E+02  8.014E+02
 29  1.015E+03  1.052E+03
 30  1.299E+03  1.361E+03
 31  1.638E+03  1.687E+03
 32  2.081E+03  2.132E+03
 33  2.677E+03  2.850E+03
 34  3.594E+03  3.706E+03
 35  4.048E+03  4.100E+03
 36  5.788E+03  6.058E+03
 37  7.746E+03  7.776E+03
 38  1.083E+04  1.168E+04
 39  1.219E+04  1.220E+04
0 0 0 0 0 0 0 0 0 0 0 0 
   6   2   1
  1  1.402E+00  1.432E+00
  2  1.763E+00  1.799E+00
  3  2.228E+00  2.283E+00
  4  2.784E+00  2.840E+00
  5  3.507E+00  3.582E+00
  6  4.422E+00  4.504E+00
  7  5.567E+00  5.681E+00
  8  7.030E+00  7.154E+00
  9  8.841E+00  9.034E+00
 10  1.122E+01  1.149E+01
 11  1.419E+01  1.456E+01
 12  1.783E+01  1.827E+01
 13  2.237E+01  2.294E+01
 14  2.835E+01  2.905E+01
 15  3.581E+01  3.669E+01
 16  4.518E+01  4.624E+01
 17  5.717E+01  5.859E+01
 18  7.238E+01  7.407E+01
 19  9.108E+01  9.312E+01
 20  1.149E+02  1.174E+02
 21  1.454E+02  1.490E+02
 22  1.832E+02  1.873E+02
 23  2.320E+02  2.375E+02
 24  2.944E+02  3.010E+02
 25  3.740E+02  3.811E+02
 26  4.785E+02  4.893E+02
 27  6.093E+02  6.247E+02
 28  7.688E+02  8.039E+02
 29  9.987E+02  1.029E+03
 30  1.260E+03  1.313E+03
 31  1.624E+03  1.674E+03
 32  2.072E+03  2.140E+03
 33  2.613E+03  2.748E+03
 34  3.500E+03  3.667E+03
 35  4.263E+03  4.423E+03
 36  5.624E+03  5.869E+03
 37  6.496E+03  6.511E+03
 38  8.550E+03  8.627E+03
 39  1.306E+04  1.315E+04
0 0 0 0 0 0 0 0 0 0 0 0 
   7   2   1
  1  1.401E+00  1.428E+00
  2  1.764E+00  1.801E+00
  3  2.222E+00  2.266E+00
  4  2.801E+00  2.850E+00
  5  3.532E+00  3.621E+00
  6  4.413E+00  4.502E+00
  7  5.550E+00  5.651E+00
  8  7.040E+00  7.178E+00
  9  8.845E+00  9.049E+00
 10  1.119E+01  1.144E+01
 11  1.412E+01  1.445E+01
 12  1.780E+01  1.821E+01
 13  2.239E+01  2.290E+01
 14  2.834E+01  2.900E+01
 15  3.579E+01  3.658E+01
 16  4.517E+01  4.624E+01
 17  5.686E+01  5.826E+01
 18  7.166E+01  7.346E+01
 19  9.072E+01  9.280E+01
 20  1.148E+02  1.173E+02
 21  1.446E+02  1.477E+02
 22  1.829E+02  1.876E+02
 23  2.325E+02  2.365E+02
 24  2.925E+02  2.989E+02
 25  3.716E+02  3.819E+02
 26  4.749E+02  4.839E+02
 27  6.038E+02  6.226E+02
 28  7.792E+02  8.066E+02
 29  9.797E+02  1.012E+03
 30  1.224E+03  1.257E+03
 31  1.615E+03  1.672E+03
 32  2.063E+03  2.149E+03
 33  2.592E+03  2.714E+03
 34  3.314E+03  3.446E+03
 35  4.265E+03  4.409E+03
 36  5.838E+03  6.063E+03
 37  6.957E+03  7.198E+03
 38  9.353E+03  9.411E+03
 39  1.216E+04  1.222E+04
 40  1.960E+04  1.969E+04
 41  2.252E+04  2.252E+04
0 0 0 0 0 0 0 0 0 0 0 0 
   8   2   1
  1  1.400E+00  1.431E+00
  2  1.764E+00  1.796E+00
  3  2.220E+00  2.267E+00
  4  2.782E+00  2.835E+00
  5  3.507E+00  3.578E+00
  6  4.435E+00  4.505E+00
  7  5.588E+00  5.698E+00
  8  7.052E+00  7.188E+00
  9  8.922E+00  9.169E+00
 10  1.116E+01  1.140E+01
 11  1.406E+01  1.437E+01
 12  1.776E+01  1.823E+01
 13  2.251E+01  2.306E+01
 14  2.841E+01  2.907E+01
 15  3.601E+01  3.678E+01
 16  4.532E+01  4.643E+01
 17  5.719E+01  5.855E+01
 18  7.238E+01  7.416E+01
 19  9.131E+01  9.333E+01
 20  1.155E+02  1.184E+02
 21  1.442E+02  1.480E+02
 22  1.834E+02  1.869E+02
 23  2.317E+02  2.368E+02
 24  2.947E+02  3.025E+02
 25  3.759E+02  3.846E+02
 26  4.721E+02  4.862E+02
 27  6.011E+02  6.181E+02
 28  7.891E+02  8.139E+02
 29  1.014E+03  1.051E+03
 30  1.278E+03  1.350E+03
 31  1.579E+03  1.624E+03
 32  2.082E+03  2.154E+03
 33  2.678E+03  2.815E+03
 34  3.505E+03  3.686E+03
 35  4.405E+03  4.672E+03
 36  5.324E+03  5.621E+03
 37  6.857E+03  7.985E+03
 38  9.171E+03  9.257E+03
 39  1.160E+04  1.161E+04
0 0 0 0 0 0 0 0 0 0 0 0 
   9   2   1
  1  1.409E+00  1.441E+00
  2  1.754E+00  1.789E+00
  3  2.224E+00  2.272E+00
  4  2.808E+00  2.876E+00
  5  3.523E+00  3.598E+00
  6  4.432E+00  4.537E+00
  7  5.574E+00  5.691E+00
  8  7.042E+00  7.202E+00
  9  8.909E+00  9.115E+00
 10  1.121E+01  1.144E+01
 11  1.415E+01  1.449E+01
 12  1.783E+01  1.832E+01
 13  2.263E+01  2.312E+01
 14  2.841E+01  2.904E+01
 15  3.590E+01  3.683E+01
 16  4.544E+01  4.658E+01
 17  5.754E+01  5.914E+01
 18  7.259E+01  7.441E+01
 19  9.174E+01  9.384E+01
 20  1.155E+02  1.184E+02
 21  1.466E+02  1.504E+02
 22  1.843E+02  1.893E+02
 23  2.334E+02  2.396E+02
 24  2.971E+02  3.040E+02
 25  3.803E+02  3.914E+02
 26  4.803E+02  4.960E+02
 27  6.191E+02  6.384E+02
 28  7.836E+02  8.177E+02
 29  1.006E+03  1.033E+03
 30  1.266E+03  1.290E+03
 31  1.614E+03  1.679E+03
 32  2.036E+03  2.091E+03
 33  2.711E+03  2.824E+03
 34  3.610E+03  3.779E+03
 35  4.480E+03  4.776E+03
 36  5.534E+03  5.875E+03
 37  7.127E+03  7.664E+03
 38  9.994E+03  1.001E+04
 39  1.638E+04  1.644E+04
0 0 0 0 0 0 0 0 0 0 0 0 
  10   2   1
  1  1.401E+00  1.429E+00
  2  1.766E+00  1.803E+00
  3  2.221E+00  2.263E+00
  4  2.790E+00  2.848E+00
  5  3.518E+00  3.595E+00
  6  4.448E+00  4.537E+00
  7  5.614E+00  5.726E+00
  8  7.069E+00  7.229E+00
  9  8.886E+00  9.065E+00
 10  1.121E+01  1.149E+01
 11  1.417E+01  1.453E+01
 12  1.798E+01  1.843E+01
 13  2.265E+01  2.320E+01
 14  2.854E+01  2.923E+01
 15  3.613E+01  3.700E+01
 16  4.578E+01  4.707E+01
 17  5.767E+01  5.886E+01
 18  7.279E+01  7.482E+01
 19  9.197E+01  9.429E+01
 20  1.160E+02  1.192E+02
 21  1.467E+02  1.504E+02
 22  1.856E+02  1.903E+02
 23  2.352E+02  2.397E+02
 24  3.001E+02  3.079E+02
 25  3.786E+02  3.896E+02
 26  4.908E+02  5.078E+02
 27  6.099E+02  6.348E+02
 28  7.923E+02  8.223E+02
 29  1.013E+03  1.060E+03
 30  1.311E+03  1.371E+03
 31  1.665E+03  1.751E+03
 32  2.170E+03  2.254E+03
 33  2.852E+03  3.002E+03
 34  3.499E+03  3.668E+03
 35  4.523E+03  5.158E+03
 36  5.861E+03  6.055E+03
 37  7.940E+03  8.196E+03
 38  1.232E+04  1.235E+04
0 0 0 0 0 0 0 0 0 0 0 0 
  11   2   1
  1  1.402E+00  1.431E+00
  2  1.756E+00  1.790E+00
  3  2.239E+00  2.290E+00
  4  2.797E+00  2.853E+00
  5  3.512E+00  3.582E+00
  6  4.450E+00  4.540E+00
  7  5.586E+00  5.707E+00
  8  7.034E+00  7.196E+00
  9  8.907E+00  9.117E+00
 10  1.124E+01  1.148E+01
 11  1.417E+01  1.445E+01
 12  1.790E+01  1.832E+01
 13  2.263E+01  2.320E+01
 14  2.860E+01  2.919E+01
 15  3.602E+01  3.692E+01
 16  4.545E+01  4.657E+01
 17  5.756E+01  5.932E+01
 18  7.256E+01  7.447E+01
 19  9.150E+01  9.386E+01
 20  1.154E+02  1.183E+02
 21  1.457E+02  1.495E+02
 22  1.866E+02  1.912E+02
 23  2.341E+02  2.394E+02
 24  2.970E+02  3.055E+02
 25  3.784E+02  3.909E+02
 26  4.793E+02  4.912E+02
 27  6.238E+02  6.409E+02
 28  7.874E+02  8.188E+02
 29  1.017E+03  1.070E+03
 30  1.286E+03  1.346E+03
 31  1.672E+03  1.736E+03
 32  2.174E+03  2.319E+03
 33  2.806E+03  2.953E+03
 34  3.659E+03  3.793E+03
 35  4.830E+03  5.135E+03
 36  6.060E+03  6.296E+03
 37  8.673E+03  9.044E+03
 38  9.770E+03  9.960E+03
 39  1.413E+04  1.415E+04
0 0 0 0 0 0 0 0 0 0 0 0 
  12   2   1
  1  1.406E+00  1.437E+00
  2  1.767E+00  1.802E+00
  3  2.209E+00  2.249E+00
  4  2.795E+00  2.850E+00
  5  3.512E+00  3.587E+00
  6  4.424E+00  4.513E+00
  7  5.601E+00  5.740E+00
  8  7.048E+00  7.202E+00
  9  8.901E+00  9.090E+00
 10  1.119E+01  1.142E+01
 11  1.413E+01  1.441E+01
 12  1.787E+01  1.828E+01
 13  2.259E+01  2.312E+01
 14  2.855E+01  2.928E+01
 15  3.608E+01  3.693E+01
 16  4.536E+01  4.657E+01
 17  5.740E+01  5.886E+01
 18  7.242E+01  7.432E+01
 19  9.163E+01  9.402E+01
 20  1.149E+02  1.185E+02
 21  1.465E+02  1.501E+02
 22  1.852E+02  1.892E+02
 23  2.331E+02  2.392E+02
 24  2.960E+02  3.032E+02
 25  3.760E+02  3.862E+02
 26  4.818E+02  4.939E+02
 27  6.149E+02  6.299E+02
 28  7.684E+02  7.918E+02
 29  9.687E+02  1.015E+03
 30  1.289E+03  1.337E+03
 31  1.638E+03  1.677E+03
 32  2.066E+03  2.156E+03
 33  2.732E+03  2.838E+03
 34  3.398E+03  3.555E+03
 35  4.534E+03  4.611E+03
 36  6.010E+03  6.456E+03
 37  8.273E+03  9.195E+03
 38  9.933E+03  1.038E+04
 39  1.395E+04  1.412E+04
0 0 0 0 0 0 0 0 0 0 0 0 
   1   3   1
  1  1.393E+00  1.417E+00
  2  1.765E+00  1.803E+00
  3  2.228E+00  2.277E+00
  4  2.798E+00  2.867E+00
  5  3.503E+00  3.573E+00
  6  4.412E+00  4.510E+00
  7  5.541E+00  5.633E+00
  8  6.977E+00  7.131E+00
  9  8.796E+00  8.962E+00
 10  1.111E+01  1.136E+01
 11  1.394E+01  1.424E+01
 12  1.757E+01  1.796E+01
 13  2.209E+01  2.252E+01
 14  2.797E+01  2.859E+01
 15  3.511E+01  3.586E+01
 16  4.447E+01  4.541E+01
 17  5.578E+01  5.699E+01
 18  7.052E+01  7.214E+01
 19  8.877E+01  9.078E+01
 20  1.121E+02  1.148E+02
 21  1.416E+02  1.450E+02
 22  1.791E+02  1.836E+02
 23  2.266E+02  2.326E+02
 24  2.864E+02  2.936E+02
 25  3.628E+02  3.725E+02
 26  4.601E+02  4.727E+02
 27  5.854E+02  6.027E+02
 28  7.450E+02  7.704E+02
 29  9.473E+02  9.766E+02
 30  1.208E+03  1.248E+03
 31  1.545E+03  1.597E+03
 32  1.971E+03  2.043E+03
 33  2.548E+03  2.649E+03
 34  3.293E+03  3.408E+03
 35  4.229E+03  4.388E+03
 36  5.467E+03  5.723E+03
 37  7.001E+03  7.296E+03
 38  9.237E+03  9.666E+03
 39  1.196E+04  1.234E+04
 40  1.814E+04  1.822E+04
0 0 0 0 0 0 0 0 0 0 0 0 
   2   3   1
  1  1.402E+00  1.431E+00
  2  1.801E+00  1.846E+00
  3  2.234E+00  2.274E+00
  4  2.793E+00  2.853E+00
  5  3.555E+00  3.637E+00
  6  4.419E+00  4.514E+00
  7  5.540E+00  5.655E+00
  8  7.012E+00  7.148E+00
  9  8.834E+00  9.050E+00
 10  1.110E+01  1.135E+01
 11  1.400E+01  1.434E+01
 12  1.755E+01  1.790E+01
 13  2.220E+01  2.274E+01
 14  2.790E+01  2.851E+01
 15  3.504E+01  3.582E+01
 16  4.424E+01  4.527E+01
 17  5.584E+01  5.715E+01
 18  7.065E+01  7.224E+01
 19  8.902E+01  9.103E+01
 20  1.123E+02  1.150E+02
 21  1.418E+02  1.454E+02
 22  1.792E+02  1.837E+02
 23  2.269E+02  2.328E+02
 24  2.870E+02  2.947E+02
 25  3.646E+02  3.747E+02
 26  4.625E+02  4.759E+02
 27  5.874E+02  6.047E+02
 28  7.469E+02  7.699E+02
 29  9.519E+02  9.825E+02
 30  1.213E+03  1.252E+03
 31  1.559E+03  1.616E+03
 32  1.999E+03  2.071E+03
 33  2.553E+03  2.645E+03
 34  3.300E+03  3.437E+03
 35  4.237E+03  4.416E+03
 36  5.516E+03  5.717E+03
 37  7.161E+03  7.526E+03
 38  9.708E+03  1.005E+04
 39  1.408E+04  1.413E+04
 40  2.871E+04  2.873E+04
0 0 0 0 0 0 0 0 0 0 0 0 
   3   3   1
  1  1.418E+00  1.436E+00
  2  1.779E+00  1.823E+00
  3  2.200E+00  2.256E+00
  4  2.780E+00  2.837E+00
  5  3.525E+00  3.594E+00
  6  4.416E+00  4.504E+00
  7  5.545E+00  5.663E+00
  8  6.978E+00  7.102E+00
  9  8.782E+00  8.925E+00
 10  1.111E+01  1.134E+01
 11  1.394E+01  1.421E+01
 12  1.755E+01  1.793E+01
 13  2.216E+01  2.264E+01
 14  2.796E+01  2.855E+01
 15  3.510E+01  3.587E+01
 16  4.431E+01  4.529E+01
 17  5.596E+01  5.733E+01
 18  7.050E+01  7.214E+01
 19  8.891E+01  9.094E+01
 20  1.125E+02  1.153E+02
 21  1.423E+02  1.457E+02
 22  1.799E+02  1.843E+02
 23  2.276E+02  2.337E+02
 24  2.880E+02  2.960E+02
 25  3.659E+02  3.753E+02
 26  4.646E+02  4.793E+02
 27  5.898E+02  6.084E+02
 28  7.507E+02  7.751E+02
 29  9.587E+02  9.881E+02
 30  1.226E+03  1.267E+03
 31  1.561E+03  1.617E+03
 32  2.014E+03  2.088E+03
 33  2.582E+03  2.673E+03
 34  3.354E+03  3.472E+03
 35  4.279E+03  4.425E+03
 36  5.581E+03  5.755E+03
 37  7.400E+03  7.780E+03
 38  9.676E+03  1.063E+04
 39  1.207E+04  1.250E+04
0 0 0 0 0 0 0 0 0 0 0 0 
   4   3   1
  1  1.409E+00  1.442E+00
  2  1.730E+00  1.763E+00
  3  2.234E+00  2.280E+00
  4  2.789E+00  2.861E+00
  5  3.506E+00  3.580E+00
  6  4.401E+00  4.496E+00
  7  5.657E+00  5.829E+00
  8  7.039E+00  7.216E+00
  9  8.806E+00  8.992E+00
 10  1.105E+01  1.128E+01
 11  1.395E+01  1.430E+01
 12  1.759E+01  1.799E+01
 13  2.208E+01  2.253E+01
 14  2.795E+01  2.858E+01
 15  3.522E+01  3.607E+01
 16  4.441E+01  4.543E+01
 17  5.613E+01  5.747E+01
 18  7.065E+01  7.233E+01
 19  8.908E+01  9.118E+01
 20  1.126E+02  1.150E+02
 21  1.425E+02  1.460E+02
 22  1.800E+02  1.845E+02
 23  2.278E+02  2.336E+02
 24  2.888E+02  2.963E+02
 25  3.657E+02  3.752E+02
 26  4.636E+02  4.767E+02
 27  5.910E+02  6.073E+02
 28  7.517E+02  7.761E+02
 29  9.574E+02  9.885E+02
 30  1.223E+03  1.260E+03
 31  1.574E+03  1.623E+03
 32  2.015E+03  2.084E+03
 33  2.596E+03  2.702E+03
 34  3.344E+03  3.477E+03
 35  4.403E+03  4.533E+03
 36  5.527E+03  5.712E+03
 37  7.321E+03  7.503E+03
 38  1.017E+04  1.035E+04
 39  1.298E+04  1.305E+04
 40  1.888E+04  1.892E+04
0 0 0 0 0 0 0 0 0 0 0 0 
   5   3   1
  1  1.411E+00  1.453E+00
  2  1.774E+00  1.817E+00
  3  2.220E+00  2.265E+00
  4  2.800E+00  2.873E+00
  5  3.503E+00  3.581E+00
  6  4.411E+00  4.502E+00
  7  5.570E+00  5.673E+00
  8  6.980E+00  7.113E+00
  9  8.809E+00  8.982E+00
 10  1.104E+01  1.125E+01
 11  1.393E+01  1.420E+01
 12  1.753E+01  1.785E+01
 13  2.211E+01  2.257E+01
 14  2.806E+01  2.882E+01
 15  3.514E+01  3.594E+01
 16  4.439E+01  4.550E+01
 17  5.580E+01  5.701E+01
 18  7.043E+01  7.207E+01
 19  8.918E+01  9.120E+01
 20  1.121E+02  1.147E+02
 21  1.420E+02  1.455E+02
 22  1.796E+02  1.842E+02
 23  2.269E+02  2.330E+02
 24  2.876E+02  2.947E+02
 25  3.644E+02  3.742E+02
 26  4.617E+02  4.743E+02
 27  5.874E+02  6.052E+02
 28  7.453E+02  7.670E+02
 29  9.522E+02  9.795E+02
 30  1.223E+03  1.264E+03
 31  1.556E+03  1.610E+03
 32  1.997E+03  2.066E+03
 33  2.573E+03  2.655E+03
 34  3.254E+03  3.358E+03
 35  4.270E+03  4.422E+03
 36  5.488E+03  5.705E+03
 37  6.846E+03  7.160E+03
 38  9.605E+03  9.807E+03
 39  1.104E+04  1.240E+04
 40  1.908E+04  1.908E+04
0 0 0 0 0 0 0 0 0 0 0 0 
   6   3   1
  1  1.400E+00  1.429E+00
  2  1.750E+00  1.789E+00
  3  2.208E+00  2.258E+00
  4  2.782E+00  2.848E+00
  5  3.495E+00  3.554E+00
  6  4.417E+00  4.508E+00
  7  5.581E+00  5.719E+00
  8  6.958E+00  7.095E+00
  9  8.820E+00  9.003E+00
 10  1.110E+01  1.138E+01
 11  1.390E+01  1.419E+01
 12  1.750E+01  1.783E+01
 13  2.210E+01  2.259E+01
 14  2.792E+01  2.858E+01
 15  3.509E+01  3.586E+01
 16  4.414E+01  4.495E+01
 17  5.548E+01  5.694E+01
 18  7.027E+01  7.169E+01
 19  8.880E+01  9.093E+01
 20  1.122E+02  1.148E+02
 21  1.414E+02  1.448E+02
 22  1.789E+02  1.834E+02
 23  2.257E+02  2.309E+02
 24  2.861E+02  2.931E+02
 25  3.622E+02  3.709E+02
 26  4.585E+02  4.710E+02
 27  5.821E+02  5.980E+02
 28  7.367E+02  7.580E+02
 29  9.406E+02  9.679E+02
 30  1.197E+03  1.234E+03
 31  1.528E+03  1.574E+03
 32  1.951E+03  2.006E+03
 33  2.506E+03  2.585E+03
 34  3.215E+03  3.322E+03
 35  4.087E+03  4.253E+03
 36  5.338E+03  5.512E+03
 37  6.707E+03  6.935E+03
 38  8.681E+03  8.842E+03
 39  1.088E+04  1.108E+04
 40  1.495E+04  1.505E+04
0 0 0 0 0 0 0 0 0 0 0 0 
   7   3   1
  1  1.398E+00  1.427E+00
  2  1.774E+00  1.817E+00
  3  2.203E+00  2.261E+00
  4  2.798E+00  2.868E+00
  5  3.502E+00  3.578E+00
  6  4.385E+00  4.472E+00
  7  5.566E+00  5.718E+00
  8  6.999E+00  7.152E+00
  9  8.776E+00  8.953E+00
 10  1.102E+01  1.126E+01
 11  1.390E+01  1.420E+01
 12  1.763E+01  1.810E+01
 13  2.205E+01  2.250E+01
 14  2.781E+01  2.839E+01
 15  3.507E+01  3.581E+01
 16  4.410E+01  4.508E+01
 17  5.574E+01  5.701E+01
 18  7.029E+01  7.199E+01
 19  8.872E+01  9.076E+01
 20  1.118E+02  1.144E+02
 21  1.413E+02  1.445E+02
 22  1.774E+02  1.819E+02
 23  2.255E+02  2.308E+02
 24  2.847E+02  2.918E+02
 25  3.606E+02  3.697E+02
 26  4.571E+02  4.688E+02
 27  5.796E+02  5.948E+02
 28  7.349E+02  7.556E+02
 29  9.350E+02  9.597E+02
 30  1.187E+03  1.223E+03
 31  1.518E+03  1.563E+03
 32  1.937E+03  1.990E+03
 33  2.471E+03  2.543E+03
 34  3.167E+03  3.258E+03
 35  4.077E+03  4.218E+03
 36  5.259E+03  5.445E+03
 37  6.754E+03  6.931E+03
 38  8.651E+03  8.844E+03
 39  1.068E+04  1.143E+04
 40  1.460E+04  1.468E+04
0 0 0 0 0 0 0 0 0 0 0 0 
   8   3   1
  1  1.402E+00  1.440E+00
  2  1.780E+00  1.823E+00
  3  2.211E+00  2.252E+00
  4  2.791E+00  2.859E+00
  5  3.504E+00  3.574E+00
  6  4.386E+00  4.478E+00
  7  5.555E+00  5.673E+00
  8  6.946E+00  7.074E+00
  9  8.754E+00  8.939E+00
 10  1.108E+01  1.136E+01
 11  1.389E+01  1.420E+01
 12  1.754E+01  1.788E+01
 13  2.209E+01  2.255E+01
 14  2.781E+01  2.834E+01
 15  3.510E+01  3.586E+01
 16  4.414E+01  4.513E+01
 17  5.577E+01  5.689E+01
 18  7.041E+01  7.203E+01
 19  8.859E+01  9.043E+01
 20  1.117E+02  1.143E+02
 21  1.413E+02  1.444E+02
 22  1.784E+02  1.826E+02
 23  2.259E+02  2.309E+02
 24  2.865E+02  2.938E+02
 25  3.612E+02  3.700E+02
 26  4.587E+02  4.701E+02
 27  5.813E+02  5.966E+02
 28  7.379E+02  7.585E+02
 29  9.385E+02  9.636E+02
 30  1.198E+03  1.235E+03
 31  1.527E+03  1.579E+03
 32  1.952E+03  2.014E+03
 33  2.486E+03  2.557E+03
 34  3.202E+03  3.301E+03
 35  4.150E+03  4.290E+03
 36  5.271E+03  5.431E+03
 37  6.735E+03  6.960E+03
 38  8.915E+03  9.213E+03
 39  1.204E+04  1.219E+04
 40  1.582E+04  1.588E+04
0 0 0 0 0 0 0 0 0 0 0 0 
   9   3   1
  1  1.396E+00  1.424E+00
  2  1.766E+00  1.796E+00
  3  2.206E+00  2.254E+00
  4  2.788E+00  2.849E+00
  5  3.557E+00  3.664E+00
  6  4.408E+00  4.520E+00
  7  5.537E+00  5.642E+00
  8  7.011E+00  7.167E+00
  9  8.836E+00  9.067E+00
 10  1.105E+01  1.125E+01
 11  1.400E+01  1.428E+01
 12  1.742E+01  1.788E+01
 13  2.211E+01  2.260E+01
 14  2.787E+01  2.845E+01
 15  3.511E+01  3.591E+01
 16  4.430E+01  4.528E+01
 17  5.586E+01  5.713E+01
 18  7.066E+01  7.234E+01
 19  8.901E+01  9.109E+01
 20  1.122E+02  1.148E+02
 21  1.418E+02  1.452E+02
 22  1.792E+02  1.837E+02
 23  2.272E+02  2.332E+02
 24  2.875E+02  2.950E+02
 25  3.644E+02  3.748E+02
 26  4.623E+02  4.746E+02
 27  5.869E+02  6.036E+02
 28  7.463E+02  7.672E+02
 29  9.531E+02  9.824E+02
 30  1.218E+03  1.257E+03
 31  1.556E+03  1.606E+03
 32  1.992E+03  2.056E+03
 33  2.552E+03  2.638E+03
 34  3.266E+03  3.403E+03
 35  4.184E+03  4.338E+03
 36  5.402E+03  5.572E+03
 37  7.157E+03  7.415E+03
 38  9.381E+03  9.575E+03
 39  1.203E+04  1.282E+04
 40  1.623E+04  1.627E+04
0 0 0 0 0 0 0 0 0 0 0 0 
  10   3   1
  1  1.421E+00  1.434E+00
  2  1.747E+00  1.781E+00
  3  2.231E+00  2.289E+00
  4  2.776E+00  2.831E+00
  5  3.550E+00  3.634E+00
  6  4.402E+00  4.513E+00
  7  5.575E+00  5.684E+00
  8  7.032E+00  7.202E+00
  9  8.795E+00  8.966E+00
 10  1.108E+01  1.131E+01
 11  1.397E+01  1.423E+01
 12  1.758E+01  1.797E+01
 13  2.213E+01  2.256E+01
 14  2.793E+01  2.856E+01
 15  3.518E+01  3.604E+01
 16  4.431E+01  4.523E+01
 17  5.608E+01  5.751E+01
 18  7.065E+01  7.240E+01
 19  8.924E+01  9.152E+01
 20  1.126E+02  1.151E+02
 21  1.426E+02  1.461E+02
 22  1.800E+02  1.849E+02
 23  2.280E+02  2.342E+02
 24  2.886E+02  2.965E+02
 25  3.655E+02  3.759E+02
 26  4.648E+02  4.775E+02
 27  5.894E+02  6.056E+02
 28  7.544E+02  7.770E+02
 29  9.593E+02  9.886E+02
 30  1.227E+03  1.269E+03
 31  1.572E+03  1.625E+03
 32  2.013E+03  2.084E+03
 33  2.589E+03  2.688E+03
 34  3.361E+03  3.510E+03
 35  4.297E+03  4.514E+03
 36  5.620E+03  5.827E+03
 37  7.422E+03  7.634E+03
 38  9.702E+03  1.098E+04
 39  1.383E+04  1.409E+04
0 0 0 0 0 0 0 0 0 0 0 0 
  11   3   1
  1  1.405E+00  1.439E+00
  2  1.798E+00  1.861E+00
  3  2.220E+00  2.272E+00
  4  2.808E+00  2.876E+00
  5  3.524E+00  3.604E+00
  6  4.400E+00  4.483E+00
  7  5.552E+00  5.667E+00
  8  7.043E+00  7.254E+00
  9  8.815E+00  9.008E+00
 10  1.111E+01  1.136E+01
 11  1.393E+01  1.423E+01
 12  1.757E+01  1.795E+01
 13  2.224E+01  2.271E+01
 14  2.794E+01  2.857E+01
 15  3.514E+01  3.597E+01
 16  4.458E+01  4.578E+01
 17  5.603E+01  5.738E+01
 18  7.046E+01  7.200E+01
 19  8.896E+01  9.105E+01
 20  1.125E+02  1.152E+02
 21  1.422E+02  1.457E+02
 22  1.797E+02  1.843E+02
 23  2.278E+02  2.337E+02
 24  2.880E+02  2.961E+02
 25  3.657E+02  3.761E+02
 26  4.638E+02  4.768E+02
 27  5.892E+02  6.057E+02
 28  7.526E+02  7.789E+02
 29  9.554E+02  9.840E+02
 30  1.225E+03  1.266E+03
 31  1.567E+03  1.626E+03
 32  2.008E+03  2.079E+03
 33  2.569E+03  2.659E+03
 34  3.370E+03  3.502E+03
 35  4.306E+03  4.498E+03
 36  5.654E+03  5.864E+03
 37  7.190E+03  7.450E+03
 38  9.409E+03  9.609E+03
 39  1.494E+04  1.497E+04
0 0 0 0 0 0 0 0 0 0 0 0 
  12   3   1
  1  1.416E+00  1.460E+00
  2  1.769E+00  1.811E+00
  3  2.223E+00  2.263E+00
  4  2.787E+00  2.842E+00
  5  3.506E+00  3.577E+00
  6  4.408E+00  4.485E+00
  7  5.556E+00  5.674E+00
  8  6.971E+00  7.119E+00
  9  8.792E+00  8.963E+00
 10  1.110E+01  1.136E+01
 11  1.393E+01  1.420E+01
 12  1.755E+01  1.789E+01
 13  2.218E+01  2.266E+01
 14  2.797E+01  2.857E+01
 15  3.515E+01  3.594E+01
 16  4.422E+01  4.518E+01
 17  5.585E+01  5.703E+01
 18  7.049E+01  7.216E+01
 19  8.913E+01  9.122E+01
 20  1.122E+02  1.149E+02
 21  1.418E+02  1.454E+02
 22  1.791E+02  1.836E+02
 23  2.271E+02  2.335E+02
 24  2.875E+02  2.954E+02
 25  3.638E+02  3.739E+02
 26  4.606E+02  4.738E+02
 27  5.856E+02  6.020E+02
 28  7.459E+02  7.693E+02
 29  9.499E+02  9.795E+02
 30  1.211E+03  1.253E+03
 31  1.544E+03  1.598E+03
 32  1.999E+03  2.071E+03
 33  2.541E+03  2.633E+03
 34  3.305E+03  3.429E+03
 35  4.281E+03  4.483E+03
 36  5.480E+03  5.760E+03
 37  7.081E+03  7.337E+03
 38  9.543E+03  9.775E+03
 39  1.168E+04  1.221E+04
 40  1.447E+04  1.461E+04
0 0 0 0 0 0 0 0 0 0 0 0 
   1   4   1
  1  1.399E+00  1.422E+00
  2  1.764E+00  1.798E+00
  3  2.211E+00  2.251E+00
  4  2.767E+00  2.823E+00
  5  3.516E+00  3.607E+00
  6  4.359E+00  4.459E+00
  7  5.490E+00  5.613E+00
  8  6.907E+00  7.077E+00
  9  8.778E+00  9.005E+00
 10  1.098E+01  1.124E+01
 11  1.399E+01  1.438E+01
 12  1.754E+01  1.816E+01
 13  2.219E+01  2.288E+01
 14  2.751E+01  2.862E+01
 15  3.436E+01  3.593E+01
 16  4.428E+01  4.656E+01
 17  5.692E+01  6.018E+01
 18  7.259E+01  7.767E+01
 19  9.414E+01  1.035E+02
 20  1.238E+02  1.382E+02
 21  1.634E+02  1.861E+02
 22  2.271E+02  2.804E+02
 23  2.958E+02  3.553E+02
 24  4.046E+02  4.781E+02
 25  5.591E+02  6.599E+02
 26  7.457E+02  8.974E+02
 27  9.649E+02  1.148E+03
 28  1.334E+03  1.605E+03
 29  1.654E+03  1.960E+03
 30  2.233E+03  2.722E+03
 31  2.934E+03  3.584E+03
 32  3.879E+03  4.714E+03
 33  5.231E+03  6.441E+03
 34  7.174E+03  8.789E+03
 35  9.861E+03  1.200E+04
 36  1.376E+04  1.656E+04
 37  1.894E+04  2.188E+04
 38  2.599E+04  2.948E+04
 39  3.440E+04  3.856E+04
 40  4.363E+04  4.856E+04
 41  5.744E+04  6.192E+04
 42  7.662E+04  8.213E+04
0 0 0 0 0 0 0 0 0 0 0 0 
   2   4   1
  1  1.405E+00  1.432E+00
  2  1.757E+00  1.785E+00
  3  2.211E+00  2.251E+00
  4  2.789E+00  2.852E+00
  5  3.523E+00  3.623E+00
  6  4.398E+00  4.520E+00
  7  5.526E+00  5.662E+00
  8  6.989E+00  7.194E+00
  9  8.762E+00  9.005E+00
 10  1.110E+01  1.144E+01
 11  1.383E+01  1.431E+01
 12  1.751E+01  1.812E+01
 13  2.194E+01  2.252E+01
 14  2.776E+01  2.878E+01
 15  3.547E+01  3.701E+01
 16  4.439E+01  4.682E+01
 17  5.627E+01  5.999E+01
 18  7.235E+01  7.767E+01
 19  9.277E+01  1.011E+02
 20  1.277E+02  1.443E+02
 21  1.644E+02  1.848E+02
 22  2.238E+02  2.681E+02
 23  3.054E+02  3.662E+02
 24  4.255E+02  5.270E+02
 25  5.523E+02  6.622E+02
 26  7.420E+02  8.804E+02
 27  1.020E+03  1.221E+03
 28  1.262E+03  1.522E+03
 29  1.703E+03  2.008E+03
 30  2.251E+03  2.714E+03
 31  2.989E+03  3.571E+03
 32  3.897E+03  4.971E+03
 33  5.302E+03  6.413E+03
 34  7.636E+03  9.658E+03
 35  9.913E+03  1.224E+04
 36  1.401E+04  1.672E+04
 37  1.984E+04  2.297E+04
 38  2.607E+04  2.947E+04
 39  3.559E+04  3.983E+04
 40  4.452E+04  4.959E+04
 41  6.160E+04  6.765E+04
 42  7.685E+04  8.762E+04
0 0 0 0 0 0 0 0 0 0 0 0 
   3   4   1
  1  1.403E+00  1.426E+00
  2  1.766E+00  1.803E+00
  3  2.210E+00  2.247E+00
  4  2.775E+00  2.831E+00
  5  3.496E+00  3.580E+00
  6  4.365E+00  4.464E+00
  7  5.532E+00  5.677E+00
  8  6.937E+00  7.122E+00
  9  8.801E+00  9.054E+00
 10  1.097E+01  1.122E+01
 11  1.388E+01  1.428E+01
 12  1.732E+01  1.789E+01
 13  2.216E+01  2.287E+01
 14  2.742E+01  2.875E+01
 15  3.563E+01  3.712E+01
 16  4.391E+01  4.613E+01
 17  5.625E+01  6.006E+01
 18  7.606E+01  8.273E+01
 19  9.568E+01  1.061E+02
 20  1.283E+02  1.472E+02
 21  1.654E+02  1.964E+02
 22  2.349E+02  2.846E+02
 23  3.143E+02  3.840E+02
 24  4.247E+02  4.961E+02
 25  5.960E+02  7.025E+02
 26  7.553E+02  9.187E+02
 27  1.033E+03  1.261E+03
 28  1.398E+03  1.681E+03
 29  1.812E+03  2.230E+03
 30  2.329E+03  2.790E+03
 31  3.178E+03  3.981E+03
 32  4.113E+03  5.153E+03
 33  5.803E+03  7.353E+03
 34  7.913E+03  1.011E+04
 35  1.122E+04  1.378E+04
 36  1.565E+04  1.885E+04
 37  2.142E+04  2.476E+04
 38  2.762E+04  3.050E+04
 39  3.792E+04  4.229E+04
 40  4.985E+04  5.421E+04
 41  6.208E+04  6.888E+04
 42  8.436E+04  9.149E+04
0 0 0 0 0 0 0 0 0 0 0 0 
   4   4   1
  1  1.399E+00  1.424E+00
  2  1.759E+00  1.791E+00
  3  2.213E+00  2.252E+00
  4  2.776E+00  2.833E+00
  5  3.478E+00  3.552E+00
  6  4.392E+00  4.495E+00
  7  5.514E+00  5.647E+00
  8  6.939E+00  7.121E+00
  9  8.756E+00  8.990E+00
 10  1.117E+01  1.157E+01
 11  1.391E+01  1.431E+01
 12  1.746E+01  1.801E+01
 13  2.207E+01  2.279E+01
 14  2.795E+01  2.899E+01
 15  3.499E+01  3.708E+01
 16  4.404E+01  4.662E+01
 17  5.595E+01  5.936E+01
 18  7.529E+01  8.161E+01
 19  9.557E+01  1.059E+02
 20  1.258E+02  1.409E+02
 21  1.718E+02  2.003E+02
 22  2.257E+02  2.677E+02
 23  3.177E+02  3.885E+02
 24  4.542E+02  5.431E+02
 25  6.006E+02  7.117E+02
 26  8.308E+02  1.033E+03
 27  1.020E+03  1.204E+03
 28  1.376E+03  1.687E+03
 29  1.843E+03  2.273E+03
 30  2.370E+03  2.842E+03
 31  3.117E+03  3.972E+03
 32  4.619E+03  5.679E+03
 33  5.981E+03  7.676E+03
 34  7.994E+03  1.014E+04
 35  1.161E+04  1.441E+04
 36  1.618E+04  2.028E+04
 37  2.266E+04  2.590E+04
 38  3.001E+04  3.470E+04
 39  3.869E+04  4.315E+04
 40  5.286E+04  5.850E+04
 41  7.129E+04  7.809E+04
 42  8.451E+04  9.297E+04
0 0 0 0 0 0 0 0 0 0 0 0 
   5   4   1
  1  1.400E+00  1.415E+00
  2  1.759E+00  1.791E+00
  3  2.216E+00  2.263E+00
  4  2.779E+00  2.831E+00
  5  3.490E+00  3.574E+00
  6  4.399E+00  4.511E+00
  7  5.504E+00  5.636E+00
  8  6.944E+00  7.126E+00
  9  8.725E+00  8.977E+00
 10  1.100E+01  1.127E+01
 11  1.358E+01  1.403E+01
 12  1.739E+01  1.800E+01
 13  2.209E+01  2.277E+01
 14  2.714E+01  2.842E+01
 15  3.514E+01  3.705E+01
 16  4.479E+01  4.718E+01
 17  5.736E+01  6.190E+01
 18  7.308E+01  7.868E+01
 19  9.597E+01  1.067E+02
 20  1.276E+02  1.494E+02
 21  1.677E+02  1.973E+02
 22  2.181E+02  2.527E+02
 23  3.080E+02  3.676E+02
 24  4.471E+02  5.582E+02
 25  5.738E+02  6.636E+02
 26  7.722E+02  9.561E+02
 27  1.007E+03  1.205E+03
 28  1.317E+03  1.626E+03
 29  1.850E+03  2.262E+03
 30  2.344E+03  2.854E+03
 31  2.992E+03  3.730E+03
 32  3.995E+03  4.851E+03
 33  5.596E+03  6.794E+03
 34  8.082E+03  1.053E+04
 35  1.051E+04  1.297E+04
 36  1.743E+04  2.097E+04
 37  2.335E+04  2.643E+04
 38  3.002E+04  3.492E+04
 39  4.001E+04  4.528E+04
 40  5.282E+04  5.904E+04
 41  6.797E+04  7.642E+04
 42  9.262E+04  1.030E+05
0 0 0 0 0 0 0 0 0 0 0 0 
   6   4   1
  1  1.403E+00  1.420E+00
  2  1.772E+00  1.806E+00
  3  2.204E+00  2.241E+00
  4  2.780E+00  2.837E+00
  5  3.469E+00  3.544E+00
  6  4.362E+00  4.469E+00
  7  5.496E+00  5.623E+00
  8  7.036E+00  7.277E+00
  9  8.702E+00  8.947E+00
 10  1.110E+01  1.144E+01
 11  1.395E+01  1.436E+01
 12  1.751E+01  1.806E+01
 13  2.208E+01  2.277E+01
 14  2.702E+01  2.810E+01
 15  3.499E+01  3.655E+01
 16  4.342E+01  4.537E+01
 17  5.548E+01  5.842E+01
 18  7.165E+01  7.703E+01
 19  9.327E+01  1.022E+02
 20  1.222E+02  1.361E+02
 21  1.675E+02  1.958E+02
 22  2.249E+02  2.678E+02
 23  3.047E+02  3.630E+02
 24  4.167E+02  5.031E+02
 25  5.539E+02  6.630E+02
 26  7.037E+02  8.341E+02
 27  9.494E+02  1.128E+03
 28  1.238E+03  1.451E+03
 29  1.643E+03  2.025E+03
 30  2.090E+03  2.521E+03
 31  2.849E+03  3.586E+03
 32  3.936E+03  5.008E+03
 33  5.387E+03  6.789E+03
 34  7.736E+03  9.947E+03
 35  1.182E+04  1.482E+04
 36  1.647E+04  1.965E+04
 37  2.028E+04  2.477E+04
 38  2.929E+04  3.236E+04
 39  4.053E+04  4.648E+04
 40  5.062E+04  5.544E+04
 41  6.857E+04  7.916E+04
 42  9.104E+04  1.023E+05
0 0 0 0 0 0 0 0 0 0 0 0 
   7   4   1
  1  1.400E+00  1.422E+00
  2  1.764E+00  1.796E+00
  3  2.205E+00  2.244E+00
  4  2.774E+00  2.829E+00
  5  3.472E+00  3.547E+00
  6  4.344E+00  4.440E+00
  7  5.493E+00  5.614E+00
  8  6.923E+00  7.089E+00
  9  8.762E+00  9.027E+00
 10  1.097E+01  1.120E+01
 11  1.356E+01  1.396E+01
 12  1.742E+01  1.798E+01
 13  2.193E+01  2.249E+01
 14  2.704E+01  2.817E+01
 15  3.441E+01  3.604E+01
 16  4.373E+01  4.572E+01
 17  5.615E+01  5.939E+01
 18  7.255E+01  7.774E+01
 19  9.170E+01  9.864E+01
 20  1.172E+02  1.272E+02
 21  1.660E+02  1.953E+02
 22  2.148E+02  2.537E+02
 23  2.935E+02  3.490E+02
 24  4.000E+02  4.751E+02
 25  5.406E+02  6.426E+02
 26  7.183E+02  8.488E+02
 27  9.267E+02  1.094E+03
 28  1.217E+03  1.501E+03
 29  1.558E+03  1.829E+03
 30  2.089E+03  2.447E+03
 31  2.910E+03  3.658E+03
 32  3.919E+03  4.896E+03
 33  5.056E+03  6.468E+03
 34  7.571E+03  1.042E+04
 35  1.128E+04  1.361E+04
 36  1.611E+04  2.024E+04
 37  2.277E+04  2.643E+04
 38  3.053E+04  3.499E+04
 39  3.936E+04  4.404E+04
 40  5.270E+04  5.938E+04
 41  6.790E+04  7.695E+04
 42  8.532E+04  9.452E+04
0 0 0 0 0 0 0 0 0 0 0 0 
   8   4   1
  1  1.397E+00  1.421E+00
  2  1.761E+00  1.792E+00
  3  2.209E+00  2.252E+00
  4  2.768E+00  2.818E+00
  5  3.476E+00  3.553E+00
  6  4.358E+00  4.457E+00
  7  5.498E+00  5.625E+00
  8  6.926E+00  7.105E+00
  9  8.805E+00  9.063E+00
 10  1.100E+01  1.128E+01
 11  1.384E+01  1.424E+01
 12  1.739E+01  1.792E+01
 13  2.201E+01  2.262E+01
 14  2.694E+01  2.802E+01
 15  3.465E+01  3.614E+01
 16  4.352E+01  4.559E+01
 17  5.569E+01  5.860E+01
 18  7.097E+01  7.510E+01
 19  9.280E+01  1.007E+02
 20  1.221E+02  1.365E+02
 21  1.642E+02  1.947E+02
 22  2.370E+02  2.944E+02
 23  2.930E+02  3.459E+02
 24  4.022E+02  4.774E+02
 25  5.365E+02  6.457E+02
 26  7.355E+02  8.830E+02
 27  9.482E+02  1.139E+03
 28  1.230E+03  1.484E+03
 29  1.746E+03  2.133E+03
 30  2.189E+03  2.697E+03
 31  3.029E+03  3.780E+03
 32  4.293E+03  5.566E+03
 33  5.551E+03  7.016E+03
 34  7.672E+03  1.000E+04
 35  1.116E+04  1.401E+04
 36  1.669E+04  1.994E+04
 37  2.310E+04  2.595E+04
 38  3.008E+04  3.438E+04
 39  3.998E+04  4.569E+04
 40  5.241E+04  5.859E+04
 41  7.063E+04  7.635E+04
 42  7.835E+04  9.300E+04
0 0 0 0 0 0 0 0 0 0 0 0 
   9   4   1
  1  1.415E+00  1.444E+00
  2  1.775E+00  1.812E+00
  3  2.213E+00  2.254E+00
  4  2.786E+00  2.846E+00
  5  3.458E+00  3.527E+00
  6  4.373E+00  4.475E+00
  7  5.543E+00  5.706E+00
  8  6.991E+00  7.205E+00
  9  8.733E+00  8.983E+00
 10  1.104E+01  1.133E+01
 11  1.383E+01  1.425E+01
 12  1.733E+01  1.783E+01
 13  2.229E+01  2.313E+01
 14  2.783E+01  2.882E+01
 15  3.459E+01  3.640E+01
 16  4.502E+01  4.730E+01
 17  5.789E+01  6.211E+01
 18  7.516E+01  8.268E+01
 19  9.448E+01  1.028E+02
 20  1.275E+02  1.476E+02
 21  1.649E+02  1.897E+02
 22  2.412E+02  2.915E+02
 23  3.107E+02  3.786E+02
 24  4.259E+02  5.211E+02
 25  5.761E+02  6.754E+02
 26  7.730E+02  9.525E+02
 27  1.023E+03  1.210E+03
 28  1.354E+03  1.653E+03
 29  1.750E+03  2.106E+03
 30  2.405E+03  2.909E+03
 31  3.137E+03  3.947E+03
 32  4.323E+03  5.464E+03
 33  6.271E+03  7.875E+03
 34  8.523E+03  1.080E+04
 35  1.267E+04  1.567E+04
 36  1.789E+04  2.086E+04
 37  2.287E+04  2.587E+04
 38  2.951E+04  3.431E+04
 39  4.039E+04  4.563E+04
 40  5.379E+04  5.840E+04
 41  6.899E+04  7.927E+04
 42  9.149E+04  1.006E+05
0 0 0 0 0 0 0 0 0 0 0 0 
  10   4   1
  1  1.404E+00  1.429E+00
  2  1.785E+00  1.832E+00
  3  2.210E+00  2.250E+00
  4  2.778E+00  2.834E+00
  5  3.529E+00  3.623E+00
  6  4.385E+00  4.488E+00
  7  5.524E+00  5.675E+00
  8  6.926E+00  7.104E+00
  9  8.780E+00  9.117E+00
 10  1.101E+01  1.128E+01
 11  1.380E+01  1.437E+01
 12  1.741E+01  1.799E+01
 13  2.231E+01  2.306E+01
 14  2.819E+01  2.958E+01
 15  3.494E+01  3.673E+01
 16  4.423E+01  4.660E+01
 17  5.642E+01  6.010E+01
 18  7.293E+01  7.977E+01
 19  9.692E+01  1.078E+02
 20  1.282E+02  1.446E+02
 21  1.776E+02  2.204E+02
 22  2.380E+02  2.920E+02
 23  3.251E+02  4.062E+02
 24  4.374E+02  5.202E+02
 25  5.873E+02  7.133E+02
 26  7.860E+02  9.237E+02
 27  1.044E+03  1.266E+03
 28  1.367E+03  1.628E+03
 29  1.836E+03  2.272E+03
 30  2.462E+03  2.930E+03
 31  3.314E+03  4.170E+03
 32  4.578E+03  6.008E+03
 33  6.539E+03  8.453E+03
 34  8.754E+03  1.126E+04
 35  1.194E+04  1.490E+04
 36  1.682E+04  1.950E+04
 37  2.403E+04  2.747E+04
 38  3.095E+04  3.537E+04
 39  3.974E+04  4.493E+04
 40  5.292E+04  5.931E+04
 41  6.944E+04  7.702E+04
 42  9.496E+04  1.029E+05
0 0 0 0 0 0 0 0 0 0 0 0 
  11   4   1
  1  1.399E+00  1.420E+00
  2  1.765E+00  1.797E+00
  3  2.235E+00  2.285E+00
  4  2.779E+00  2.826E+00
  5  3.498E+00  3.572E+00
  6  4.388E+00  4.493E+00
  7  5.580E+00  5.772E+00
  8  7.001E+00  7.200E+00
  9  8.704E+00  8.938E+00
 10  1.105E+01  1.137E+01
 11  1.386E+01  1.427E+01
 12  1.748E+01  1.806E+01
 13  2.191E+01  2.249E+01
 14  2.764E+01  2.867E+01
 15  3.426E+01  3.575E+01
 16  4.455E+01  4.677E+01
 17  5.665E+01  6.048E+01
 18  7.261E+01  7.833E+01
 19  9.495E+01  1.029E+02
 20  1.228E+02  1.385E+02
 21  1.723E+02  2.052E+02
 22  2.240E+02  2.703E+02
 23  3.496E+02  4.374E+02
 24  4.374E+02  5.356E+02
 25  5.698E+02  6.666E+02
 26  7.780E+02  9.609E+02
 27  1.033E+03  1.237E+03
 28  1.371E+03  1.646E+03
 29  1.798E+03  2.184E+03
 30  2.507E+03  3.048E+03
 31  3.308E+03  4.007E+03
 32  4.285E+03  5.442E+03
 33  6.211E+03  7.836E+03
 34  8.246E+03  1.057E+04
 35  1.188E+04  1.494E+04
 36  1.626E+04  1.902E+04
 37  2.213E+04  2.528E+04
 38  2.989E+04  3.406E+04
 39  3.912E+04  4.363E+04
 40  4.905E+04  5.437E+04
 41  6.228E+04  6.804E+04
 42  8.747E+04  9.424E+04
0 0 0 0 0 0 0 0 0 0 0 0 
  12   4   1
  1  1.405E+00  1.429E+00
  2  1.762E+00  1.791E+00
  3  2.210E+00  2.248E+00
  4  2.774E+00  2.830E+00
  5  3.476E+00  3.551E+00
  6  4.370E+00  4.470E+00
  7  5.500E+00  5.629E+00
  8  6.936E+00  7.136E+00
  9  8.811E+00  9.045E+00
 10  1.099E+01  1.124E+01
 11  1.386E+01  1.427E+01
 12  1.742E+01  1.798E+01
 13  2.219E+01  2.289E+01
 14  2.694E+01  2.804E+01
 15  3.521E+01  3.649E+01
 16  4.498E+01  4.743E+01
 17  5.670E+01  6.020E+01
 18  7.226E+01  7.704E+01
 19  9.535E+01  1.041E+02
 20  1.241E+02  1.371E+02
 21  1.656E+02  1.883E+02
 22  2.426E+02  2.974E+02
 23  3.031E+02  3.619E+02
 24  4.349E+02  5.211E+02
 25  5.661E+02  6.608E+02
 26  7.481E+02  8.859E+02
 27  9.900E+02  1.200E+03
 28  1.273E+03  1.508E+03
 29  1.716E+03  2.001E+03
 30  2.306E+03  2.769E+03
 31  3.166E+03  3.993E+03
 32  3.961E+03  4.871E+03
 33  5.505E+03  6.879E+03
 34  7.445E+03  9.454E+03
 35  1.047E+04  1.285E+04
 36  1.496E+04  1.758E+04
 37  2.007E+04  2.337E+04
 38  2.636E+04  2.971E+04
 39  3.605E+04  4.004E+04
 40  4.616E+04  5.142E+04
 41  5.916E+04  6.526E+04
 42  8.125E+04  9.058E+04
0 0 0 0 0 0 0 0 0 0 0 0 
