 #  Total cross section table (last run of 'elscata').
 #
 #  Z =  85,   projectile: positron
 #
 #   Energy         ECS         TCS1         TCS2         ABSCS      error
 #    (eV)        (cm**2)      (cm**2)      (cm**2)      (cm**2)
 #--------------------------------------------------------------------------
   1.00000E+02  3.73008E-16  6.29248E-17  9.87773E-17  6.92434E-16  8.6E-06
   1.25000E+02  3.61801E-16  5.76572E-17  9.36182E-17  6.03493E-16  3.7E-05
   1.50000E+02  3.54085E-16  5.42547E-17  8.97818E-17  5.36142E-16  4.7E-05
   1.75000E+02  3.47540E-16  5.12800E-17  8.60973E-17  4.83263E-16  2.7E-05
   2.00000E+02  3.41801E-16  4.86610E-17  8.26227E-17  4.40528E-16  8.4E-06
   2.50000E+02  3.31719E-16  4.41962E-17  7.62963E-17  3.75544E-16  4.8E-06
   3.00000E+02  3.22842E-16  4.05510E-17  7.08360E-17  3.28199E-16  1.5E-05
   3.50000E+02  3.14669E-16  3.74708E-17  6.60685E-17  2.92112E-16  1.5E-05
   4.00000E+02  3.07063E-16  3.48290E-17  6.18954E-17  2.63618E-16  6.8E-06
   4.50000E+02  2.99984E-16  3.25456E-17  5.82386E-17  2.40480E-16  2.8E-05
   5.00000E+02  2.93364E-16  3.05464E-17  5.50050E-17  2.21292E-16  4.1E-06
   6.00000E+02  2.81347E-16  2.72127E-17  4.95520E-17  1.91226E-16  6.6E-06
   7.00000E+02  2.70744E-16  2.45477E-17  4.51372E-17  1.68655E-16  2.7E-06
   8.00000E+02  2.61319E-16  2.23716E-17  4.14892E-17  1.51023E-16  5.8E-06
   9.00000E+02  2.52879E-16  2.05640E-17  3.84236E-17  1.36829E-16  5.2E-06
   1.00000E+03  2.45268E-16  1.90415E-17  3.58115E-17  1.25130E-16  2.8E-05
   1.25000E+03  2.29040E-16  1.61088E-17  3.06871E-17  1.03202E-16  2.4E-03
   1.50000E+03  2.15731E-16  1.39876E-17  2.68929E-17  8.78963E-17  3.9E-03
   1.75000E+03  2.04479E-16  1.23685E-17  2.39446E-17  7.66028E-17  3.5E-03
   2.00000E+03  1.94766E-16  1.10862E-17  2.15788E-17  6.79255E-17  1.9E-03
   2.50000E+03  1.78694E-16  9.17336E-18  1.80083E-17  5.54650E-17  2.1E-03
   3.00000E+03  1.65818E-16  7.80840E-18  1.54394E-17  4.69416E-17  1.5E-03
   3.50000E+03  1.55193E-16  6.78185E-18  1.35012E-17  4.07369E-17  2.6E-03
   4.00000E+03  1.46230E-16  5.97994E-18  1.19847E-17  3.60137E-17  2.1E-03
   4.50000E+03  1.38538E-16  5.33534E-18  1.07637E-17  3.22956E-17  2.1E-03
   5.00000E+03  1.31846E-16  4.80610E-18  9.75880E-18  2.92897E-17  5.3E-03
   6.00000E+03  1.20728E-16  3.99010E-18  8.20162E-18  2.47205E-17  6.0E-03
   7.00000E+03  1.11819E-16  3.39269E-18  7.05106E-18  2.14044E-17  3.7E-03
   8.00000E+03  1.04480E-16  2.93859E-18  6.16703E-18  1.88834E-17  5.5E-03
   9.00000E+03  9.83029E-17  2.58230E-18  5.46575E-18  1.69019E-17  6.1E-03
   1.00000E+04  9.30107E-17  2.29527E-18  4.89503E-18  1.53045E-17  6.0E-03
   1.25000E+04  8.29722E-17  1.77537E-18  3.84582E-18  1.24036E-17  2.9E-07
   1.50000E+04  7.50024E-17  1.42856E-18  3.13313E-18  1.04520E-17  2.4E-07
   1.75000E+04  6.87668E-17  1.18265E-18  2.62076E-18  9.04942E-18  2.8E-07
   2.00000E+04  6.37230E-17  1.00032E-18  2.23670E-18  7.99263E-18  3.0E-07
   2.50000E+04  5.60025E-17  7.50455E-19  1.70358E-18  6.50583E-18  2.7E-07
   3.00000E+04  5.03202E-17  5.89420E-19  1.35480E-18  5.50940E-18  2.9E-07
   3.50000E+04  4.59313E-17  4.78447E-19  1.11132E-18  4.79489E-18  1.0E-07
   4.00000E+04  4.24221E-17  3.98129E-19  9.33103E-19  4.25755E-18  1.0E-07
   4.50000E+04  3.95424E-17  3.37774E-19  7.97873E-19  3.83871E-18  1.0E-07
   5.00000E+04  3.71305E-17  2.91069E-19  6.92325E-19  3.50335E-18  2.2E-07
   6.00000E+04  3.33055E-17  2.24163E-19  5.39508E-19  2.99980E-18  1.0E-07
   7.00000E+04  3.03970E-17  1.79152E-19  4.35422E-19  2.63981E-18  1.0E-07
   8.00000E+04  2.81039E-17  1.47216E-19  3.60815E-19  2.36975E-18  1.0E-07
   9.00000E+04  2.62458E-17  1.23625E-19  3.05223E-19  2.15977E-18  1.1E-06
   1.00000E+05  2.47078E-17  1.05636E-19  2.62514E-19  1.99189E-18  1.0E-07
   1.25000E+05  2.18112E-17  7.55190E-20  1.90256E-19  1.69017E-18  8.0E-07
   1.50000E+05  1.97793E-17  5.73027E-20  1.45968E-19  1.48964E-18  2.5E-06
   1.75000E+05  1.82745E-17  4.53442E-20  1.16577E-19  1.34701E-18  1.1E-05
   2.00000E+05  1.71157E-17  3.70174E-20  9.59237E-20  1.24058E-18  3.5E-05
   2.50000E+05  1.54509E-17  2.63861E-20  6.92626E-20  1.09257E-18  2.2E-04
   3.00000E+05  1.43164E-17  2.00330E-20  5.31237E-20  9.94787E-19  8.8E-04
   3.50000E+05  1.34973E-17  1.58899E-20  4.24868E-20  9.25215E-19  2.7E-03
   4.00000E+05  1.28807E-17  1.30139E-20  3.50364E-20  8.72665E-19  6.7E-03
   4.50000E+05  1.24018E-17  1.09214E-20  2.95735E-20  8.37452E-19  2.1E-06
   5.00000E+05  1.20205E-17  9.34242E-21  2.54231E-20  8.06811E-19  2.0E-06
   6.00000E+05  1.14550E-17  7.13915E-21  1.95832E-20  7.62156E-19  1.0E-07
   7.00000E+05  1.10595E-17  5.69233E-21  1.57110E-20  7.31222E-19  1.0E-07
   8.00000E+05  1.07702E-17  4.68003E-21  1.29803E-20  7.08790E-19  3.7E-07
   9.00000E+05  1.05512E-17  3.93773E-21  1.09649E-20  6.91967E-19  1.0E-07
   1.00000E+06  1.03810E-17  3.37343E-21  9.42443E-21  6.78944E-19  1.0E-07
   1.25000E+06  1.01132E-17  2.45101E-21  6.88825E-21  0.00000E+00  1.0E-07
   1.50000E+06  9.93226E-18  1.86881E-21  5.27484E-21  0.00000E+00  1.0E-07
   1.75000E+06  9.84980E-18  1.48663E-21  4.20972E-21  0.00000E+00  1.0E-05
   2.00000E+06  9.75315E-18  1.21290E-21  3.44312E-21  0.00000E+00  1.0E-05
   2.50000E+06  9.63139E-18  8.59511E-22  2.44884E-21  0.00000E+00  1.0E-05
   3.00000E+06  9.56045E-18  6.45740E-22  1.84456E-21  0.00000E+00  1.0E-05
   3.50000E+06  9.51472E-18  5.05325E-22  1.44631E-21  0.00000E+00  1.0E-05
   4.00000E+06  9.48507E-18  4.07571E-22  1.16835E-21  0.00000E+00  1.0E-05
   4.50000E+06  9.45871E-18  3.36491E-22  9.65841E-22  0.00000E+00  1.0E-05
   5.00000E+06  9.46088E-18  2.83119E-22  8.13545E-22  0.00000E+00  1.0E-05
   6.00000E+06  9.42569E-18  2.09123E-22  6.01975E-22  0.00000E+00  1.0E-05
   7.00000E+06  9.41056E-18  1.61374E-22  4.65178E-22  0.00000E+00  1.0E-05
   8.00000E+06  9.40253E-18  1.28634E-22  3.71227E-22  0.00000E+00  1.0E-05
   9.00000E+06  9.39656E-18  1.05140E-22  3.03721E-22  0.00000E+00  1.0E-05
   1.00000E+07  9.39103E-18  8.76723E-23  2.53477E-22  0.00000E+00  1.0E-05
   1.25000E+07  9.38426E-18  5.94539E-23  1.72191E-22  0.00000E+00  1.0E-05
   1.50000E+07  9.37970E-18  4.31377E-23  1.25110E-22  0.00000E+00  1.0E-05
   1.75000E+07  9.37662E-18  3.28155E-23  9.52851E-23  0.00000E+00  1.0E-05
   2.00000E+07  9.37522E-18  2.58535E-23  7.51477E-23  0.00000E+00  1.0E-05
   2.50000E+07  9.37474E-18  1.73023E-23  5.03843E-23  0.00000E+00  1.0E-05
   3.00000E+07  9.37663E-18  1.24270E-23  3.62472E-23  0.00000E+00  1.0E-05
   3.50000E+07  9.37570E-18  9.37406E-24  2.73851E-23  0.00000E+00  1.0E-05
   4.00000E+07  9.37551E-18  7.33129E-24  2.14501E-23  0.00000E+00  1.0E-05
   4.50000E+07  9.37788E-18  5.89433E-24  1.72718E-23  0.00000E+00  1.0E-05
   5.00000E+07  9.37250E-18  4.84387E-24  1.42150E-23  0.00000E+00  1.0E-05
   6.00000E+07  9.37250E-18  3.43948E-24  1.01235E-23  0.00000E+00  1.0E-05
   7.00000E+07  9.37581E-18  2.56733E-24  7.57782E-24  0.00000E+00  1.0E-05
   8.00000E+07  9.37539E-18  1.98819E-24  5.88347E-24  0.00000E+00  1.0E-05
   9.00000E+07  9.37505E-18  1.58418E-24  4.69835E-24  0.00000E+00  1.0E-05
   1.00000E+08  9.37597E-18  1.29137E-24  3.83704E-24  0.00000E+00  1.0E-05
   1.25000E+08  9.37457E-18  8.35202E-25  2.48962E-24  0.00000E+00  1.0E-05
   1.50000E+08  9.37327E-18  5.83733E-25  1.74331E-24  0.00000E+00  1.0E-05
   1.75000E+08  9.37254E-18  4.30723E-25  1.28786E-24  0.00000E+00  1.0E-05
   2.00000E+08  9.37232E-18  3.30794E-25  9.89838E-25  0.00000E+00  1.0E-05
   2.50000E+08  9.37355E-18  2.12587E-25  6.36715E-25  0.00000E+00  6.2E-05
   3.00000E+08  9.37484E-18  1.48019E-25  4.43549E-25  0.00000E+00  6.1E-05
   3.50000E+08  9.37477E-18  1.08936E-25  3.26536E-25  0.00000E+00  6.5E-05
   4.00000E+08  9.37421E-18  8.35065E-26  2.50359E-25  0.00000E+00  1.7E-04
   4.50000E+08  9.37518E-18  6.60371E-26  1.98011E-25  0.00000E+00  1.0E+00
   5.00000E+08  9.36938E-18  5.35241E-26  1.60507E-25  0.00000E+00  1.0E+00
   6.00000E+08  9.36579E-18  3.71996E-26  1.11567E-25  0.00000E+00  1.0E+00
   7.00000E+08  9.36386E-18  2.73424E-26  8.20102E-26  0.00000E+00  1.0E+00
   8.00000E+08  9.35507E-18  2.09379E-26  6.28036E-26  0.00000E+00  1.0E+00
   9.00000E+08  9.34361E-18  1.65445E-26  4.96272E-26  0.00000E+00  1.0E+00
   1.00000E+09  9.32963E-18  1.34012E-26  4.01994E-26  0.00000E+00  1.0E+00
