  3.76472058  3.98705838  4.15302669  4.28651994  4.44890078  4.67853228
  4.80423015  4.99004693  5.13507383  5.26484576  4.3485136  4.50958336
  4.65853136  4.78456006  4.91022394  5.04404118  5.19894904  5.32465778
  5.44308243  5.54406614  4.90595896  5.07330483  5.18702039  5.3038314
  5.40691818  5.53132082  5.64118535  5.75348854  5.85875156  5.94779617
  5.46334893  5.60238018  5.69564292  5.8041476  5.8894678  5.99285382
  6.09732768  6.18218943  6.2627769  6.34484457  5.99764225  6.10566271
  6.20021598  6.27576875  6.35061174  6.43623943  6.51888037  6.6002415
  6.67118051  6.7270066  6.50062542  6.59579974  6.69032527  6.7408832
  6.81089152  6.88153421  6.95069497  7.01002281  7.07316564  7.1171143
  4.99355818  5.19343191  5.34380589  5.44983465  5.56404145  5.69244148
  5.80684623  5.92741804  6.06592037  6.15351617  5.43107735  5.55603622
  5.65741852  5.74070322  5.82832958  5.91953466  6.01753353  6.10532736
  6.18292714  6.24561707  5.8773887  5.98207367  6.06589241  6.14597628
  6.21845281  6.29191408  6.36756842  6.4280267  6.51066842  6.56373202
  6.2998038  6.38317308  6.45584094  6.515671  6.56894442  6.6337254
  6.69683141  6.75831744  6.81489389  6.87435129  6.69767724  6.76993611
  6.83284121  6.88313545  6.92898203  6.98922324  7.03629743  7.08321227
  7.13884037  7.18411401  7.10420039  7.16496656  7.20647135  7.24903803
  7.29360726  7.3383187  7.38121118  7.42592311  7.47180882  7.50522968
  6.10275159  6.23924465  6.33459698  6.42248901  6.48781508  6.58818708
  6.66195959  6.74874376  6.81544238  6.90059789  6.30628064  6.38528186
  6.45672465  6.51555335  6.5757627  6.62377065  6.71354777  6.76616327
  6.82286377  6.87749908  6.63854477  6.70200465  6.75833344  6.80948112
  6.85843595  6.90700696  6.97277499  7.02053846  7.06885983  7.11269568
  6.93769536  7.0025226  7.04312374  7.09642699  7.12692106  7.16958676
  7.22283141  7.26790081  7.31287428  7.35252845  7.247496  7.2979352
  7.34211537  7.38648758  7.42660013  7.45436893  7.49843388  7.53948373
  7.58105053  7.62099492  7.56749386  7.60344093  7.64700017  7.67231607
  7.70792804  7.73986207  7.78242589  7.8079095  7.84167719  7.87730334
  7.06240473  7.153231  7.21852058  7.25861562  7.32972458  7.3705562
  7.42545076  7.47961307  7.52514416  7.57162739  7.11428077  7.16765671
  7.21847587  7.25165412  7.30148147  7.34430404  7.38018787  7.42062916
  7.46698495  7.51420308  7.34399114  7.39111801  7.43349602  7.46842176
  7.50198037  7.54535976  7.57789462  7.62387849  7.65092271  7.69017888
  7.57397648  7.60781942  7.63856879  7.67366147  7.70767906  7.7411287
  7.76888168  7.81009258  7.85123779  7.87469476  7.81060292  7.8484429
  7.86834827  7.90686053  7.93197412  7.95349227  7.99037467  8.02476928
  8.05034206  8.08534671  8.04958608  8.08580946  8.10714178  8.13832527
  8.15876167  8.19260574  8.21466871  8.24214474  8.27307227  8.29747849
  5.99070525  6.1272249  6.2178866  6.29137042  6.38982096  6.46600515
  6.55694097  6.64199967  6.72048586  6.80000969  6.18858779  6.27481493
  6.3609646  6.41092038  6.47564841  6.53537952  6.60935157  6.66967427
  6.72034846  6.78813925  6.53958243  6.60696626  6.65569784  6.71516489
  6.7606283  6.82256346  6.87004832  6.93046414  6.97509951  7.02879261
  6.85109485  6.91520604  6.96036639  7.00361775  7.04935452  7.09125725
  7.14966622  7.19021622  7.24420501  7.27953278  7.17129919  7.22653726
  7.25745815  7.3028032  7.35031447  7.37711903  7.43220294  7.46941495
  7.50612667  7.54964584  7.49050326  7.54129752  7.57800552  7.60852448
  7.64005116  7.67957367  7.71610837  7.73932021  7.78540735  7.81407306
  6.77429137  6.85824202  6.92084043  6.99841716  7.04694178  7.12444991
  7.19185767  7.25952134  7.30203794  7.34774505  6.8534164  6.91782432
  6.96673302  7.02376944  7.05255402  7.11431041  7.16785899  7.21296643
  7.26019726  7.3044611  7.10670914  7.16912858  7.21327897  7.25545639
  7.29156018  7.33736999  7.3820905  7.42450118  7.46235162  7.49966882
  7.36910699  7.40983351  7.44640104  7.48682985  7.52122492  7.562327
  7.59875257  7.62829976  7.67079708  7.70917071  7.62586555  7.66417462
  7.70102952  7.72710191  7.76584561  7.7938797  7.82741801  7.86744496
  7.90081293  7.92015657  7.88921416  7.9270166  7.95458696  7.97846066
  8.0089677  8.0404912  8.06979252  8.10659538  8.1242306  8.15089005
